-0.50000 5.03563488 0.13666640 1.96435102 
-0.49900 5.03580085 0.13599886 1.96436864 
-0.49800 5.03596837 0.13534210 1.96438622 
-0.49700 5.03613745 0.13469595 1.96440374 
-0.49600 5.03630810 0.13406023 1.96442122 
-0.49499 5.03648030 0.13343477 1.96443866 
-0.49399 5.03665406 0.13281941 1.96445605 
-0.49299 5.03682938 0.13221400 1.96447340 
-0.49199 5.03700626 0.13161837 1.96449071 
-0.49099 5.03718470 0.13103237 1.96450798 
-0.48999 5.03736471 0.13045585 1.96452521 
-0.48899 5.03754627 0.12988867 1.96454241 
-0.48799 5.03772939 0.12933068 1.96455956 
-0.48699 5.03791407 0.12878174 1.96457668 
-0.48599 5.03810031 0.12824172 1.96459376 
-0.48498 5.03828812 0.12771048 1.96461081 
-0.48398 5.03847748 0.12718789 1.96462782 
-0.48298 5.03866840 0.12667383 1.96464480 
-0.48198 5.03886088 0.12616817 1.96466174 
-0.48098 5.03905493 0.12567078 1.96467864 
-0.47998 5.03925053 0.12518155 1.96469551 
-0.47898 5.03944769 0.12470036 1.96471235 
-0.47798 5.03964642 0.12422710 1.96472915 
-0.47698 5.03984670 0.12376166 1.96474592 
-0.47598 5.04004854 0.12330391 1.96476265 
-0.47497 5.04025193 0.12285377 1.96477934 
-0.47397 5.04045689 0.12241112 1.96479600 
-0.47297 5.04066340 0.12197586 1.96481263 
-0.47197 5.04087147 0.12154789 1.96482921 
-0.47097 5.04108109 0.12112712 1.96484576 
-0.46997 5.04129227 0.12071344 1.96486227 
-0.46897 5.04150500 0.12030676 1.96487874 
-0.46797 5.04171929 0.11990700 1.96489517 
-0.46697 5.04193513 0.11951406 1.96491156 
-0.46597 5.04215251 0.11912784 1.96492791 
-0.46496 5.04237145 0.11874828 1.96494422 
-0.46396 5.04259193 0.11837528 1.96496048 
-0.46296 5.04281396 0.11800876 1.96497669 
-0.46196 5.04303753 0.11764864 1.96499286 
-0.46096 5.04326265 0.11729484 1.96500898 
-0.45996 5.04348931 0.11694728 1.96502504 
-0.45896 5.04371751 0.11660589 1.96504106 
-0.45796 5.04394724 0.11627059 1.96505702 
-0.45696 5.04417851 0.11594132 1.96507293 
-0.45596 5.04441131 0.11561799 1.96508878 
-0.45495 5.04464564 0.11530055 1.96510457 
-0.45395 5.04488150 0.11498892 1.96512030 
-0.45295 5.04511889 0.11468304 1.96513597 
-0.45195 5.04535779 0.11438283 1.96515157 
-0.45095 5.04559822 0.11408825 1.96516711 
-0.44995 5.04584016 0.11379922 1.96518257 
-0.44895 5.04608361 0.11351569 1.96519796 
-0.44795 5.04632858 0.11323759 1.96521328 
-0.44695 5.04657505 0.11296487 1.96522852 
-0.44595 5.04682302 0.11269747 1.96524367 
-0.44494 5.04707249 0.11243533 1.96525875 
-0.44394 5.04732346 0.11217840 1.96527374 
-0.44294 5.04757591 0.11192663 1.96528863 
-0.44194 5.04782985 0.11167996 1.96530344 
-0.44094 5.04808528 0.11143835 1.96531815 
-0.43994 5.04834217 0.11120174 1.96533276 
-0.43894 5.04860055 0.11097008 1.96534727 
-0.43794 5.04886038 0.11074333 1.96536167 
-0.43694 5.04912168 0.11052144 1.96537596 
-0.43594 5.04938444 0.11030436 1.96539014 
-0.43493 5.04964864 0.11009205 1.96540420 
-0.43393 5.04991430 0.10988447 1.96541814 
-0.43293 5.05018139 0.10968157 1.96543196 
-0.43193 5.05044991 0.10948331 1.96544564 
-0.43093 5.05071986 0.10928965 1.96545919 
-0.42993 5.05099123 0.10910056 1.96547261 
-0.42893 5.05126401 0.10891598 1.96548588 
-0.42793 5.05153820 0.10873589 1.96549900 
-0.42693 5.05181379 0.10856025 1.96551198 
-0.42593 5.05209077 0.10838902 1.96552479 
-0.42492 5.05236913 0.10822217 1.96553745 
-0.42392 5.05264888 0.10805966 1.96554994 
-0.42292 5.05292999 0.10790146 1.96556226 
-0.42192 5.05321246 0.10774753 1.96557440 
-0.42092 5.05349628 0.10759785 1.96558636 
-0.41992 5.05378145 0.10745238 1.96559813 
-0.41892 5.05406795 0.10731109 1.96560971 
-0.41792 5.05435577 0.10717395 1.96562109 
-0.41692 5.05464492 0.10704095 1.96563227 
-0.41592 5.05493537 0.10691203 1.96564323 
-0.41491 5.05522711 0.10678719 1.96565398 
-0.41391 5.05552015 0.10666639 1.96566451 
-0.41291 5.05581446 0.10654961 1.96567480 
-0.41191 5.05611003 0.10643682 1.96568486 
-0.41091 5.05640686 0.10632800 1.96569468 
-0.40991 5.05670494 0.10622313 1.96570425 
-0.40891 5.05700425 0.10612218 1.96571357 
-0.40791 5.05730478 0.10602513 1.96572262 
-0.40691 5.05760652 0.10593196 1.96573140 
-0.40591 5.05790946 0.10584264 1.96573990 
-0.40490 5.05821359 0.10575717 1.96574812 
-0.40390 5.05851889 0.10567552 1.96575604 
-0.40290 5.05882535 0.10559766 1.96576367 
-0.40190 5.05913296 0.10552359 1.96577099 
-0.40090 5.05944170 0.10545329 1.96577799 
-0.39990 5.05975156 0.10538673 1.96578467 
-0.39890 5.06006253 0.10532390 1.96579101 
-0.39790 5.06037460 0.10526480 1.96579702 
-0.39690 5.06068774 0.10520939 1.96580267 
-0.39590 5.06100195 0.10515768 1.96580797 
-0.39489 5.06131720 0.10510964 1.96581289 
-0.39389 5.06163349 0.10506526 1.96581745 
-0.39289 5.06195080 0.10502453 1.96582161 
-0.39189 5.06226912 0.10498744 1.96582538 
-0.39089 5.06258842 0.10495397 1.96582875 
-0.38989 5.06290869 0.10492413 1.96583170 
-0.38889 5.06322991 0.10489789 1.96583422 
-0.38789 5.06355208 0.10487524 1.96583631 
-0.38689 5.06387516 0.10485619 1.96583796 
-0.38589 5.06419915 0.10484072 1.96583914 
-0.38488 5.06452402 0.10482882 1.96583986 
-0.38388 5.06484976 0.10482048 1.96584011 
-0.38288 5.06517635 0.10481571 1.96583986 
-0.38188 5.06550378 0.10481450 1.96583912 
-0.38088 5.06583201 0.10481683 1.96583786 
-0.37988 5.06616104 0.10482271 1.96583608 
-0.37888 5.06649084 0.10483212 1.96583377 
-0.37788 5.06682139 0.10484508 1.96583091 
-0.37688 5.06715268 0.10486157 1.96582748 
-0.37588 5.06748468 0.10488160 1.96582349 
-0.37487 5.06781738 0.10490516 1.96581891 
-0.37387 5.06815075 0.10493224 1.96581373 
-0.37287 5.06848477 0.10496286 1.96580795 
-0.37187 5.06881942 0.10499701 1.96580153 
-0.37087 5.06915468 0.10503469 1.96579448 
-0.36987 5.06949053 0.10507590 1.96578678 
-0.36887 5.06982694 0.10512065 1.96577841 
-0.36787 5.07016389 0.10516893 1.96576937 
-0.36687 5.07050136 0.10522075 1.96575962 
-0.36587 5.07083932 0.10527612 1.96574917 
-0.36486 5.07117776 0.10533504 1.96573799 
-0.36386 5.07151665 0.10539751 1.96572608 
-0.36286 5.07185596 0.10546354 1.96571340 
-0.36186 5.07219567 0.10553313 1.96569996 
-0.36086 5.07253576 0.10560629 1.96568573 
-0.35986 5.07287619 0.10568304 1.96567069 
-0.35886 5.07321696 0.10576337 1.96565484 
-0.35786 5.07355802 0.10584730 1.96563814 
-0.35686 5.07389936 0.10593483 1.96562060 
-0.35586 5.07424094 0.10602597 1.96560218 
-0.35485 5.07458275 0.10612074 1.96558287 
-0.35385 5.07492475 0.10621915 1.96556265 
-0.35285 5.07526692 0.10632121 1.96554151 
-0.35185 5.07560923 0.10642693 1.96551942 
-0.35085 5.07595166 0.10653632 1.96549637 
-0.34985 5.07629417 0.10664939 1.96547234 
-0.34885 5.07663674 0.10676617 1.96544730 
-0.34785 5.07697934 0.10688667 1.96542125 
-0.34685 5.07732195 0.10701089 1.96539415 
-0.34585 5.07766452 0.10713887 1.96536598 
-0.34484 5.07800704 0.10727061 1.96533674 
-0.34384 5.07834948 0.10740614 1.96530639 
-0.34284 5.07869179 0.10754547 1.96527491 
-0.34184 5.07903397 0.10768862 1.96524229 
-0.34084 5.07937597 0.10783561 1.96520849 
-0.33984 5.07971776 0.10798646 1.96517350 
-0.33884 5.08005932 0.10814119 1.96513730 
-0.33784 5.08040061 0.10829983 1.96509985 
-0.33684 5.08074161 0.10846240 1.96506114 
-0.33584 5.08108227 0.10862892 1.96502115 
-0.33483 5.08142258 0.10879941 1.96497984 
-0.33383 5.08176249 0.10897391 1.96493720 
-0.33283 5.08210199 0.10915243 1.96489319 
-0.33183 5.08244102 0.10933500 1.96484780 
-0.33083 5.08277957 0.10952166 1.96480100 
-0.32983 5.08311760 0.10971243 1.96475275 
-0.32883 5.08345507 0.10990733 1.96470304 
-0.32783 5.08379196 0.11010640 1.96465183 
-0.32683 5.08412823 0.11030967 1.96459910 
-0.32583 5.08446384 0.11051717 1.96454482 
-0.32482 5.08479877 0.11072894 1.96448895 
-0.32382 5.08513298 0.11094500 1.96443148 
-0.32282 5.08546644 0.11116540 1.96437238 
-0.32182 5.08579911 0.11139016 1.96431160 
-0.32082 5.08613096 0.11161932 1.96424912 
-0.31982 5.08646195 0.11185292 1.96418491 
-0.31882 5.08679206 0.11209101 1.96411894 
-0.31782 5.08712124 0.11233360 1.96405118 
-0.31682 5.08744946 0.11258076 1.96398158 
-0.31582 5.08777668 0.11283252 1.96391013 
-0.31481 5.08810288 0.11308891 1.96383678 
-0.31381 5.08842802 0.11334999 1.96376150 
-0.31281 5.08875206 0.11361580 1.96368426 
-0.31181 5.08907496 0.11388638 1.96360501 
-0.31081 5.08939669 0.11416178 1.96352373 
-0.30981 5.08971723 0.11444205 1.96344038 
-0.30881 5.09003652 0.11472723 1.96335492 
-0.30781 5.09035454 0.11501738 1.96326731 
-0.30681 5.09067125 0.11531255 1.96317751 
-0.30581 5.09098661 0.11561279 1.96308548 
-0.30480 5.09130060 0.11591814 1.96299119 
-0.30380 5.09161317 0.11622868 1.96289459 
-0.30280 5.09192429 0.11654445 1.96279565 
-0.30180 5.09223393 0.11686551 1.96269431 
-0.30080 5.09254204 0.11719192 1.96259054 
-0.29980 5.09284860 0.11752374 1.96248429 
-0.29880 5.09315357 0.11786103 1.96237552 
-0.29780 5.09345692 0.11820385 1.96226418 
-0.29680 5.09375860 0.11855227 1.96215024 
-0.29580 5.09405859 0.11890635 1.96203363 
-0.29479 5.09435685 0.11926617 1.96191432 
-0.29379 5.09465335 0.11963178 1.96179225 
-0.29279 5.09494805 0.12000326 1.96166738 
-0.29179 5.09524092 0.12038068 1.96153966 
-0.29079 5.09553193 0.12076411 1.96140904 
-0.28979 5.09582103 0.12115363 1.96127546 
-0.28879 5.09610821 0.12154932 1.96113887 
-0.28779 5.09639342 0.12195125 1.96099922 
-0.28679 5.09667663 0.12235950 1.96085645 
-0.28579 5.09695781 0.12277416 1.96071052 
-0.28478 5.09723693 0.12319531 1.96056135 
-0.28378 5.09751396 0.12362304 1.96040891 
-0.28278 5.09778887 0.12405742 1.96025311 
-0.28178 5.09806162 0.12449856 1.96009392 
-0.28078 5.09833218 0.12494654 1.95993126 
-0.27978 5.09860053 0.12540146 1.95976508 
-0.27878 5.09886663 0.12586341 1.95959532 
-0.27778 5.09913046 0.12633249 1.95942190 
-0.27678 5.09939199 0.12680880 1.95924476 
-0.27578 5.09965119 0.12729245 1.95906384 
-0.27477 5.09990803 0.12778352 1.95887908 
-0.27377 5.10016249 0.12828214 1.95869039 
-0.27277 5.10041454 0.12878842 1.95849772 
-0.27177 5.10066415 0.12930245 1.95830099 
-0.27077 5.10091131 0.12982437 1.95810012 
-0.26977 5.10115598 0.13035428 1.95789505 
-0.26877 5.10139814 0.13089230 1.95768570 
-0.26777 5.10163778 0.13143855 1.95747199 
-0.26677 5.10187487 0.13199317 1.95725385 
-0.26577 5.10210939 0.13255627 1.95703119 
-0.26476 5.10234132 0.13312799 1.95680393 
-0.26376 5.10257064 0.13370847 1.95657200 
-0.26276 5.10279734 0.13429783 1.95633530 
-0.26176 5.10302140 0.13489621 1.95609375 
-0.26076 5.10324280 0.13550377 1.95584727 
-0.25976 5.10346153 0.13612064 1.95559576 
-0.25876 5.10367759 0.13674698 1.95533913 
-0.25776 5.10389094 0.13738293 1.95507729 
-0.25676 5.10410160 0.13802866 1.95481015 
-0.25576 5.10430954 0.13868432 1.95453760 
-0.25475 5.10451477 0.13935008 1.95425955 
-0.25375 5.10471726 0.14002610 1.95397591 
-0.25275 5.10491703 0.14071256 1.95368656 
-0.25175 5.10511407 0.14140963 1.95339140 
-0.25075 5.10530838 0.14211749 1.95309033 
-0.24975 5.10549995 0.14283633 1.95278324 
-0.24875 5.10568880 0.14356632 1.95247001 
-0.24775 5.10587492 0.14430768 1.95215054 
-0.24675 5.10605832 0.14506058 1.95182470 
-0.24575 5.10623902 0.14582523 1.95149238 
-0.24474 5.10641702 0.14660185 1.95115346 
-0.24374 5.10659233 0.14739064 1.95080781 
-0.24274 5.10676497 0.14819182 1.95045531 
-0.24174 5.10693496 0.14900560 1.95009583 
-0.24074 5.10710232 0.14983223 1.94972924 
-0.23974 5.10726707 0.15067192 1.94935541 
-0.23874 5.10742923 0.15152493 1.94897420 
-0.23774 5.10758884 0.15239149 1.94858546 
-0.23674 5.10774592 0.15327185 1.94818906 
-0.23574 5.10790051 0.15416627 1.94778484 
-0.23473 5.10805265 0.15507502 1.94737267 
-0.23373 5.10820237 0.15599837 1.94695239 
-0.23273 5.10834973 0.15693658 1.94652383 
-0.23173 5.10849475 0.15788995 1.94608685 
-0.23073 5.10863751 0.15885876 1.94564127 
-0.22973 5.10877804 0.15984332 1.94518694 
-0.22873 5.10891641 0.16084393 1.94472368 
-0.22773 5.10905268 0.16186090 1.94425131 
-0.22673 5.10918692 0.16289455 1.94376966 
-0.22573 5.10931919 0.16394523 1.94327854 
-0.22472 5.10944957 0.16501325 1.94277778 
-0.22372 5.10957814 0.16609898 1.94226716 
-0.22272 5.10970499 0.16720277 1.94174651 
-0.22172 5.10983019 0.16832499 1.94121562 
-0.22072 5.10995386 0.16946601 1.94067427 
-0.21972 5.11007607 0.17062622 1.94012228 
-0.21872 5.11019695 0.17180601 1.93955940 
-0.21772 5.11031659 0.17300580 1.93898544 
-0.21672 5.11043513 0.17422601 1.93840015 
-0.21572 5.11055267 0.17546705 1.93780331 
-0.21471 5.11066934 0.17672938 1.93719468 
-0.21371 5.11078529 0.17801346 1.93657402 
-0.21271 5.11090066 0.17931973 1.93594107 
-0.21171 5.11101558 0.18064870 1.93529558 
-0.21071 5.11113023 0.18200085 1.93463729 
-0.20971 5.11124477 0.18337668 1.93396592 
-0.20871 5.11135936 0.18477673 1.93328121 
-0.20771 5.11147418 0.18620153 1.93258286 
-0.20671 5.11158944 0.18765162 1.93187059 
-0.20571 5.11170532 0.18912759 1.93114409 
-0.20470 5.11182203 0.19063001 1.93040306 
-0.20370 5.11193978 0.19215950 1.92964719 
-0.20270 5.11205882 0.19371666 1.92887614 
-0.20170 5.11217936 0.19530213 1.92808960 
-0.20070 5.11230167 0.19691659 1.92728721 
-0.19970 5.11242599 0.19856070 1.92646862 
-0.19870 5.11255261 0.20023516 1.92563348 
-0.19770 5.11268179 0.20194070 1.92478141 
-0.19670 5.11281385 0.20367805 1.92391203 
-0.19570 5.11294908 0.20544798 1.92302495 
-0.19469 5.11308780 0.20725128 1.92211976 
-0.19369 5.11323036 0.20908876 1.92119605 
-0.19269 5.11337711 0.21096127 1.92025340 
-0.19169 5.11352840 0.21286967 1.91929135 
-0.19069 5.11368463 0.21481484 1.91830947 
-0.18969 5.11384619 0.21679773 1.91730728 
-0.18869 5.11401349 0.21881927 1.91628430 
-0.18769 5.11418698 0.22088045 1.91524004 
-0.18669 5.11436709 0.22298229 1.91417398 
-0.18569 5.11455431 0.22512584 1.91308561 
-0.18468 5.11474913 0.22731218 1.91197437 
-0.18368 5.11495205 0.22954243 1.91083971 
-0.18268 5.11516362 0.23181776 1.90968106 
-0.18168 5.11538439 0.23413937 1.90849781 
-0.18068 5.11561495 0.23650849 1.90728936 
-0.17968 5.11585590 0.23892640 1.90605507 
-0.17868 5.11610787 0.24139444 1.90479428 
-0.17768 5.11637153 0.24391398 1.90350632 
-0.17668 5.11664756 0.24648645 1.90219049 
-0.17568 5.11693669 0.24911332 1.90084607 
-0.17467 5.11723966 0.25179612 1.89947230 
-0.17367 5.11755725 0.25453643 1.89806843 
-0.17267 5.11789029 0.25733589 1.89663365 
-0.17167 5.11823961 0.26019621 1.89516713 
-0.17067 5.11860611 0.26311916 1.89366803 
-0.16967 5.11899072 0.26610656 1.89213544 
-0.16867 5.11939439 0.26916031 1.89056847 
-0.16767 5.11981815 0.27228240 1.88896615 
-0.16667 5.12026304 0.27547487 1.88732750 
-0.16567 5.12073017 0.27873985 1.88565150 
-0.16466 5.12122067 0.28207956 1.88393710 
-0.16366 5.12173575 0.28549630 1.88218319 
-0.16266 5.12227667 0.28899246 1.88038863 
-0.16166 5.12284472 0.29257053 1.87855224 
-0.16066 5.12344128 0.29623310 1.87667279 
-0.15966 5.12406776 0.29998287 1.87474901 
-0.15866 5.12472567 0.30382265 1.87277956 
-0.15766 5.12541656 0.30775536 1.87076306 
-0.15666 5.12614206 0.31178405 1.86869808 
-0.15566 5.12690388 0.31591190 1.86658312 
-0.15465 5.12770379 0.32014224 1.86441663 
-0.15365 5.12854366 0.32447850 1.86219698 
-0.15265 5.12942544 0.32892432 1.85992248 
-0.15165 5.13035117 0.33348346 1.85759137 
-0.15065 5.13132298 0.33815985 1.85520181 
-0.14965 5.13234312 0.34295763 1.85275188 
-0.14865 5.13341392 0.34788108 1.85023957 
-0.14765 5.13453784 0.35293473 1.84766280 
-0.14665 5.13571745 0.35812327 1.84501938 
-0.14565 5.13695544 0.36345164 1.84230700 
-0.14464 5.13825463 0.36892503 1.83952329 
-0.14364 5.13961799 0.37454883 1.83666573 
-0.14264 5.14104863 0.38032875 1.83373168 
-0.14164 5.14254979 0.38627073 1.83071840 
-0.14064 5.14412490 0.39238103 1.82762299 
-0.13964 5.14577756 0.39866623 1.82444242 
-0.13864 5.14751152 0.40513323 1.82117350 
-0.13764 5.14933076 0.41178930 1.81781288 
-0.13664 5.15123943 0.41864206 1.81435702 
-0.13564 5.15324191 0.42569957 1.81080223 
-0.13463 5.15534280 0.43297028 1.80714458 
-0.13363 5.15754693 0.44046312 1.80337996 
-0.13263 5.15985940 0.44818750 1.79950401 
-0.13163 5.16228556 0.45615336 1.79551214 
-0.13063 5.16483105 0.46437116 1.79139949 
-0.12963 5.16750182 0.47285200 1.78716091 
-0.12863 5.17030412 0.48160758 1.78279097 
-0.12763 5.17324456 0.49065030 1.77828389 
-0.12663 5.17633007 0.49999326 1.77363355 
-0.12563 5.17956800 0.50965038 1.76883344 
-0.12462 5.18296609 0.51963639 1.76387665 
-0.12362 5.18653249 0.52996693 1.75875580 
-0.12262 5.19027582 0.54065860 1.75346305 
-0.12162 5.19420518 0.55172906 1.74799000 
-0.12062 5.19833017 0.56319707 1.74232771 
-0.11962 5.20266094 0.57508262 1.73646658 
-0.11862 5.20720820 0.58740699 1.73039635 
-0.11762 5.21198328 0.60019288 1.72410597 
-0.11662 5.21699814 0.61346452 1.71758359 
-0.11562 5.22226543 0.62724777 1.71081643 
-0.11461 5.22779851 0.64157030 1.70379073 
-0.11361 5.23361147 0.65646169 1.69649160 
-0.11261 5.23971922 0.67195364 1.68890290 
-0.11161 5.24613748 0.68808012 1.68100713 
-0.11061 5.25288285 0.70487757 1.67278527 
-0.10961 5.25997281 0.72238513 1.66421658 
-0.10861 5.26742576 0.74064485 1.65527836 
-0.10761 5.27526106 0.75970197 1.64594579 
-0.10661 5.28349900 0.77960519 1.63619156 
-0.10561 5.29216083 0.80040695 1.62598557 
-0.10460 5.30126870 0.82216379 1.61529455 
-0.10360 5.31084562 0.84493671 1.60408156 
-0.10260 5.32091535 0.86879148 1.59230545 
-0.10160 5.33150226 0.89379910 1.57992020 
-0.10060 5.34263107 0.92003618 1.56687408 
-0.09960 5.35432650 0.94758533 1.55310865 
-0.09860 5.36661282 0.97653560 1.53855758 
-0.09760 5.37951312 1.00698275 1.52314509 
-0.09660 5.39304841 1.03902955 1.50678399 
-0.09560 5.40723618 1.07278588 1.48937329 
-0.09459 5.42208863 1.10836847 1.47079495 
-0.09359 5.43760998 1.14590033 1.45090974 
-0.09259 5.45379285 1.18550935 1.42955157 
-0.09159 5.47061309 1.22732579 1.40651987 
-0.09059 5.48802256 1.27147790 1.38156877 
-0.08959 5.50593888 1.31808463 1.35439169 
-0.08859 5.52423106 1.36724340 1.32459826 
-0.08759 5.54269973 1.41901005 1.29167888 
-0.08659 5.56105148 1.47336548 1.25494726 
-0.08559 5.57887209 1.53016071 1.21344273 
-0.08458 5.59562661 1.58902833 1.16575275 
-0.08358 5.61082249 1.64926032 1.10966837 
-0.08258 5.62504286 1.70979999 1.04149113 
-0.08158 5.64625974 1.77091815 0.95506440 
-0.08058 5.72614394 1.85099203 0.84920294 
-0.07958 5.95561951 2.00904738 0.76466183 
-0.07858 6.26441892 2.23989446 0.71354347 
-0.07758 6.60687023 2.52602972 0.67452696 
-0.07658 6.98690089 2.87415661 0.63852527 
-0.07558 7.41970634 3.30174801 0.60155898 
-0.07457 7.92876536 3.83685618 0.56080417 
-0.07357 8.55250265 4.52493413 0.51303848 
-0.07257 9.36496700 5.44758087 0.45339897 
-0.07157 10.55594800 6.78783562 0.37710935 
-0.07057 12.75731722 9.12100530 0.31224000 
-0.06957 18.65956653 14.93958111 0.31550420 
-0.06857 39.01943869 33.98729436 0.44659404 
-0.06757 44.78857259 39.71956276 0.40905617 
-0.06657 20.11517614 17.00801038 0.18818536 
-0.06557 10.88472755 8.43232951 0.11552617 
-0.06456 7.55649976 5.33442157 0.08879272 
-0.06356 6.06690448 3.98559183 0.07451241 
-0.06256 5.24266324 3.32149510 0.06321948 
-0.06156 4.87822727 3.01845029 0.05408154 
-0.06056 5.58813048 3.08890291 0.05663049 
-0.05956 8.10580821 3.64211568 0.07643801 
-0.05856 15.01240581 5.22297590 0.13175808 
-0.05756 36.52416058 10.06024922 0.29661897 
-0.05656 66.28176369 16.75976244 0.49492332 
-0.05556 30.92760053 9.27724939 0.21106182 
-0.05455 12.93625833 5.68441026 0.08018341 
-0.05355 6.88033699 4.81840898 0.03844093 
-0.05255 4.35548088 4.88506277 0.02170669 
-0.05155 3.11664145 5.46855666 0.01364689 
-0.05055 2.45736108 6.54504336 0.00924414 
-0.04955 2.11833531 8.29869227 0.00662283 
-0.04855 2.01000275 11.19227974 0.00497737 
-0.04755 2.14667131 16.30701323 0.00394088 
-0.04655 2.69168965 26.46982285 0.00338941 
-0.04555 4.24440417 50.58223029 0.00349757 
-0.04454 9.09715013 121.80125742 0.00540089 
-0.04354 18.60765103 259.80874048 0.01055813 
-0.04254 10.41121179 142.87516803 0.00699070 
-0.04154 4.53663076 59.19135477 0.00365203 
-0.04054 2.62911162 32.52504942 0.00233907 
-0.03954 1.91848695 23.08678508 0.00170105 
-0.03854 1.68085471 20.55825154 0.00133164 
-0.03754 1.75065597 22.74786999 0.00110501 
-0.03654 2.21253465 31.34037552 0.00099887 
-0.03554 3.56558170 54.95028825 0.00110879 
-0.03453 7.79063744 127.38867077 0.00197373 
-0.03353 16.57891073 277.52100402 0.00477181 
-0.03253 9.54317745 157.96220809 0.00374022 
-0.03153 3.94495514 62.83461554 0.00209611 
-0.03053 2.08542734 31.37880850 0.00141226 
-0.02953 1.32603205 18.64209901 0.00107677 
-0.02853 0.94824339 12.38537730 0.00087998 
-0.02753 0.73237957 8.86877409 0.00074953 
-0.02653 0.59628845 6.69522401 0.00065561 
-0.02553 0.50404994 5.25492244 0.00058405 
-0.02452 0.43800053 4.24874338 0.00052725 
-0.02352 0.38863402 3.51623891 0.00048083 
-0.02252 0.35045697 2.96508372 0.00044201 
-0.02152 0.32010702 2.53906332 0.00040900 
-0.02052 0.29542641 2.20232585 0.00038053 
-0.01952 0.27497441 1.93110440 0.00035571 
-0.01852 0.25775609 1.70911927 0.00033387 
-0.01752 0.24306425 1.52490240 0.00031450 
-0.01652 0.23038339 1.37017695 0.00029723 
-0.01552 0.21932943 1.23884148 0.00028173 
-0.01451 0.20961060 1.12631354 0.00026775 
-0.01351 0.20100143 1.02909423 0.00025510 
-0.01251 0.19332498 0.94447230 0.00024362 
-0.01151 0.18644048 0.87031886 0.00023314 
-0.01051 0.18023455 0.80494225 0.00022357 
-0.00951 0.17461485 0.74698363 0.00021481 
-0.00851 0.16950540 0.69534071 0.00020676 
-0.00751 0.16484309 0.64911122 0.00019935 
-0.00651 0.16057509 0.60755051 0.00019253 
-0.00551 0.15665682 0.57003933 0.00018623 
-0.00450 0.15305040 0.53605908 0.00018041 
-0.00350 0.14972342 0.50517264 0.00017503 
-0.00250 0.14664800 0.47700932 0.00017004 
-0.00150 0.14380003 0.45125300 0.00016542 
-0.00050 0.14115854 0.42763270 0.00016114 
0.00050 0.13870523 0.40591496 0.00015717 
0.00150 0.13642403 0.38589775 0.00015349 
0.00250 0.13430081 0.36740546 0.00015008 
0.00350 0.13232308 0.35028484 0.00014692 
0.00450 0.13047975 0.33440163 0.00014399 
0.00551 0.12876100 0.31963777 0.00014128 
0.00651 0.12715804 0.30588914 0.00013878 
0.00751 0.12566304 0.29306354 0.00013647 
0.00851 0.12426899 0.28107914 0.00013434 
0.00951 0.12296958 0.26986306 0.00013239 
0.01051 0.12175918 0.25935024 0.00013060 
0.01151 0.12063271 0.24948243 0.00012897 
0.01251 0.11958559 0.24020734 0.00012749 
0.01351 0.11861373 0.23147793 0.00012616 
0.01451 0.11771343 0.22325180 0.00012496 
0.01552 0.11688135 0.21549061 0.00012391 
0.01652 0.11611454 0.20815964 0.00012298 
0.01752 0.11541030 0.20122740 0.00012218 
0.01852 0.11476626 0.19466524 0.00012151 
0.01952 0.11418030 0.18844707 0.00012096 
0.02052 0.11365053 0.18254909 0.00012053 
0.02152 0.11317531 0.17694953 0.00012023 
0.02252 0.11275320 0.17162848 0.00012004 
0.02352 0.11238296 0.16656766 0.00011997 
0.02452 0.11206357 0.16175028 0.00012003 
0.02553 0.11179416 0.15716093 0.00012020 
0.02653 0.11157407 0.15278538 0.00012050 
0.02753 0.11140280 0.14861052 0.00012092 
0.02853 0.11128002 0.14462425 0.00012147 
0.02953 0.11120557 0.14081537 0.00012214 
0.03053 0.11117949 0.13717352 0.00012296 
0.03153 0.11120195 0.13368908 0.00012390 
0.03253 0.11127333 0.13035316 0.00012500 
0.03353 0.11139418 0.12715746 0.00012624 
0.03453 0.11156525 0.12409429 0.00012764 
0.03554 0.11178747 0.12115649 0.00012920 
0.03654 0.11206199 0.11833739 0.00013094 
0.03754 0.11239018 0.11563075 0.00013285 
0.03854 0.11277366 0.11303077 0.00013496 
0.03954 0.11321429 0.11053202 0.00013728 
0.04054 0.11371423 0.10812945 0.00013982 
0.04154 0.11427594 0.10581830 0.00014259 
0.04254 0.11490221 0.10359415 0.00014562 
0.04354 0.11559621 0.10145283 0.00014893 
0.04454 0.11636155 0.09939047 0.00015253 
0.04555 0.11720227 0.09740342 0.00015646 
0.04655 0.11812298 0.09548826 0.00016074 
0.04755 0.11912887 0.09364180 0.00016541 
0.04855 0.12022581 0.09186104 0.00017051 
0.04955 0.12142047 0.09014317 0.00017609 
0.05055 0.12272043 0.08848557 0.00018218 
0.05155 0.12413430 0.08688579 0.00018886 
0.05255 0.12567194 0.08534152 0.00019620 
0.05355 0.12734465 0.08385065 0.00020426 
0.05455 0.12916544 0.08241117 0.00021315 
0.05556 0.13114936 0.08102127 0.00022299 
0.05656 0.13331392 0.07967925 0.00023389 
0.05756 0.13567959 0.07838356 0.00024603 
0.05856 0.13827052 0.07713282 0.00025959 
0.05956 0.14111535 0.07592579 0.00027480 
0.06056 0.14424840 0.07476138 0.00029195 
0.06156 0.14771117 0.07363869 0.00031140 
0.06256 0.15155441 0.07255701 0.00033359 
0.06356 0.15584102 0.07151584 0.00035909 
0.06456 0.16065014 0.07051494 0.00038864 
0.06557 0.16608309 0.06955437 0.00042320 
0.06657 0.17227240 0.06863460 0.00046410 
0.06757 0.17939583 0.06775657 0.00051315 
0.06857 0.18769940 0.06692191 0.00057294 
0.06957 0.19753711 0.06613321 0.00064733 
0.07057 0.20944437 0.06539451 0.00074237 
0.07157 0.22428594 0.06471220 0.00086812 
0.07257 0.24358904 0.06409690 0.00104294 
0.07357 0.27041228 0.06356809 0.00130474 
0.07457 0.31209333 0.06316794 0.00174736 
0.07558 0.39039842 0.06301112 0.00266004 
0.07658 0.54979466 0.06331893 0.00470127 
0.07758 0.74825035 0.06387717 0.00750651 
0.07858 0.93216406 0.06448480 0.01042409 
0.07958 1.10803008 0.06535595 0.01356558 
0.08058 1.29223714 0.06704096 0.01721711 
0.08158 1.51761913 0.07115782 0.02193094 
0.08258 1.82197175 0.07963877 0.02851925 
0.08358 2.14622921 0.08859945 0.03694584 
0.08458 2.46577036 0.09614688 0.04793416 
0.08559 2.79806254 0.10263773 0.06396253 
0.08659 3.17153967 0.10840439 0.09167013 
0.08759 3.62152146 0.11368951 0.14963436 
0.08859 4.06707659 0.11921207 0.24039207 
0.08959 4.41270009 0.12568514 0.32255013 
0.09059 4.70908929 0.13358198 0.39245970 
0.09159 5.00718250 0.14413640 0.46043345 
0.09259 5.35105782 0.15939569 0.54478128 
0.09359 5.67874658 0.17480256 0.64846562 
0.09459 5.90876188 0.18431020 0.74107105 
0.09560 6.07208685 0.18977437 0.81925444 
0.09660 6.19422314 0.19284626 0.88685924 
0.09760 6.28839416 0.19437165 0.94654916 
0.09860 6.36223549 0.19482723 1.00002539 
0.09960 6.42063278 0.19451013 1.04843910 
0.10060 6.46694513 0.19361950 1.09261593 
0.10160 6.50360080 0.19229582 1.13317606 
0.10260 6.53241966 0.19064194 1.17060229 
0.10360 6.55480279 0.18873523 1.20528101 
0.10460 6.57185141 0.18663512 1.23752827 
0.10561 6.58444535 0.18438798 1.26760712 
0.10661 6.59329700 0.18203048 1.29573961 
0.10761 6.59898947 0.17959187 1.32211543 
0.10861 6.60200457 0.17709566 1.34689818 
0.10961 6.60274351 0.17456090 1.37023021 
0.11061 6.60154270 0.17200305 1.39223619 
0.11161 6.59868586 0.16943473 1.41302608 
0.11261 6.59441358 0.16686626 1.43269735 
0.11361 6.58893077 0.16430604 1.45133685 
0.11461 6.58241270 0.16176099 1.46902231 
0.11562 6.57500983 0.15923673 1.48582355 
0.11662 6.56685174 0.15673783 1.50180353 
0.11762 6.55805036 0.15426801 1.51701923 
0.11862 6.54870265 0.15183024 1.53152234 
0.11962 6.53889276 0.14942691 1.54535990 
0.12062 6.52869389 0.14705989 1.55857484 
0.12162 6.51816986 0.14473062 1.57120641 
0.12262 6.50737634 0.14244019 1.58329061 
0.12362 6.49636203 0.14018940 1.59486048 
0.12462 6.48516954 0.13797876 1.60594646 
0.12563 6.47383619 0.13580861 1.61657662 
0.12663 6.46239472 0.13367908 1.62677687 
0.12763 6.45087382 0.13159016 1.63657122 
0.12863 6.43929870 0.12954172 1.64598190 
0.12963 6.42769146 0.12753352 1.65502955 
0.13063 6.41607152 0.12556522 1.66373338 
0.13163 6.40445589 0.12363643 1.67211125 
0.13263 6.39285951 0.12174668 1.68017983 
0.13363 6.38129546 0.11989546 1.68795465 
0.13463 6.36977518 0.11808221 1.69545026 
0.13564 6.35830868 0.11630636 1.70268025 
0.13664 6.34690467 0.11456729 1.70965736 
0.13764 6.33557075 0.11286437 1.71639353 
0.13864 6.32431350 0.11119696 1.72289996 
0.13964 6.31313860 0.10956440 1.72918721 
0.14064 6.30205095 0.10796604 1.73526516 
0.14164 6.29105476 0.10640122 1.74114316 
0.14264 6.28015358 0.10486927 1.74682999 
0.14364 6.26935043 0.10336952 1.75233395 
0.14464 6.25864781 0.10190132 1.75766285 
0.14565 6.24804782 0.10046403 1.76282410 
0.14665 6.23755212 0.09905698 1.76782467 
0.14765 6.22716206 0.09767954 1.77267118 
0.14865 6.21687865 0.09633108 1.77736991 
0.14965 6.20670264 0.09501098 1.78192677 
0.15065 6.19663454 0.09371863 1.78634739 
0.15165 6.18667464 0.09245343 1.79063712 
0.15265 6.17682302 0.09121478 1.79480103 
0.15365 6.16707960 0.09000212 1.79884393 
0.15465 6.15744417 0.08881486 1.80277040 
0.15566 6.14791635 0.08765247 1.80658480 
0.15666 6.13849567 0.08651438 1.81029128 
0.15766 6.12918155 0.08540008 1.81389379 
0.15866 6.11997331 0.08430904 1.81739610 
0.15966 6.11087019 0.08324075 1.82080178 
0.16066 6.10187139 0.08219471 1.82411428 
0.16166 6.09297601 0.08117043 1.82733685 
0.16266 6.08418312 0.08016745 1.83047262 
0.16366 6.07549175 0.07918530 1.83352459 
0.16466 6.06690089 0.07822353 1.83649558 
0.16567 6.05840949 0.07728168 1.83938835 
0.16667 6.05001647 0.07635934 1.84220550 
0.16767 6.04172076 0.07545608 1.84494952 
0.16867 6.03352123 0.07457149 1.84762281 
0.16967 6.02541677 0.07370518 1.85022768 
0.17067 6.01740624 0.07285673 1.85276631 
0.17167 6.00948851 0.07202579 1.85524081 
0.17267 6.00166244 0.07121197 1.85765322 
0.17367 5.99392689 0.07041491 1.86000547 
0.17467 5.98628070 0.06963427 1.86229943 
0.17568 5.97872275 0.06886968 1.86453688 
0.17668 5.97125190 0.06812082 1.86671956 
0.17768 5.96386703 0.06738736 1.86884912 
0.17868 5.95656701 0.06666897 1.87092715 
0.17968 5.94935073 0.06596535 1.87295518 
0.18068 5.94221709 0.06527619 1.87493469 
0.18168 5.93516501 0.06460119 1.87686709 
0.18268 5.92819340 0.06394007 1.87875375 
0.18368 5.92130120 0.06329253 1.88059599 
0.18468 5.91448735 0.06265831 1.88239508 
0.18569 5.90775081 0.06203714 1.88415223 
0.18669 5.90109057 0.06142874 1.88586864 
0.18769 5.89450560 0.06083287 1.88754543 
0.18869 5.88799491 0.06024928 1.88918370 
0.18969 5.88155752 0.05967772 1.89078452 
0.19069 5.87519246 0.05911795 1.89234891 
0.19169 5.86889877 0.05856975 1.89387784 
0.19269 5.86267553 0.05803288 1.89537229 
0.19369 5.85652181 0.05750712 1.89683317 
0.19469 5.85043670 0.05699226 1.89826137 
0.19570 5.84441931 0.05648808 1.89965776 
0.19670 5.83846877 0.05599439 1.90102316 
0.19770 5.83258422 0.05551098 1.90235838 
0.19870 5.82676481 0.05503765 1.90366421 
0.19970 5.82100971 0.05457421 1.90494140 
0.20070 5.81531811 0.05412048 1.90619068 
0.20170 5.80968921 0.05367627 1.90741275 
0.20270 5.80412222 0.05324141 1.90860831 
0.20370 5.79861638 0.05281571 1.90977801 
0.20470 5.79317092 0.05239902 1.91092250 
0.20571 5.78778511 0.05199116 1.91204241 
0.20671 5.78245821 0.05159197 1.91313834 
0.20771 5.77718952 0.05120129 1.91421087 
0.20871 5.77197834 0.05081898 1.91526057 
0.20971 5.76682398 0.05044487 1.91628800 
0.21071 5.76172577 0.05007882 1.91729370 
0.21171 5.75668305 0.04972068 1.91827817 
0.21271 5.75169517 0.04937032 1.91924193 
0.21371 5.74676151 0.04902760 1.92018547 
0.21471 5.74188144 0.04869237 1.92110925 
0.21572 5.73705437 0.04836452 1.92201375 
0.21672 5.73227968 0.04804391 1.92289941 
0.21772 5.72755681 0.04773041 1.92376667 
0.21872 5.72288518 0.04742390 1.92461595 
0.21972 5.71826423 0.04712427 1.92544766 
0.22072 5.71369343 0.04683139 1.92626221 
0.22172 5.70917223 0.04654515 1.92705999 
0.22272 5.70470011 0.04626544 1.92784136 
0.22372 5.70027656 0.04599215 1.92860671 
0.22472 5.69590109 0.04572516 1.92935640 
0.22573 5.69157320 0.04546439 1.93009076 
0.22673 5.68729242 0.04520971 1.93081014 
0.22773 5.68305828 0.04496104 1.93151487 
0.22873 5.67887032 0.04471828 1.93220527 
0.22973 5.67472810 0.04448132 1.93288167 
0.23073 5.67063118 0.04425008 1.93354435 
0.23173 5.66657915 0.04402447 1.93419362 
0.23273 5.66257157 0.04380439 1.93482978 
0.23373 5.65860806 0.04358976 1.93545309 
0.23473 5.65468822 0.04338049 1.93606384 
0.23574 5.65081167 0.04317650 1.93666230 
0.23674 5.64697802 0.04297770 1.93724873 
0.23774 5.64318692 0.04278403 1.93782338 
0.23874 5.63943802 0.04259539 1.93838650 
0.23974 5.63573096 0.04241172 1.93893834 
0.24074 5.63206542 0.04223294 1.93947912 
0.24174 5.62844108 0.04205898 1.94000909 
0.24274 5.62485761 0.04188976 1.94052847 
0.24374 5.62131471 0.04172521 1.94103747 
0.24474 5.61781209 0.04156528 1.94153632 
0.24575 5.61434947 0.04140989 1.94202522 
0.24675 5.61092657 0.04125898 1.94250437 
0.24775 5.60754312 0.04111248 1.94297398 
0.24875 5.60419887 0.04097034 1.94343424 
0.24975 5.60089357 0.04083249 1.94388534 
0.25075 5.59762699 0.04069887 1.94432747 
0.25175 5.59439890 0.04056944 1.94476081 
0.25275 5.59120910 0.04044413 1.94518553 
0.25375 5.58805737 0.04032289 1.94560181 
0.25475 5.58494353 0.04020566 1.94600983 
0.25576 5.58186738 0.04009241 1.94640974 
0.25676 5.57882877 0.03998306 1.94680170 
0.25776 5.57582753 0.03987759 1.94718589 
0.25876 5.57286350 0.03977593 1.94756244 
0.25976 5.56993656 0.03967805 1.94793151 
0.26076 5.56704659 0.03958390 1.94829326 
0.26176 5.56419345 0.03949344 1.94864782 
0.26276 5.56137707 0.03940662 1.94899533 
0.26376 5.55859735 0.03932341 1.94933594 
0.26476 5.55585421 0.03924376 1.94966978 
0.26577 5.55314761 0.03916765 1.94999698 
0.26677 5.55047748 0.03909502 1.95031768 
0.26777 5.54784382 0.03902585 1.95063199 
0.26877 5.54524659 0.03896011 1.95094005 
0.26977 5.54268580 0.03889775 1.95124197 
0.27077 5.54016148 0.03883876 1.95153787 
0.27177 5.53767365 0.03878310 1.95182788 
0.27277 5.53522238 0.03873074 1.95211210 
0.27377 5.53280773 0.03868166 1.95239065 
0.27477 5.53042981 0.03863582 1.95266363 
0.27578 5.52808873 0.03859322 1.95293116 
0.27678 5.52578462 0.03855382 1.95319333 
0.27778 5.52351765 0.03851760 1.95345025 
0.27878 5.52128801 0.03848454 1.95370203 
0.27978 5.51909591 0.03845463 1.95394875 
0.28078 5.51694160 0.03842786 1.95419052 
0.28178 5.51482535 0.03840420 1.95442743 
0.28278 5.51274745 0.03838364 1.95465957 
0.28378 5.51070826 0.03836617 1.95488704 
0.28478 5.50870815 0.03835179 1.95510991 
0.28579 5.50674753 0.03834048 1.95532829 
0.28679 5.50482686 0.03833225 1.95554226 
0.28779 5.50294663 0.03832708 1.95575189 
0.28879 5.50110740 0.03832498 1.95595727 
0.28979 5.49930978 0.03832596 1.95615849 
0.29079 5.49755441 0.03833000 1.95635561 
0.29179 5.49584201 0.03833712 1.95654873 
0.29279 5.49417337 0.03834734 1.95673790 
0.29379 5.49254935 0.03836065 1.95692322 
0.29479 5.49097088 0.03837708 1.95710474 
0.29580 5.48943897 0.03839665 1.95728255 
0.29680 5.48795474 0.03841937 1.95745671 
0.29780 5.48651939 0.03844528 1.95762728 
0.29880 5.48513425 0.03847441 1.95779435 
0.29980 5.48380077 0.03850677 1.95795797 
0.30080 5.48252051 0.03854243 1.95811821 
0.30180 5.48129522 0.03858142 1.95827513 
0.30280 5.48012677 0.03862379 1.95842880 
0.30380 5.47901725 0.03866960 1.95857927 
0.30480 5.47796892 0.03871890 1.95872660 
0.30581 5.47698429 0.03877178 1.95887086 
0.30681 5.47606611 0.03882831 1.95901210 
0.30781 5.47521743 0.03888857 1.95915038 
0.30881 5.47444160 0.03895267 1.95928575 
0.30981 5.47374235 0.03902070 1.95941828 
0.31081 5.47312381 0.03909281 1.95954800 
0.31181 5.47259059 0.03916911 1.95967497 
0.31281 5.47214782 0.03924976 1.95979925 
0.31381 5.47180126 0.03933492 1.95992089 
0.31481 5.47155738 0.03942480 1.96003993 
0.31582 5.47142347 0.03951960 1.96015643 
0.31682 5.47140778 0.03961955 1.96027043 
0.31782 5.47151970 0.03972494 1.96038197 
0.31882 5.47176995 0.03983607 1.96049112 
0.31982 5.47217085 0.03995329 1.96059791 
0.32082 5.47273661 0.04007699 1.96070238 
0.32182 5.47348375 0.04020765 1.96080459 
0.32282 5.47443159 0.04034578 1.96090458 
0.32382 5.47560292 0.04049202 1.96100240 
0.32482 5.47702481 0.04064708 1.96109808 
0.32583 5.47872978 0.04081182 1.96119169 
0.32683 5.48075729 0.04098727 1.96128327 
0.32783 5.48315579 0.04117465 1.96137287 
0.32883 5.48598565 0.04137548 1.96146055 
0.32983 5.48932333 0.04159163 1.96154639 
0.33083 5.49326743 0.04182546 1.96163045 
0.33183 5.49794810 0.04208000 1.96171283 
0.33283 5.50354165 0.04235928 1.96179365 
0.33383 5.51029483 0.04266879 1.96187309 
0.33483 5.51856699 0.04301627 1.96195139 
0.33584 5.52890836 0.04341331 1.96202893 
0.33684 5.54221806 0.04387823 1.96210638 
0.33784 5.56009806 0.04444280 1.96218493 
0.33884 5.58576560 0.04516899 1.96226713 
0.33984 5.62687768 0.04620038 1.96235936 
0.34084 5.70596818 0.04794896 1.96248177 
0.34184 5.87749822 0.05138861 1.96269232 
0.34284 6.10862561 0.05593124 1.96299502 
0.34384 6.31650148 0.06013450 1.96332980 
0.34484 6.50033543 0.06400551 1.96370139 
0.34585 6.66964225 0.06772956 1.96413368 
0.34685 6.83127579 0.07145187 1.96466183 
0.34785 6.99062708 0.07530719 1.96534321 
0.34885 7.15321792 0.07946384 1.96628444 
0.34985 7.32689773 0.08420317 1.96771559 
0.35085 7.52724321 0.09014313 1.97024201 
0.35185 7.79286762 0.09891822 1.97579081 
0.35285 8.15308567 0.11197921 1.98735532 
0.35385 8.49792616 0.12476654 2.00093301 
0.35485 8.79075294 0.13554988 2.01369538 
0.35586 9.04725381 0.14492290 2.02579196 
0.35686 9.27844712 0.15332926 2.03750452 
0.35786 9.49067647 0.16102646 2.04900580 
0.35886 9.68783832 0.16817237 2.06039841 
0.35986 9.87250084 0.17487038 2.07174517 
0.36086 10.04645532 0.18119204 2.08308570 
0.36186 10.21100752 0.18718899 2.09444535 
0.36286 10.36714289 0.19289982 2.10584031 
0.36386 10.51562618 0.19835415 2.11728065 
0.36486 10.65706453 0.20357522 2.12877215 
0.36587 10.79194932 0.20858162 2.14031758 
0.36687 10.92068480 0.21338845 2.15191744 
0.36787 11.04360841 0.21800814 2.16357057 
0.36887 11.16100547 0.22245107 2.17527450 
0.36987 11.27312018 0.22672598 2.18702577 
0.37087 11.38016390 0.23084032 2.19882011 
0.37187 11.48232150 0.23480048 2.21065263 
0.37287 11.57975644 0.23861205 2.22251792 
0.37387 11.67261469 0.24227991 2.23441017 
0.37487 11.76102792 0.24580837 2.24632325 
0.37588 11.84511609 0.24920131 2.25825074 
0.37688 11.92498957 0.25246222 2.27018606 
0.37788 12.00075084 0.25559429 2.28212243 
0.37888 12.07249597 0.25860046 2.29405300 
0.37988 12.14031576 0.26148344 2.30597081 
0.38088 12.20429680 0.26424582 2.31786889 
0.38188 12.26452225 0.26689001 2.32974025 
0.38288 12.32107255 0.26941836 2.34157791 
0.38388 12.37402603 0.27183309 2.35337494 
0.38488 12.42345938 0.27413641 2.36512448 
0.38589 12.46944801 0.27633043 2.37681977 
0.38689 12.51206648 0.27841726 2.38845412 
0.38789 12.55138868 0.28039898 2.40002103 
0.38889 12.58748809 0.28227767 2.41151408 
0.38989 12.62043798 0.28405537 2.42292705 
0.39089 12.65031150 0.28573415 2.43425390 
0.39189 12.67718180 0.28731609 2.44548874 
0.39289 12.70112214 0.28880325 2.45662592 
0.39389 12.72220585 0.29019774 2.46765999 
0.39489 12.74050646 0.29150164 2.47858569 
0.39590 12.75609762 0.29271709 2.48939803 
0.39690 12.76905313 0.29384621 2.50009223 
0.39790 12.77944691 0.29489116 2.51066375 
0.39890 12.78735295 0.29585410 2.52110831 
0.39990 12.79284528 0.29673721 2.53142188 
0.40090 12.79599790 0.29754267 2.54160066 
0.40190 12.79688470 0.29827269 2.55164112 
0.40290 12.79557944 0.29892948 2.56153999 
0.40390 12.79215564 0.29951524 2.57129425 
0.40490 12.78668650 0.30003221 2.58090111 
0.40591 12.77924485 0.30048260 2.59035807 
0.40691 12.76990305 0.30086863 2.59966286 
0.40791 12.75873294 0.30119251 2.60881347 
0.40891 12.74580570 0.30145646 2.61780810 
0.40991 12.73119185 0.30166267 2.62664522 
0.41091 12.71496113 0.30181333 2.63532352 
0.41191 12.69718244 0.30191063 2.64384193 
0.41291 12.67792378 0.30195671 2.65219958 
0.41391 12.65725215 0.30195372 2.66039583 
0.41491 12.63523353 0.30190378 2.66843025 
0.41592 12.61193281 0.30180898 2.67630260 
0.41692 12.58741372 0.30167138 2.68401285 
0.41792 12.56173878 0.30149305 2.69156114 
0.41892 12.53496928 0.30127597 2.69894780 
0.41992 12.50716521 0.30102215 2.70617333 
0.42092 12.47838525 0.30073352 2.71323838 
0.42192 12.44868670 0.30041200 2.72014378 
0.42292 12.41812548 0.30005947 2.72689047 
0.42392 12.38675611 0.29967778 2.73347957 
0.42492 12.35463166 0.29926872 2.73991230 
0.42593 12.32180376 0.29883406 2.74619003 
0.42693 12.28832257 0.29837553 2.75231421 
0.42793 12.25423679 0.29789482 2.75828643 
0.42893 12.21959364 0.29739357 2.76410836 
0.42993 12.18443887 0.29687338 2.76978178 
0.43093 12.14881673 0.29633581 2.77530854 
0.43193 12.11277003 0.29578240 2.78069057 
0.43293 12.07634010 0.29521460 2.78592987 
0.43393 12.03956681 0.29463387 2.79102851 
0.43493 12.00248861 0.29404160 2.79598863 
0.43594 11.96514250 0.29343913 2.80081239 
0.43694 11.92756409 0.29282778 2.80550203 
0.43794 11.88978760 0.29220882 2.81005980 
0.43894 11.85184588 0.29158348 2.81448801 
0.43994 11.81377043 0.29095295 2.81878898 
0.44094 11.77559142 0.29031837 2.82296508 
0.44194 11.73733776 0.28968087 2.82701866 
0.44294 11.69903705 0.28904150 2.83095212 
0.44394 11.66071568 0.28840130 2.83476786 
0.44494 11.62239881 0.28776127 2.83846828 
0.44595 11.58411043 0.28712236 2.84205578 
0.44695 11.54587336 0.28648551 2.84553279 
0.44795 11.50770931 0.28585160 2.84890169 
0.44895 11.46963891 0.28522148 2.85216489 
0.44995 11.43168170 0.28459598 2.85532476 
0.45095 11.39385621 0.28397588 2.85838369 
0.45195 11.35617996 0.28336195 2.86134402 
0.45295 11.31866951 0.28275491 2.86420810 
0.45395 11.28134050 0.28215546 2.86697824 
0.45495 11.24420762 0.28156426 2.86965674 
0.45596 11.20728473 0.28098197 2.87224587 
0.45696 11.17058482 0.28040918 2.87474788 
0.45796 11.13412008 0.27984650 2.87716498 
0.45896 11.09790190 0.27929448 2.87949936 
0.45996 11.06194092 0.27875366 2.88175319 
0.46096 11.02624707 0.27822456 2.88392858 
0.46196 10.99082955 0.27770767 2.88602764 
0.46296 10.95569691 0.27720346 2.88805244 
0.46396 10.92085705 0.27671238 2.89000499 
0.46496 10.88631725 0.27623487 2.89188730 
0.46597 10.85208421 0.27577133 2.89370132 
0.46697 10.81816404 0.27532215 2.89544898 
0.46797 10.78456232 0.27488772 2.89713216 
0.46897 10.75128412 0.27446839 2.89875273 
0.46997 10.71833401 0.27406450 2.90031250 
0.47097 10.68571607 0.27367638 2.90181324 
0.47197 10.65343394 0.27330436 2.90325670 
0.47297 10.62149085 0.27294872 2.90464459 
0.47397 10.58988958 0.27260975 2.90597858 
0.47497 10.55863256 0.27228773 2.90726030 
0.47598 10.52772183 0.27198292 2.90849135 
0.47698 10.49715907 0.27169558 2.90967330 
0.47798 10.46694565 0.27142594 2.91080767 
0.47898 10.43708260 0.27117424 2.91189594 
0.47998 10.40757067 0.27094071 2.91293959 
0.48098 10.37841032 0.27072555 2.91394002 
0.48198 10.34960173 0.27052897 2.91489864 
0.48298 10.32114484 0.27035119 2.91581678 
0.48398 10.29303936 0.27019237 2.91669577 
0.48498 10.26528475 0.27005273 2.91753690 
0.48599 10.23788027 0.26993243 2.91834142 
0.48699 10.21082500 0.26983165 2.91911055 
0.48799 10.18411780 0.26975057 2.91984549 
0.48899 10.15775739 0.26968935 2.92054739 
0.48999 10.13174229 0.26964815 2.92121739 
0.49099 10.10607091 0.26962714 2.92185657 
0.49199 10.08074148 0.26962648 2.92246602 
0.49299 10.05575211 0.26964631 2.92304677 
0.49399 10.03110080 0.26968680 2.92359983 
0.49499 10.00678542 0.26974810 2.92412620 
0.49600 9.98280375 0.26983035 2.92462681 
0.49700 9.95915347 0.26993370 2.92510262 
0.49800 9.93583216 0.27005832 2.92555452 
0.49900 9.91283733 0.27020434 2.92598339 
0.50000 9.89016641 0.27037192 2.92639008 
