-0.50000 5.10053918 1.96860061
-0.49900 5.10040901 1.96860147
-0.49800 5.10028424 1.96860226
-0.49700 5.10016483 1.96860298
-0.49600 5.10005075 1.96860362
-0.49499 5.09994196 1.96860418
-0.49399 5.09983844 1.96860467
-0.49299 5.09974016 1.96860508
-0.49199 5.09964708 1.96860542
-0.49099 5.09955919 1.96860568
-0.48999 5.09947646 1.96860585
-0.48899 5.09939885 1.96860595
-0.48799 5.09932635 1.96860596
-0.48699 5.09925893 1.96860590
-0.48599 5.09919657 1.96860575
-0.48498 5.09913923 1.96860551
-0.48398 5.09908692 1.96860519
-0.48298 5.09903959 1.96860478
-0.48198 5.09899723 1.96860429
-0.48098 5.09895982 1.96860371
-0.47998 5.09892734 1.96860304
-0.47898 5.09889978 1.96860227
-0.47798 5.09887711 1.96860142
-0.47698 5.09885932 1.96860047
-0.47598 5.09884639 1.96859942
-0.47497 5.09883830 1.96859829
-0.47397 5.09883505 1.96859705
-0.47297 5.09883662 1.96859572
-0.47197 5.09884298 1.96859428
-0.47097 5.09885414 1.96859275
-0.46997 5.09887008 1.96859111
-0.46897 5.09889079 1.96858937
-0.46797 5.09891625 1.96858752
-0.46697 5.09894646 1.96858557
-0.46597 5.09898141 1.96858351
-0.46496 5.09902108 1.96858134
-0.46396 5.09906547 1.96857906
-0.46296 5.09911458 1.96857666
-0.46196 5.09916839 1.96857415
-0.46096 5.09922691 1.96857153
-0.45996 5.09929011 1.96856878
-0.45896 5.09935801 1.96856592
-0.45796 5.09943059 1.96856294
-0.45696 5.09950785 1.96855983
-0.45596 5.09958979 1.96855660
-0.45495 5.09967641 1.96855324
-0.45395 5.09976770 1.96854976
-0.45295 5.09986367 1.96854614
-0.45195 5.09996431 1.96854239
-0.45095 5.10006962 1.96853851
-0.44995 5.10017961 1.96853450
-0.44895 5.10029427 1.96853034
-0.44795 5.10041361 1.96852605
-0.44695 5.10053764 1.96852161
-0.44595 5.10066635 1.96851703
-0.44494 5.10079975 1.96851230
-0.44394 5.10093785 1.96850742
-0.44294 5.10108064 1.96850240
-0.44194 5.10122815 1.96849722
-0.44094 5.10138036 1.96849188
-0.43994 5.10153730 1.96848639
-0.43894 5.10169897 1.96848074
-0.43794 5.10186538 1.96847493
-0.43694 5.10203654 1.96846895
-0.43594 5.10221245 1.96846281
-0.43493 5.10239314 1.96845649
-0.43393 5.10257861 1.96845001
-0.43293 5.10276888 1.96844335
-0.43193 5.10296395 1.96843651
-0.43093 5.10316385 1.96842949
-0.42993 5.10336859 1.96842229
-0.42893 5.10357818 1.96841491
-0.42793 5.10379264 1.96840734
-0.42693 5.10401198 1.96839957
-0.42593 5.10423624 1.96839162
-0.42492 5.10446541 1.96838346
-0.42392 5.10469954 1.96837511
-0.42292 5.10493862 1.96836655
-0.42192 5.10518269 1.96835779
-0.42092 5.10543177 1.96834882
-0.41992 5.10568588 1.96833964
-0.41892 5.10594504 1.96833025
-0.41792 5.10620928 1.96832063
-0.41692 5.10647862 1.96831080
-0.41592 5.10675310 1.96830073
-0.41491 5.10703273 1.96829045
-0.41391 5.10731755 1.96827993
-0.41291 5.10760759 1.96826917
-0.41191 5.10790287 1.96825817
-0.41091 5.10820342 1.96824694
-0.40991 5.10850929 1.96823545
-0.40891 5.10882049 1.96822372
-0.40791 5.10913707 1.96821174
-0.40691 5.10945906 1.96819949
-0.40591 5.10978650 1.96818699
-0.40490 5.11011942 1.96817422
-0.40390 5.11045786 1.96816118
-0.40290 5.11080187 1.96814786
-0.40190 5.11115147 1.96813427
-0.40090 5.11150672 1.96812040
-0.39990 5.11186765 1.96810624
-0.39890 5.11223431 1.96809179
-0.39790 5.11260675 1.96807705
-0.39690 5.11298501 1.96806201
-0.39590 5.11336914 1.96804666
-0.39489 5.11375918 1.96803100
-0.39389 5.11415520 1.96801504
-0.39289 5.11455723 1.96799875
-0.39189 5.11496533 1.96798214
-0.39089 5.11537957 1.96796520
-0.38989 5.11579998 1.96794793
-0.38889 5.11622663 1.96793032
-0.38789 5.11665958 1.96791237
-0.38689 5.11709889 1.96789407
-0.38589 5.11754461 1.96787541
-0.38488 5.11799682 1.96785640
-0.38388 5.11845557 1.96783702
-0.38288 5.11892094 1.96781726
-0.38188 5.11939299 1.96779714
-0.38088 5.11987179 1.96777663
-0.37988 5.12035741 1.96775573
-0.37888 5.12084993 1.96773444
-0.37788 5.12134942 1.96771275
-0.37688 5.12185595 1.96769065
-0.37588 5.12236961 1.96766814
-0.37487 5.12289048 1.96764521
-0.37387 5.12341864 1.96762185
-0.37287 5.12395417 1.96759806
-0.37187 5.12449716 1.96757383
-0.37087 5.12504770 1.96754915
-0.36987 5.12560589 1.96752402
-0.36887 5.12617181 1.96749843
-0.36787 5.12674555 1.96747238
-0.36687 5.12732723 1.96744584
-0.36587 5.12791693 1.96741883
-0.36486 5.12851477 1.96739132
-0.36386 5.12912084 1.96736332
-0.36286 5.12973525 1.96733481
-0.36186 5.13035812 1.96730579
-0.36086 5.13098956 1.96727624
-0.35986 5.13162968 1.96724616
-0.35886 5.13227860 1.96721554
-0.35786 5.13293645 1.96718438
-0.35686 5.13360334 1.96715266
-0.35586 5.13427941 1.96712037
-0.35485 5.13496480 1.96708751
-0.35385 5.13565962 1.96705406
-0.35285 5.13636402 1.96702002
-0.35185 5.13707814 1.96698538
-0.35085 5.13780213 1.96695012
-0.34985 5.13853612 1.96691424
-0.34885 5.13928028 1.96687773
-0.34785 5.14003477 1.96684057
-0.34685 5.14079972 1.96680276
-0.34585 5.14157532 1.96676428
-0.34484 5.14236173 1.96672513
-0.34384 5.14315912 1.96668529
-0.34284 5.14396766 1.96664475
-0.34184 5.14478754 1.96660350
-0.34084 5.14561894 1.96656153
-0.33984 5.14646205 1.96651882
-0.33884 5.14731707 1.96647537
-0.33784 5.14818418 1.96643115
-0.33684 5.14906360 1.96638617
-0.33584 5.14995554 1.96634039
-0.33483 5.15086022 1.96629382
-0.33383 5.15177784 1.96624644
-0.33283 5.15270864 1.96619823
-0.33183 5.15365285 1.96614918
-0.33083 5.15461070 1.96609928
-0.32983 5.15558245 1.96604851
-0.32883 5.15656834 1.96599685
-0.32783 5.15756863 1.96594429
-0.32683 5.15858358 1.96589082
-0.32583 5.15961346 1.96583641
-0.32482 5.16065856 1.96578106
-0.32382 5.16171915 1.96572474
-0.32282 5.16279553 1.96566744
-0.32182 5.16388800 1.96560914
-0.32082 5.16499687 1.96554982
-0.31982 5.16612246 1.96548947
-0.31882 5.16726509 1.96542807
-0.31782 5.16842509 1.96536559
-0.31682 5.16960282 1.96530202
-0.31582 5.17079862 1.96523734
-0.31481 5.17201286 1.96517153
-0.31381 5.17324592 1.96510456
-0.31281 5.17449816 1.96503642
-0.31181 5.17577000 1.96496709
-0.31081 5.17706183 1.96489653
-0.30981 5.17837408 1.96482474
-0.30881 5.17970716 1.96475169
-0.30781 5.18106153 1.96467734
-0.30681 5.18243764 1.96460169
-0.30581 5.18383595 1.96452470
-0.30480 5.18525694 1.96444635
-0.30380 5.18670111 1.96436661
-0.30280 5.18816897 1.96428546
-0.30180 5.18966104 1.96420287
-0.30080 5.19117786 1.96411881
-0.29980 5.19271999 1.96403326
-0.29880 5.19428799 1.96394617
-0.29780 5.19588247 1.96385754
-0.29680 5.19750402 1.96376731
-0.29580 5.19915327 1.96367547
-0.29479 5.20083086 1.96358197
-0.29379 5.20253747 1.96348680
-0.29279 5.20427377 1.96338990
-0.29179 5.20604048 1.96329126
-0.29079 5.20783831 1.96319083
-0.28979 5.20966803 1.96308857
-0.28879 5.21153040 1.96298445
-0.28779 5.21342624 1.96287844
-0.28679 5.21535635 1.96277048
-0.28579 5.21732161 1.96266055
-0.28478 5.21932288 1.96254859
-0.28378 5.22136108 1.96243458
-0.28278 5.22343714 1.96231845
-0.28178 5.22555204 1.96220018
-0.28078 5.22770677 1.96207970
-0.27978 5.22990238 1.96195698
-0.27878 5.23213993 1.96183197
-0.27778 5.23442054 1.96170461
-0.27678 5.23674534 1.96157486
-0.27578 5.23911552 1.96144265
-0.27477 5.24153232 1.96130795
-0.27377 5.24399699 1.96117068
-0.27277 5.24651086 1.96103080
-0.27177 5.24907528 1.96088824
-0.27077 5.25169166 1.96074294
-0.26977 5.25436147 1.96059484
-0.26877 5.25708621 1.96044388
-0.26777 5.25986746 1.96028998
-0.26677 5.26270684 1.96013309
-0.26577 5.26560604 1.95997312
-0.26476 5.26856681 1.95981000
-0.26376 5.27159096 1.95964367
-0.26276 5.27468038 1.95947403
-0.26176 5.27783703 1.95930102
-0.26076 5.28106294 1.95912455
-0.25976 5.28436023 1.95894453
-0.25876 5.28773108 1.95876087
-0.25776 5.29117780 1.95857348
-0.25676 5.29470273 1.95838228
-0.25576 5.29830837 1.95818715
-0.25475 5.30199728 1.95798801
-0.25375 5.30577213 1.95778474
-0.25275 5.30963572 1.95757724
-0.25175 5.31359094 1.95736540
-0.25075 5.31764083 1.95714910
-0.24975 5.32178854 1.95692822
-0.24875 5.32603736 1.95670264
-0.24775 5.33039073 1.95647223
-0.24675 5.33485222 1.95623685
-0.24575 5.33942559 1.95599638
-0.24474 5.34411474 1.95575066
-0.24374 5.34892376 1.95549955
-0.24274 5.35385692 1.95524289
-0.24174 5.35891869 1.95498053
-0.24074 5.36411375 1.95471229
-0.23974 5.36944700 1.95443801
-0.23874 5.37492357 1.95415750
-0.23774 5.38054882 1.95387058
-0.23674 5.38632841 1.95357706
-0.23574 5.39226823 1.95327673
-0.23473 5.39837450 1.95296937
-0.23373 5.40465373 1.95265478
-0.23273 5.41111277 1.95233272
-0.23173 5.41775881 1.95200295
-0.23073 5.42459943 1.95166523
-0.22973 5.43164259 1.95131929
-0.22873 5.43889669 1.95096486
-0.22773 5.44637055 1.95060165
-0.22673 5.45407351 1.95022938
-0.22573 5.46201539 1.94984773
-0.22472 5.47020658 1.94945636
-0.22372 5.47865804 1.94905495
-0.22272 5.48738136 1.94864314
-0.22172 5.49638880 1.94822054
-0.22072 5.50569334 1.94778676
-0.21972 5.51530873 1.94734140
-0.21872 5.52524955 1.94688401
-0.21772 5.53553126 1.94641414
-0.21672 5.54617029 1.94593131
-0.21572 5.55718408 1.94543500
-0.21471 5.56859119 1.94492469
-0.21371 5.58041138 1.94439981
-0.21271 5.59266568 1.94385977
-0.21171 5.60537655 1.94330393
-0.21071 5.61856793 1.94273162
-0.20971 5.63226542 1.94214216
-0.20871 5.64649637 1.94153477
-0.20771 5.66129009 1.94090868
-0.20671 5.67667797 1.94026305
-0.20571 5.69269368 1.93959697
-0.20470 5.70937339 1.93890949
-0.20370 5.72675598 1.93819961
-0.20270 5.74488331 1.93746625
-0.20170 5.76380048 1.93670824
-0.20070 5.78355616 1.93592436
-0.19970 5.80420296 1.93511329
-0.19870 5.82579776 1.93427361
-0.19770 5.84840221 1.93340381
-0.19670 5.87208319 1.93250227
-0.19570 5.89691336 1.93156721
-0.19469 5.92297180 1.93059677
-0.19369 5.95034469 1.92958889
-0.19269 5.97912612 1.92854139
-0.19169 6.00941897 1.92745186
-0.19069 6.04133595 1.92631773
-0.18969 6.07500076 1.92513619
-0.18869 6.11054938 1.92390418
-0.18769 6.14813166 1.92261837
-0.18669 6.18791300 1.92127510
-0.18569 6.23007639 1.91987039
-0.18468 6.27482470 1.91839987
-0.18368 6.32238339 1.91685871
-0.18268 6.37300362 1.91524161
-0.18168 6.42696584 1.91354270
-0.18068 6.48458408 1.91175547
-0.17968 6.54621087 1.90987271
-0.17868 6.61224316 1.90788636
-0.17768 6.68312918 1.90578745
-0.17668 6.75937667 1.90356587
-0.17568 6.84156267 1.90121032
-0.17467 6.93034522 1.89870799
-0.17367 7.02647742 1.89604441
-0.17267 7.13082443 1.89320313
-0.17167 7.24438407 1.89016538
-0.17067 7.36831200 1.88690966
-0.16967 7.50395257 1.88341122
-0.16867 7.65287687 1.87964148
-0.16767 7.81692995 1.87556722
-0.16667 7.99828984 1.87114968
-0.16567 8.19954159 1.86634339
-0.16466 8.42377110 1.86109469
-0.16366 8.67468455 1.85533988
-0.16266 8.95676179 1.84900290
-0.16166 9.27545468 1.84199229
-0.16066 9.63744561 1.83419738
-0.15966 10.05098723 1.82548324
-0.15866 10.52635224 1.81568415
-0.15766 11.07643386 1.80459499
-0.15666 11.71755315 1.79195992
-0.15566 12.47055148 1.77745724
-0.15465 13.36227582 1.76067938
-0.15365 14.42760182 1.74110637
-0.15265 15.71217923 1.71807105
-0.15165 17.27610973 1.69071479
-0.15065 19.19872148 1.65793406
-0.14965 21.58434274 1.61832448
-0.14865 24.56812992 1.57014416
-0.14765 28.31871581 1.51135588
-0.14665 33.02892288 1.43989009
-0.14565 38.87416685 1.35442880
-0.14464 45.89951595 1.25622304
-0.14364 53.78733477 1.15241727
-0.14264 61.53100444 1.05999689
-0.14164 67.31356305 1.00555483
-0.14064 69.16677839 1.01355313
-0.13964 66.35270028 1.08708262
-0.13864 60.01183331 1.20304587
-0.13764 52.19608856 1.32970177
-0.13664 44.56251699 1.44481166
-0.13564 37.93328834 1.53942771
-0.13463 32.51317214 1.61311724
-0.13363 28.20929543 1.66892456
-0.13263 24.83431539 1.71056744
-0.13163 22.19875598 1.74133679
-0.13063 20.14238136 1.76382875
-0.12963 18.53934083 1.77998967
-0.12863 17.29420540 1.79124391
-0.12763 16.33598114 1.79862036
-0.12663 15.61260571 1.80285434
-0.12563 15.08659286 1.80446308
-0.12462 14.73183769 1.80379907
-0.12362 14.53141548 1.80108631
-0.12262 14.47620112 1.79644361
-0.12162 14.56418702 1.78989765
-0.12062 14.80044624 1.78138741
-0.11962 15.19776544 1.77076052
-0.11862 15.77806436 1.75776080
-0.11762 16.57483803 1.74200538
-0.11662 17.63702266 1.72294804
-0.11562 19.03491776 1.69982365
-0.11461 20.86910154 1.67156696
-0.11361 23.28358686 1.63669779
-0.11261 26.48442336 1.59317049
-0.11161 30.76324295 1.53821210
-0.11061 36.51760647 1.46826754
-0.10961 44.23425563 1.37944963
-0.10861 54.33038223 1.26958506
-0.10761 66.61418023 1.14403396
-0.10661 79.14555495 1.02634251
-0.10561 87.39378045 0.96262040
-0.10460 86.67658671 0.99174603
-0.10360 77.26850493 1.09797148
-0.10260 64.12912655 1.22506010
-0.10160 51.68602411 1.33042036
-0.10060 41.67980912 1.40048399
-0.09960 34.16541571 1.43681309
-0.09860 28.65950986 1.44390416
-0.09760 24.65522924 1.42391486
-0.09660 21.77156561 1.37424376
-0.09560 19.80668086 1.28681013
-0.09459 18.78422711 1.17828624
-0.09359 18.50319294 1.10973981
-0.09259 18.80704220 1.06903850
-0.09159 19.99248782 1.03810783
-0.09059 23.19636936 1.01758889
-0.08959 34.00171576 1.06297198
-0.08859 48.54024407 1.06107870
-0.08759 27.34580098 0.62542826
-0.08659 18.62664161 0.48383537
-0.08559 18.49096956 0.49502485
-0.08458 25.27927072 0.62596194
-0.08358 23.17893357 0.46276316
-0.08258 10.36978440 0.15759875
-0.08158 5.64331857 0.06644282
-0.08058 3.74547059 0.03531605
-0.07958 2.79014898 0.02172074
-0.07858 2.22848028 0.01468313
-0.07758 1.86228895 0.01059333
-0.07658 1.60586540 0.00801307
-0.07558 1.41684290 0.00628304
-0.07457 1.27208025 0.00506762
-0.07357 1.15793201 0.00418167
-0.07257 1.06585340 0.00351633
-0.07157 0.99022915 0.00300423
-0.07057 0.92722085 0.00260188
-0.06957 0.87411752 0.00228017
-0.06857 0.82895135 0.00201906
-0.06757 0.79026050 0.00180436
-0.06657 0.75693748 0.00162581
-0.06557 0.72812911 0.00147583
-0.06456 0.70316878 0.00134875
-0.06356 0.68152947 0.00124024
-0.06256 0.66279050 0.00114694
-0.06156 0.64661360 0.00106623
-0.06056 0.63272531 0.00099605
-0.05956 0.62090405 0.00093474
-0.05856 0.61097033 0.00088097
-0.05756 0.60277944 0.00083363
-0.05656 0.59621578 0.00079186
-0.05556 0.59118869 0.00075491
-0.05455 0.58762921 0.00072217
-0.05355 0.58548771 0.00069314
-0.05255 0.58473217 0.00066739
-0.05155 0.58534703 0.00064457
-0.05055 0.58733249 0.00062437
-0.04955 0.59070435 0.00060653
-0.04855 0.59549411 0.00059086
-0.04755 0.60174964 0.00057716
-0.04655 0.60953620 0.00056528
-0.04555 0.61893793 0.00055510
-0.04454 0.63005992 0.00054651
-0.04354 0.64303091 0.00053943
-0.04254 0.65800667 0.00053379
-0.04154 0.67517439 0.00052955
-0.04054 0.69475812 0.00052665
-0.03954 0.71702572 0.00052509
-0.03854 0.74229756 0.00052486
-0.03754 0.77095764 0.00052597
-0.03654 0.80346774 0.00052844
-0.03554 0.84038558 0.00053230
-0.03453 0.88238842 0.00053762
-0.03353 0.93030387 0.00054447
-0.03253 0.98515058 0.00055293
-0.03153 1.04819261 0.00056314
-0.03053 1.12101293 0.00057522
-0.02953 1.20561415 0.00058937
-0.02853 1.30455862 0.00060579
-0.02753 1.42116650 0.00062474
-0.02653 1.55980094 0.00064652
-0.02553 1.72628685 0.00067154
-0.02452 1.92854004 0.00070023
-0.02352 2.17753635 0.00073319
-0.02252 2.48884784 0.00077110
-0.02152 2.88515843 0.00081484
-0.02052 3.40054128 0.00086552
-0.01952 4.08805639 0.00092454
-0.01852 5.03395940 0.00099369
-0.01752 6.38596311 0.00107534
-0.01652 8.41382176 0.00117260
-0.01552 11.65183326 0.00128972
-0.01451 17.27572741 0.00143255
-0.01351 28.26112745 0.00160941
-0.01251 53.67550011 0.00183250
-0.01151 126.95233555 0.00212078
-0.01051 302.61282601 0.00250896
-0.00951 200.16002483 0.00304886
-0.00851 77.52370503 0.00382346
-0.00751 37.36305299 0.00503980
-0.00651 21.73659401 0.00719117
-0.00551 14.43575510 0.01180667
-0.00450 10.73808790 0.02328119
-0.00350 8.83923227 0.04320544
-0.00250 7.88840572 0.07152054
-0.00150 7.64322262 0.11899518
-0.00050 7.92733942 0.21006370
0.00050 8.42638837 0.37157095
0.00150 8.80892806 0.54291426
0.00250 9.19198667 0.71730972
0.00350 9.50065222 0.90906150
0.00450 9.57411118 1.06455699
0.00551 9.52595492 1.18179998
0.00651 9.43254424 1.27310348
0.00751 9.32691077 1.34646290
0.00851 9.22448292 1.40683063
0.00951 9.13318956 1.45743929
0.01051 9.05759224 1.50050469
0.01151 9.00079497 1.53760583
0.01251 8.96544653 1.56990308
0.01351 8.95435786 1.59827078
0.01451 8.97097539 1.62338150
0.01552 9.01984744 1.64576168
0.01652 9.10718976 1.66582950
0.01752 9.24166865 1.68392128
0.01852 9.43557179 1.70031021
0.01952 9.70664914 1.71521974
0.02052 10.08112906 1.72883298
0.02152 10.59886706 1.74129879
0.02252 11.32254226 1.75273456
0.02352 12.35496997 1.76322422
0.02452 13.87379239 1.77280802
0.02553 16.20645469 1.78145320
0.02653 20.00807474 1.78897492
0.02753 26.73545683 1.79480589
0.02853 40.10627889 1.79722771
0.02953 71.36173541 1.79031733
0.03053 157.55381800 1.75115362
0.03153 294.36018657 1.66058898
0.03253 172.51234304 1.71280979
0.03353 76.47014465 1.77540356
0.03453 41.81629682 1.80428552
0.03554 27.25558912 1.82015860
0.03654 20.00480311 1.83069330
0.03754 15.91702686 1.83862291
0.03854 13.39558930 1.84508228
0.03954 11.73211912 1.85061191
0.04054 10.57614281 1.85549915
0.04154 9.73895094 1.85991103
0.04254 9.11188904 1.86395198
0.04354 8.62890893 1.86769145
0.04454 8.24802513 1.87117806
0.04555 7.94152899 1.87444740
0.04655 7.69054199 1.87752653
0.04755 7.48184435 1.88043665
0.04855 7.30595555 1.88319489
0.04955 7.15593290 1.88581534
0.05055 7.02659715 1.88830987
0.05155 6.91402026 1.89068861
0.05255 6.81517862 1.89296034
0.05355 6.72771345 1.89513275
0.05455 6.64976210 1.89721266
0.05556 6.57983736 1.89920613
0.05656 6.51673958 1.90111863
0.05756 6.45949203 1.90295509
0.05856 6.40729259 1.90471999
0.05956 6.35947722 1.90641745
0.06056 6.31549208 1.90805120
0.06156 6.27487207 1.90962470
0.06256 6.23722404 1.91114115
0.06356 6.20221365 1.91260350
0.06456 6.16955492 1.91401448
0.06557 6.13900198 1.91537663
0.06657 6.11034230 1.91669234
0.06757 6.08339136 1.91796381
0.06857 6.05798816 1.91919312
0.06957 6.03399169 1.92038221
0.07057 6.01127790 1.92153290
0.07157 5.98973725 1.92264689
0.07257 5.96927266 1.92372580
0.07357 5.94979779 1.92477113
0.07457 5.93123560 1.92578433
0.07558 5.91351712 1.92676672
0.07658 5.89658043 1.92771959
0.07758 5.88036976 1.92864414
0.07858 5.86483476 1.92954150
0.07958 5.84992983 1.93041277
0.08058 5.83561359 1.93125895
0.08158 5.82184839 1.93208102
0.08258 5.80859989 1.93287989
0.08358 5.79583667 1.93365646
0.08458 5.78353000 1.93441154
0.08559 5.77165345 1.93514593
0.08659 5.76018277 1.93586038
0.08759 5.74909555 1.93655561
0.08859 5.73837115 1.93723231
0.08959 5.72799046 1.93789113
0.09059 5.71793577 1.93853269
0.09159 5.70819064 1.93915759
0.09259 5.69873983 1.93976639
0.09359 5.68956910 1.94035964
0.09459 5.68066521 1.94093786
0.09560 5.67201578 1.94150155
0.09660 5.66360926 1.94205119
0.09760 5.65543482 1.94258722
0.09860 5.64748232 1.94311008
0.09960 5.63974222 1.94362021
0.10060 5.63220559 1.94411799
0.10160 5.62486402 1.94460381
0.10260 5.61770958 1.94507804
0.10360 5.61073480 1.94554104
0.10460 5.60393263 1.94599315
0.10561 5.59729643 1.94643470
0.10661 5.59081989 1.94686600
0.10761 5.58449705 1.94728736
0.10861 5.57832229 1.94769906
0.10961 5.57229023 1.94810139
0.11061 5.56639582 1.94849462
0.11161 5.56063423 1.94887901
0.11261 5.55500087 1.94925481
0.11361 5.54949140 1.94962226
0.11461 5.54410165 1.94998159
0.11562 5.53882769 1.95033303
0.11662 5.53366573 1.95067680
0.11762 5.52861219 1.95101311
0.11862 5.52366365 1.95134215
0.11962 5.51881681 1.95166412
0.12062 5.51406855 1.95197921
0.12162 5.50941587 1.95228760
0.12262 5.50485592 1.95258947
0.12362 5.50038593 1.95288499
0.12462 5.49600329 1.95317432
0.12563 5.49170547 1.95345762
0.12663 5.48749005 1.95373504
0.12763 5.48335472 1.95400674
0.12863 5.47929725 1.95427285
0.12963 5.47531550 1.95453351
0.13063 5.47140740 1.95478887
0.13163 5.46757100 1.95503905
0.13263 5.46380437 1.95528417
0.13363 5.46010570 1.95552437
0.13463 5.45647322 1.95575975
0.13564 5.45290524 1.95599044
0.13664 5.44940011 1.95621654
0.13764 5.44595627 1.95643817
0.13864 5.44257219 1.95665543
0.13964 5.43924640 1.95686841
0.14064 5.43597750 1.95707723
0.14164 5.43276411 1.95728198
0.14264 5.42960491 1.95748274
0.14364 5.42649864 1.95767961
0.14464 5.42344405 1.95787269
0.14565 5.42043996 1.95806204
0.14665 5.41748521 1.95824777
0.14765 5.41457869 1.95842994
0.14865 5.41171932 1.95860863
0.14965 5.40890606 1.95878393
0.15065 5.40613789 1.95895591
0.15165 5.40341384 1.95912463
0.15265 5.40073295 1.95929017
0.15365 5.39809431 1.95945260
0.15465 5.39549702 1.95961199
0.15566 5.39294023 1.95976839
0.15666 5.39042309 1.95992187
0.15766 5.38794478 1.96007250
0.15866 5.38550453 1.96022033
0.15966 5.38310155 1.96036542
0.16066 5.38073512 1.96050783
0.16166 5.37840449 1.96064761
0.16266 5.37610898 1.96078481
0.16366 5.37384790 1.96091950
0.16466 5.37162059 1.96105171
0.16567 5.36942639 1.96118151
0.16667 5.36726470 1.96130893
0.16767 5.36513488 1.96143403
0.16867 5.36303636 1.96155686
0.16967 5.36096855 1.96167745
0.17067 5.35893090 1.96179585
0.17167 5.35692285 1.96191210
0.17267 5.35494388 1.96202626
0.17367 5.35299346 1.96213835
0.17467 5.35107109 1.96224841
0.17568 5.34917628 1.96235650
0.17668 5.34730855 1.96246263
0.17768 5.34546743 1.96256686
0.17868 5.34365247 1.96266922
0.17968 5.34186322 1.96276974
0.18068 5.34009926 1.96286845
0.18168 5.33836015 1.96296540
0.18268 5.33664549 1.96306062
0.18368 5.33495487 1.96315413
0.18468 5.33328791 1.96324597
0.18569 5.33164422 1.96333617
0.18669 5.33002342 1.96342476
0.18769 5.32842516 1.96351177
0.18869 5.32684907 1.96359723
0.18969 5.32529482 1.96368117
0.19069 5.32376205 1.96376361
0.19169 5.32225044 1.96384458
0.19269 5.32075966 1.96392411
0.19369 5.31928940 1.96400223
0.19469 5.31783935 1.96407896
0.19570 5.31640920 1.96415432
0.19670 5.31499867 1.96422834
0.19770 5.31360745 1.96430104
0.19870 5.31223527 1.96437245
0.19970 5.31088185 1.96444259
0.20070 5.30954692 1.96451148
0.20170 5.30823021 1.96457914
0.20270 5.30693147 1.96464560
0.20370 5.30565044 1.96471088
0.20470 5.30438688 1.96477499
0.20571 5.30314053 1.96483795
0.20671 5.30191117 1.96489980
0.20771 5.30069856 1.96496054
0.20871 5.29950247 1.96502020
0.20971 5.29832269 1.96507879
0.21071 5.29715898 1.96513633
0.21171 5.29601113 1.96519284
0.21271 5.29487894 1.96524834
0.21371 5.29376221 1.96530284
0.21471 5.29266072 1.96535637
0.21572 5.29157427 1.96540893
0.21672 5.29050269 1.96546055
0.21772 5.28944577 1.96551124
0.21872 5.28840334 1.96556102
0.21972 5.28737519 1.96560990
0.22072 5.28636117 1.96565789
0.22172 5.28536109 1.96570502
0.22272 5.28437478 1.96575129
0.22372 5.28340207 1.96579672
0.22472 5.28244280 1.96584133
0.22573 5.28149679 1.96588513
0.22673 5.28056390 1.96592813
0.22773 5.27964397 1.96597034
0.22873 5.27873683 1.96601178
0.22973 5.27784234 1.96605246
0.23073 5.27696036 1.96609240
0.23173 5.27609073 1.96613160
0.23273 5.27523331 1.96617008
0.23373 5.27438796 1.96620785
0.23473 5.27355455 1.96624492
0.23574 5.27273294 1.96628130
0.23674 5.27192298 1.96631701
0.23774 5.27112457 1.96635206
0.23874 5.27033755 1.96638645
0.23974 5.26956181 1.96642019
0.24074 5.26879723 1.96645331
0.24174 5.26804368 1.96648580
0.24274 5.26730104 1.96651768
0.24374 5.26656919 1.96654896
0.24474 5.26584802 1.96657965
0.24575 5.26513741 1.96660976
0.24675 5.26443725 1.96663929
0.24775 5.26374743 1.96666826
0.24875 5.26306784 1.96669668
0.24975 5.26239837 1.96672455
0.25075 5.26173892 1.96675188
0.25175 5.26108939 1.96677869
0.25275 5.26044967 1.96680498
0.25375 5.25981966 1.96683076
0.25475 5.25919927 1.96685604
0.25576 5.25858840 1.96688082
0.25676 5.25798694 1.96690512
0.25776 5.25739482 1.96692894
0.25876 5.25681192 1.96695229
0.25976 5.25623818 1.96697517
0.26076 5.25567348 1.96699761
0.26176 5.25511776 1.96701959
0.26276 5.25457091 1.96704114
0.26376 5.25403285 1.96706226
0.26476 5.25350350 1.96708294
0.26577 5.25298278 1.96710321
0.26677 5.25247060 1.96712307
0.26777 5.25196688 1.96714253
0.26877 5.25147154 1.96716158
0.26977 5.25098451 1.96718025
0.27077 5.25050571 1.96719853
0.27177 5.25003506 1.96721643
0.27277 5.24957248 1.96723395
0.27377 5.24911791 1.96725112
0.27477 5.24867127 1.96726792
0.27578 5.24823248 1.96728436
0.27678 5.24780149 1.96730046
0.27778 5.24737821 1.96731622
0.27878 5.24696258 1.96733164
0.27978 5.24655453 1.96734673
0.28078 5.24615399 1.96736149
0.28178 5.24576090 1.96737593
0.28278 5.24537520 1.96739006
0.28378 5.24499681 1.96740388
0.28478 5.24462568 1.96741739
0.28579 5.24426175 1.96743061
0.28679 5.24390494 1.96744353
0.28779 5.24355521 1.96745616
0.28879 5.24321249 1.96746851
0.28979 5.24287673 1.96748058
0.29079 5.24254785 1.96749237
0.29179 5.24222582 1.96750389
0.29279 5.24191057 1.96751515
0.29379 5.24160204 1.96752615
0.29479 5.24130019 1.96753689
0.29580 5.24100494 1.96754738
0.29680 5.24071627 1.96755762
0.29780 5.24043410 1.96756762
0.29880 5.24015839 1.96757738
0.29980 5.23988908 1.96758691
0.30080 5.23962613 1.96759620
0.30180 5.23936949 1.96760527
0.30280 5.23911910 1.96761412
0.30380 5.23887492 1.96762274
0.30480 5.23863690 1.96763115
0.30581 5.23840499 1.96763935
0.30681 5.23817914 1.96764735
0.30781 5.23795931 1.96765514
0.30881 5.23774546 1.96766273
0.30981 5.23753753 1.96767012
0.31081 5.23733549 1.96767732
0.31181 5.23713929 1.96768433
0.31281 5.23694889 1.96769116
0.31381 5.23676424 1.96769780
0.31481 5.23658530 1.96770426
0.31582 5.23641203 1.96771055
0.31682 5.23624440 1.96771666
0.31782 5.23608235 1.96772261
0.31882 5.23592585 1.96772839
0.31982 5.23577486 1.96773400
0.32082 5.23562935 1.96773946
0.32182 5.23548927 1.96774476
0.32282 5.23535458 1.96774990
0.32382 5.23522526 1.96775489
0.32482 5.23510126 1.96775973
0.32583 5.23498254 1.96776443
0.32683 5.23486907 1.96776899
0.32783 5.23476082 1.96777340
0.32883 5.23465775 1.96777768
0.32983 5.23455983 1.96778182
0.33083 5.23446702 1.96778583
0.33183 5.23437929 1.96778971
0.33283 5.23429660 1.96779346
0.33383 5.23421894 1.96779709
0.33483 5.23414625 1.96780059
0.33584 5.23407852 1.96780398
0.33684 5.23401571 1.96780725
0.33784 5.23395779 1.96781040
0.33884 5.23390473 1.96781344
0.33984 5.23385650 1.96781637
0.34084 5.23381307 1.96781919
0.34184 5.23377442 1.96782191
0.34284 5.23374051 1.96782452
0.34384 5.23371133 1.96782703
0.34484 5.23368683 1.96782944
0.34585 5.23366700 1.96783175
0.34685 5.23365180 1.96783396
0.34785 5.23364122 1.96783609
0.34885 5.23363522 1.96783812
0.34985 5.23363379 1.96784006
0.35085 5.23363689 1.96784191
0.35185 5.23364451 1.96784368
0.35285 5.23365661 1.96784536
0.35385 5.23367318 1.96784697
0.35485 5.23369419 1.96784849
0.35586 5.23371962 1.96784993
0.35686 5.23374945 1.96785129
0.35786 5.23378366 1.96785258
0.35886 5.23382222 1.96785380
0.35986 5.23386512 1.96785494
0.36086 5.23391233 1.96785601
0.36186 5.23396384 1.96785702
0.36286 5.23401962 1.96785795
0.36386 5.23407965 1.96785882
0.36486 5.23414392 1.96785963
0.36587 5.23421242 1.96786037
0.36687 5.23428511 1.96786105
0.36787 5.23436198 1.96786167
0.36887 5.23444302 1.96786224
0.36987 5.23452821 1.96786274
0.37087 5.23461753 1.96786319
0.37187 5.23471097 1.96786359
0.37287 5.23480851 1.96786393
0.37387 5.23491014 1.96786422
0.37487 5.23501584 1.96786446
0.37588 5.23512560 1.96786464
0.37688 5.23523941 1.96786478
0.37788 5.23535724 1.96786488
0.37888 5.23547910 1.96786492
0.37988 5.23560495 1.96786492
0.38088 5.23573481 1.96786488
0.38188 5.23586864 1.96786479
0.38288 5.23600645 1.96786467
0.38388 5.23614822 1.96786450
0.38488 5.23629393 1.96786429
0.38589 5.23644359 1.96786404
0.38689 5.23659718 1.96786376
0.38789 5.23675469 1.96786343
0.38889 5.23691611 1.96786308
0.38989 5.23708144 1.96786268
0.39089 5.23725066 1.96786225
0.39189 5.23742377 1.96786179
0.39289 5.23760077 1.96786130
0.39389 5.23778165 1.96786077
0.39489 5.23796639 1.96786022
0.39590 5.23815500 1.96785963
0.39690 5.23834747 1.96785901
0.39790 5.23854380 1.96785837
0.39890 5.23874398 1.96785769
0.39990 5.23894800 1.96785699
0.40090 5.23915587 1.96785627
0.40190 5.23936759 1.96785551
0.40290 5.23958314 1.96785474
0.40390 5.23980253 1.96785393
0.40490 5.24002576 1.96785310
0.40591 5.24025283 1.96785225
0.40691 5.24048373 1.96785138
0.40791 5.24071847 1.96785048
0.40891 5.24095704 1.96784957
0.40991 5.24119945 1.96784863
0.41091 5.24144571 1.96784767
0.41191 5.24169580 1.96784668
0.41291 5.24194974 1.96784568
0.41391 5.24220753 1.96784466
0.41491 5.24246917 1.96784362
0.41592 5.24273467 1.96784257
0.41692 5.24300403 1.96784149
0.41792 5.24327726 1.96784040
0.41892 5.24355435 1.96783928
0.41992 5.24383533 1.96783816
0.42092 5.24412020 1.96783701
0.42192 5.24440896 1.96783585
0.42292 5.24470162 1.96783467
0.42392 5.24499819 1.96783348
0.42492 5.24529868 1.96783227
0.42593 5.24560310 1.96783104
0.42693 5.24591147 1.96782980
0.42793 5.24622379 1.96782855
0.42893 5.24654007 1.96782728
0.42993 5.24686032 1.96782599
0.43093 5.24718457 1.96782469
0.43193 5.24751282 1.96782338
0.43293 5.24784509 1.96782205
0.43393 5.24818139 1.96782071
0.43493 5.24852174 1.96781936
0.43594 5.24886615 1.96781799
0.43694 5.24921465 1.96781661
0.43794 5.24956724 1.96781521
0.43894 5.24992395 1.96781380
0.43994 5.25028480 1.96781238
0.44094 5.25064981 1.96781095
0.44194 5.25101899 1.96780950
0.44294 5.25139237 1.96780804
0.44394 5.25176997 1.96780656
0.44494 5.25215182 1.96780507
0.44595 5.25253793 1.96780357
0.44695 5.25292833 1.96780205
0.44795 5.25332305 1.96780053
0.44895 5.25372211 1.96779898
0.44995 5.25412554 1.96779743
0.45095 5.25453337 1.96779586
0.45195 5.25494562 1.96779427
0.45295 5.25536233 1.96779268
0.45395 5.25578352 1.96779106
0.45495 5.25620923 1.96778944
0.45596 5.25663949 1.96778780
0.45696 5.25707432 1.96778614
0.45796 5.25751378 1.96778447
0.45896 5.25795788 1.96778279
0.45996 5.25840666 1.96778109
0.46096 5.25886017 1.96777937
0.46196 5.25931843 1.96777764
0.46296 5.25978150 1.96777589
0.46396 5.26024940 1.96777413
0.46496 5.26072219 1.96777235
0.46597 5.26119989 1.96777055
0.46697 5.26168256 1.96776874
0.46797 5.26217023 1.96776691
0.46897 5.26266296 1.96776506
0.46997 5.26316079 1.96776319
0.47097 5.26366377 1.96776131
0.47197 5.26417194 1.96775941
0.47297 5.26468536 1.96775748
0.47397 5.26520408 1.96775554
0.47497 5.26572814 1.96775358
0.47598 5.26625761 1.96775159
0.47698 5.26679255 1.96774959
0.47798 5.26733299 1.96774756
0.47898 5.26787901 1.96774552
0.47998 5.26843067 1.96774345
0.48098 5.26898802 1.96774136
0.48198 5.26955112 1.96773924
0.48298 5.27012005 1.96773710
0.48398 5.27069486 1.96773494
0.48498 5.27127562 1.96773275
0.48599 5.27186240 1.96773054
0.48699 5.27245527 1.96772830
0.48799 5.27305431 1.96772604
0.48899 5.27365958 1.96772374
0.48999 5.27427116 1.96772142
0.49099 5.27488913 1.96771907
0.49199 5.27551357 1.96771670
0.49299 5.27614456 1.96771429
0.49399 5.27678217 1.96771185
0.49499 5.27742650 1.96770939
0.49600 5.27807763 1.96770689
0.49700 5.27873565 1.96770435
0.49800 5.27940065 1.96770179
0.49900 5.28007273 1.96769919
0.50000 5.28075197 1.96769656
