-1.50000 53.27910896 3.28811985
-1.49700 52.83883644 3.20748936
-1.49399 57.36698913 3.05697719
-1.49099 64.36961531 2.86588738
-1.48799 69.86893179 2.72208813
-1.48498 68.74529222 2.69858853
-1.48198 61.53697520 2.73135077
-1.47898 52.99257766 2.73691531
-1.47598 45.70377572 2.71214909
-1.47297 40.03763676 2.68171408
-1.46997 35.71019901 2.66108085
-1.46697 32.39377258 2.65455436
-1.46396 29.83058369 2.66082158
-1.46096 27.83094126 2.67684403
-1.45796 26.25646737 2.69961633
-1.45495 25.00587489 2.72673078
-1.45195 24.00457827 2.75643399
-1.44895 23.19726475 2.78751662
-1.44595 22.54258948 2.81917553
-1.44294 22.00938385 2.85089501
-1.43994 21.57394043 2.88235681
-1.43694 21.21806304 2.91337570
-1.43393 20.92765992 2.94385484
-1.43093 20.69172285 2.97375531
-1.42793 20.50158109 3.00307557
-1.42492 20.35035221 3.03183764
-1.42192 20.23253452 3.06007778
-1.41892 20.14370211 3.08784041
-1.41592 20.08027495 3.11517386
-1.41291 20.03934399 3.14212768
-1.40991 20.01853727 3.16875073
-1.40691 20.01591653 3.19508990
-1.40390 20.02989682 3.22118910
-1.40090 20.05918358 3.24708858
-1.39790 20.10272307 3.27282416
-1.39489 20.15966292 3.29842650
-1.39189 20.22932062 3.32392029
-1.38889 20.31115788 3.34932312
-1.38589 20.40475965 3.37464407
-1.38288 20.50981626 3.39988193
-1.37988 20.62610789 3.42502265
-1.37688 20.75349002 3.45003617
-1.37387 20.89187888 3.47487193
-1.37087 21.04123535 3.49945301
-1.36787 21.20154544 3.52366806
-1.36486 21.37279473 3.54736033
-1.36186 21.55493260 3.57031255
-1.35886 21.74781999 3.59222580
-1.35586 21.95115061 3.61268973
-1.35285 22.16432878 3.63113992
-1.34985 22.38627549 3.64679587
-1.34685 22.61511217 3.65856896
-1.34384 22.84763021 3.66492298
-1.34084 23.07836897 3.66365729
-1.33784 23.29794262 3.65155865
-1.33483 23.48982945 3.62382071
-1.33183 23.62373133 3.57302464
-1.32883 23.64028244 3.48721039
-1.32583 23.40924801 3.34572096
-1.32282 22.57044267 3.10738099
-1.31982 20.04275067 2.74787739
-1.31682 18.30465940 2.61244238
-1.31381 18.18447164 2.53096693
-1.31081 18.73735799 2.41658337
-1.30781 19.55110378 2.19609359
-1.30480 22.65318074 1.71820719
-1.30180 124.79367317 1.61563091
-1.29880 23.10797902 1.18795950
-1.29580 13.81807978 1.16382815
-1.29279 12.94877601 1.18225338
-1.28979 14.62978766 1.22716459
-1.28679 21.77331314 1.30433591
-1.28378 78.02643780 1.42035551
-1.28078 94.33106864 1.47240118
-1.27778 23.68174251 1.41799010
-1.27477 14.57924291 1.63678691
-1.27177 11.79485493 1.69278149
-1.26877 10.56901674 1.57478606
-1.26577 9.92224719 1.67886559
-1.26276 9.75566179 1.79520557
-1.25976 9.55127979 1.80294453
-1.25676 9.47882367 1.79269369
-1.25375 9.40065639 1.83488763
-1.25075 9.35953333 1.86282121
-1.24775 9.32310395 1.87698595
-1.24474 9.26404110 1.86377661
-1.24174 8.86282546 1.51334658
-1.23874 9.45574550 1.74815052
-1.23574 9.27533603 1.92425737
-1.23273 9.19286416 1.90619799
-1.22973 9.16052245 1.90232436
-1.22673 9.13921435 1.90231105
-1.22372 9.12243521 1.90361781
-1.22072 9.10821332 1.90544839
-1.21772 9.09571053 1.90749675
-1.21471 9.08448230 1.90962840
-1.21171 9.07425482 1.91177868
-1.20871 9.06484158 1.91391455
-1.20571 9.05610668 1.91601849
-1.20270 9.04794635 1.91808100
-1.19970 9.04027876 1.92009697
-1.19670 9.03303781 1.92206374
-1.19369 9.02616918 1.92398004
-1.19069 9.01962756 1.92584542
-1.18769 9.01337476 1.92765987
-1.18468 9.00737831 1.92942370
-1.18168 9.00161036 1.93113734
-1.17868 8.99604686 1.93280131
-1.17568 8.99066697 1.93441618
-1.17267 8.98545250 1.93598252
-1.16967 8.98038753 1.93750092
-1.16667 8.97545806 1.93897194
-1.16366 8.97065176 1.94039617
-1.16066 8.96595772 1.94177416
-1.15766 8.96136628 1.94310645
-1.15465 8.95686886 1.94439361
-1.15165 8.95245784 1.94563617
-1.14865 8.94812643 1.94683466
-1.14565 8.94386860 1.94798963
-1.14264 8.93967896 1.94910162
-1.13964 8.93555272 1.95017117
-1.13664 8.93148563 1.95119883
-1.13363 8.92747389 1.95218514
-1.13063 8.92351414 1.95313067
-1.12763 8.91960341 1.95403599
-1.12462 8.91573906 1.95490167
-1.12162 8.91191879 1.95572829
-1.11862 8.90814058 1.95651645
-1.11562 8.90440266 1.95726675
-1.11261 8.90070353 1.95797980
-1.10961 8.89704188 1.95865621
-1.10661 8.89341662 1.95929663
-1.10360 8.88982685 1.95990169
-1.10060 8.88627183 1.96047203
-1.09760 8.88275099 1.96100832
-1.09459 8.87926389 1.96151120
-1.09159 8.87581024 1.96198136
-1.08859 8.87238988 1.96241947
-1.08559 8.86900276 1.96282621
-1.08258 8.86564893 1.96320227
-1.07958 8.86232855 1.96354834
-1.07658 8.85904189 1.96386512
-1.07357 8.85578928 1.96415330
-1.07057 8.85257117 1.96441359
-1.06757 8.84938805 1.96464668
-1.06456 8.84624051 1.96485329
-1.06156 8.84312920 1.96503412
-1.05856 8.84005485 1.96518985
-1.05556 8.83701825 1.96532121
-1.05255 8.83402023 1.96542888
-1.04955 8.83106171 1.96551355
-1.04655 8.82814365 1.96557592
-1.04354 8.82526708 1.96561667
-1.04054 8.82243308 1.96563648
-1.03754 8.81964277 1.96563601
-1.03453 8.81689734 1.96561594
-1.03153 8.81419805 1.96557691
-1.02853 8.81154618 1.96551957
-1.02553 8.80894309 1.96544455
-1.02252 8.80639020 1.96535248
-1.01952 8.80388897 1.96524396
-1.01652 8.80144095 1.96511960
-1.01351 8.79904773 1.96497997
-1.01051 8.79671097 1.96482564
-1.00751 8.79443243 1.96465717
-1.00450 8.79221391 1.96447509
-1.00150 8.79005732 1.96427991
-0.99850 8.78796463 1.96407213
-0.99550 8.78593792 1.96385223
-0.99249 8.78397937 1.96362066
-0.98949 8.78209127 1.96337786
-0.98649 8.78027601 1.96312423
-0.98348 8.77853614 1.96286015
-0.98048 8.77687430 1.96258598
-0.97748 8.77529333 1.96230205
-0.97447 8.77379619 1.96200864
-0.97147 8.77238605 1.96170603
-0.96847 8.77106627 1.96139443
-0.96547 8.76984039 1.96107404
-0.96246 8.76871222 1.96074501
-0.95946 8.76768582 1.96040744
-0.95646 8.76676551 1.96006139
-0.95345 8.76595594 1.95970688
-0.95045 8.76526208 1.95934384
-0.94745 8.76468929 1.95897219
-0.94444 8.76424334 1.95859174
-0.94144 8.76393042 1.95820225
-0.93844 8.76375728 1.95780340
-0.93544 8.76373118 1.95739478
-0.93243 8.76386001 1.95697587
-0.92943 8.76415234 1.95654605
-0.92643 8.76461752 1.95610459
-0.92342 8.76526571 1.95565058
-0.92042 8.76610805 1.95518300
-0.91742 8.76715669 1.95470062
-0.91441 8.76842500 1.95420199
-0.91141 8.76992765 1.95368545
-0.90841 8.77168078 1.95314903
-0.90541 8.77370222 1.95259046
-0.90240 8.77601166 1.95200706
-0.89940 8.77863093 1.95139571
-0.89640 8.78158424 1.95075272
-0.89339 8.78489854 1.95007378
-0.89039 8.78860388 1.94935375
-0.88739 8.79273383 1.94858654
-0.88438 8.79732600 1.94776487
-0.88138 8.80242261 1.94687997
-0.87838 8.80807119 1.94592121
-0.87538 8.81432536 1.94487560
-0.87237 8.82124576 1.94372713
-0.86937 8.82890115 1.94245585
-0.86637 8.83736964 1.94103667
-0.86336 8.84674024 1.93943756
-0.86036 8.85711446 1.93761715
-0.85736 8.86860837 1.93552108
-0.85435 8.88135469 1.93307674
-0.85135 8.89550520 1.93018506
-0.84835 8.91123306 1.92670780
-0.84535 8.92873469 1.92244675
-0.84234 8.94823033 1.91710846
-0.83934 8.96996113 1.91024165
-0.83634 8.99417795 1.90111855
-0.83333 9.02111040 1.88849302
-0.83033 9.05088529 1.87005415
-0.82733 9.08329971 1.84100671
-0.82432 9.11708253 1.78951014
-0.82132 9.14651511 1.67552504
-0.81832 9.14397731 1.33147440
-0.81532 9.18853959 1.17126518
-0.81231 9.28058321 1.12998804
-0.80931 9.40141381 1.10996537
-0.80631 9.55238836 1.09754016
-0.80330 9.74061258 1.08860356
-0.80030 9.97846367 1.08140786
-0.79730 10.28575764 1.07502559
-0.79429 10.69450918 1.06885225
-0.79129 11.25855195 1.06237460
-0.78829 12.07410370 1.05497762
-0.78529 13.32819041 1.04562993
-0.78228 15.42867082 1.03211829
-0.77928 19.42116756 1.00869167
-0.77628 28.69765861 0.95675264
-0.77327 58.48665995 0.79507718
-0.77027 146.56545144 0.33437194
-0.76727 62.26244854 0.65937380
-0.76426 28.80187832 0.33137851
-0.76126 23.30191361 0.22788268
-0.75826 73.18530753 0.28488790
-0.75526 116.72260337 0.15055760
-0.75225 40.33323190 0.17567844
-0.74925 29.36770669 0.18517059
-0.74625 16.66744983 0.10051597
-0.74324 6.96323043 0.03160707
-0.74024 6.85754094 0.03502518
-0.73724 15.38035499 0.10846161
-0.73423 55.08218465 0.57761635
-0.73123 15.86620292 0.23861741
-0.72823 10.74588068 0.20970989
-0.72523 7.02304696 0.12625528
-0.72222 3.96950158 0.04314419
-0.71922 4.21142426 0.06189560
-0.71622 10.20285941 0.31802445
-0.71321 9.00989812 0.33015747
-0.71021 9.87968398 0.46473156
-0.70721 11.59473888 0.94083156
-0.70420 9.39852122 0.99953704
-0.70120 9.16172089 1.00217173
-0.69820 9.72361607 1.10204841
-0.69520 9.76729349 1.14518181
-0.69219 9.69158609 1.16167536
-0.68919 9.55615813 1.16795297
-0.68619 9.38020844 1.17013258
-0.68318 9.17542288 1.17356391
-0.68018 8.95105678 1.18800933
-0.67718 8.71891298 1.24575063
-0.67417 8.58962981 1.54950788
-0.67117 8.63727004 1.76851248
-0.66817 8.66040797 1.84213032
-0.66517 8.67122569 1.87840294
-0.66216 8.67605943 1.89968114
-0.65916 8.67763508 1.91348768
-0.65616 8.67731867 1.92307049
-0.65315 8.67586801 1.93005498
-0.65015 8.67373323 1.93533971
-0.64715 8.67119471 1.93945881
-0.64414 8.66843303 1.94274796
-0.64114 8.66556728 1.94542774
-0.63814 8.66267723 1.94764842
-0.63514 8.65981682 1.94951558
-0.63213 8.65702261 1.95110532
-0.62913 8.65431931 1.95247375
-0.62613 8.65172345 1.95366303
-0.62312 8.64924589 1.95470544
-0.62012 8.64689352 1.95562601
-0.61712 8.64467049 1.95644446
-0.61411 8.64257910 1.95717652
-0.61111 8.64062038 1.95783485
-0.60811 8.63879461 1.95842977
-0.60511 8.63710162 1.95896974
-0.60210 8.63554105 1.95946179
-0.59910 8.63411257 1.95991179
-0.59610 8.63281603 1.96032467
-0.59309 8.63165159 1.96070461
-0.59009 8.63061984 1.96105518
-0.58709 8.62972188 1.96137942
-0.58408 8.62895944 1.96167996
-0.58108 8.62833497 1.96195910
-0.57808 8.62785178 1.96221880
-0.57508 8.62751409 1.96246081
-0.57207 8.62732724 1.96268665
-0.56907 8.62729782 1.96289765
-0.56607 8.62743383 1.96309501
-0.56306 8.62774501 1.96327976
-0.56006 8.62824301 1.96345285
-0.55706 8.62894181 1.96361510
-0.55405 8.62985817 1.96376726
-0.55105 8.63101213 1.96390997
-0.54805 8.63242772 1.96404384
-0.54505 8.63413386 1.96416937
-0.54204 8.63616549 1.96428703
-0.53904 8.63856504 1.96439722
-0.53604 8.64138437 1.96450028
-0.53303 8.64468737 1.96459651
-0.53003 8.64855346 1.96468614
-0.52703 8.65308232 1.96476935
-0.52402 8.65840066 1.96484625
-0.52102 8.66467162 1.96491687
-0.51802 8.67210859 1.96498115
-0.51502 8.68099575 1.96503893
-0.51201 8.69171954 1.96508989
-0.50901 8.70481866 1.96513354
-0.50601 8.72106658 1.96516913
-0.50300 8.74161485 1.96519556
-0.50000 8.76825733 1.96521127
-0.49700 8.80395753 1.96521407
-0.49399 8.85401706 1.96520108
-0.49099 8.92908153 1.96516954
-0.48799 9.05489191 1.96512292
-0.48498 9.32065708 1.96512570
-0.48198 10.49622413 1.96657426
-0.47898 13.35875963 1.97435790
-0.47598 15.77070288 1.98584048
-0.47297 18.27931543 2.00644968
-0.46997 21.22987502 2.05380317
-0.46697 24.63471187 2.24678075
-0.46396 23.06336114 2.66152239
-0.46096 21.09393836 2.78217707
-0.45796 19.77144549 2.83257387
-0.45495 18.79871396 2.86001745
-0.45195 18.04047335 2.87715795
-0.44895 17.42629224 2.88880546
-0.44595 16.91504263 2.89718330
-0.44294 16.48069267 2.90345805
-0.43994 16.10576548 2.90829957
-0.43694 15.77798788 2.91211949
-0.43393 15.48842933 2.91518458
-0.43093 15.23040140 2.91767525
-0.42793 14.99877359 2.91971794
-0.42492 14.78953022 2.92140385
-0.42192 14.59947334 2.92280048
-0.41892 14.42601781 2.92395881
-0.41592 14.26704625 2.92491814
-0.41291 14.12080422 2.92570921
-0.40991 13.98582292 2.92635640
-0.40691 13.86086132 2.92687935
-0.40390 13.74486207 2.92729399
-0.40090 13.63691747 2.92761344
-0.39790 13.53624302 2.92784856
-0.39489 13.44215638 2.92800842
-0.39189 13.35406068 2.92810067
-0.38889 13.27143109 2.92813181
-0.38589 13.19380385 2.92810736
-0.38288 13.12076736 2.92803211
-0.37988 13.05195475 2.92791016
-0.37688 12.98703783 2.92774509
-0.37387 12.92572193 2.92754005
-0.37087 12.86774158 2.92729778
-0.36787 12.81285694 2.92702071
-0.36486 12.76085064 2.92671102
-0.36186 12.71152521 2.92637064
-0.35886 12.66470078 2.92600130
-0.35586 12.62021312 2.92560458
-0.35285 12.57791202 2.92518190
-0.34985 12.53765977 2.92473456
-0.34685 12.49932991 2.92426378
-0.34384 12.46280609 2.92377065
-0.34084 12.42798116 2.92325620
-0.33784 12.39475624 2.92272140
-0.33483 12.36303999 2.92216715
-0.33183 12.33274797 2.92159431
-0.32883 12.30380198 2.92100369
-0.32583 12.27612962 2.92039607
-0.32282 12.24966373 2.91977219
-0.31982 12.22434206 2.91913277
-0.31682 12.20010682 2.91847852
-0.31381 12.17690442 2.91781010
-0.31081 12.15468511 2.91712818
-0.30781 12.13340276 2.91643340
-0.30480 12.11301459 2.91572640
-0.30180 12.09348101 2.91500780
-0.29880 12.07476538 2.91427822
-0.29580 12.05683388 2.91353826
-0.29279 12.03965534 2.91278853
-0.28979 12.02320116 2.91202961
-0.28679 12.00744515 2.91126210
-0.28378 11.99236348 2.91048658
-0.28078 11.97793460 2.90970361
-0.27778 11.96413917 2.90891378
-0.27477 11.95096005 2.90811763
-0.27177 11.93838224 2.90731572
-0.26877 11.92639293 2.90650859
-0.26577 11.91498147 2.90569676
-0.26276 11.90413946 2.90488074
-0.25976 11.89386078 2.90406103
-0.25676 11.88414167 2.90323810
-0.25375 11.87498090 2.90241239
-0.25075 11.86637989 2.90158430
-0.24775 11.85834292 2.90075421
-0.24474 11.85087739 2.89992242
-0.24174 11.84399410 2.89908920
-0.23874 11.83770765 2.89825472
-0.23574 11.83203689 2.89741906
-0.23273 11.82700549 2.89658218
-0.22973 11.82264264 2.89574388
-0.22673 11.81898387 2.89490377
-0.22372 11.81607215 2.89406123
-0.22072 11.81395918 2.89321531
-0.21772 11.81270699 2.89236466
-0.21471 11.81239004 2.89150739
-0.21171 11.81309777 2.89064091
-0.20871 11.81493792 2.88976170
-0.20571 11.81804078 2.88886499
-0.20270 11.82256472 2.88794428
-0.19970 11.82870346 2.88699067
-0.19670 11.83669573 2.88599195
-0.19369 11.84683835 2.88493111
-0.19069 11.85950414 2.88378417
-0.18769 11.87516689 2.88251683
-0.18468 11.89443688 2.88107903
-0.18168 11.91811260 2.87939616
-0.17868 11.94725788 2.87735400
-0.17568 11.98332054 2.87477227
-0.17267 12.02832148 2.87135566
-0.16967 12.08516904 2.86659814
-0.16667 12.15820971 2.85958251
-0.16366 12.25425798 2.84852163
-0.16066 12.38469182 2.82957776
-0.15766 12.57021735 2.79327256
-0.15465 12.85330182 2.71032399
-0.15165 13.32580385 2.44157638
-0.14865 13.21814560 1.57066745
-0.14565 12.27402664 1.29400984
-0.14264 11.49830476 1.19731124
-0.13964 10.76200207 1.14215504
-0.13664 9.93140593 1.09943497
-0.13363 8.78154666 1.05047224
-0.13063 8.09538443 1.00175669
-0.12763 7.17679219 0.97852818
-0.12462 6.89036947 0.97482763
-0.12162 6.72220657 0.97516448
-0.11862 6.64999083 0.97768795
-0.11562 6.74703718 0.98412358
-0.11261 7.83073886 1.01601678
-0.10961 8.89992110 1.04500431
-0.10661 9.62027962 1.06623051
-0.10360 10.19834543 1.08702003
-0.10060 10.71339329 1.11165470
-0.09760 11.21454973 1.14590048
-0.09459 11.75065237 1.20307220
-0.09159 12.40079907 1.33462579
-0.08859 13.07863535 1.95101686
-0.08559 12.86056432 2.48707636
-0.08258 12.68248907 2.65275974
-0.07958 12.57894476 2.72912007
-0.07658 12.52370563 2.77155388
-0.07357 12.50336194 2.79780750
-0.07057 12.51136434 2.81525308
-0.06757 12.54506202 2.82745444
-0.06456 12.60447786 2.83631367
-0.06156 12.69193335 2.84291511
-0.05856 12.81221672 2.84789997
-0.05556 12.97326903 2.85164531
-0.05255 13.18757449 2.85435015
-0.04955 13.47473196 2.85606868
-0.04655 13.86625057 2.85670203
-0.04354 14.41489554 2.85593774
-0.04054 15.21412092 2.85309223
-0.03754 16.44198406 2.84672657
-0.03453 18.47125732 2.83364481
-0.03153 22.18315073 2.80595258
-0.02853 29.99964078 2.74104409
-0.02553 49.48241949 2.56462769
-0.02252 93.33765867 2.12933214
-0.01952 88.20195170 2.12054470
-0.01652 48.40791749 2.50400074
-0.01351 33.41398269 2.66469423
-0.01051 29.98856046 2.71192179
-0.00751 33.43344217 2.68839593
-0.00450 46.36563793 2.55720416
-0.00150 74.73378595 2.21121761
0.00150 84.40379637 1.97755322
0.00450 53.19052743 2.27920335
0.00751 33.19284265 2.52159524
0.01051 24.14750904 2.64440508
0.01351 19.69642425 2.71050114
0.01652 17.23974457 2.75003245
0.01952 15.75155499 2.77587426
0.02252 14.78350527 2.79398422
0.02553 14.11840439 2.80738716
0.02853 13.64152440 2.81774777
0.03153 13.28781972 2.82604524
0.03453 13.01821362 2.83288805
0.03754 12.80807867 2.83867185
0.04054 12.64125926 2.84366386
0.04354 12.50679168 2.84805042
0.04655 12.39701652 2.85196512
0.04955 12.30644705 2.85550593
0.05255 12.23106614 2.85874624
0.05556 12.16787565 2.86174195
0.05856 12.11459975 2.86453632
0.06156 12.06948461 2.86716326
0.06456 12.03116028 2.86964968
0.06757 11.99854367 2.87201716
0.07057 11.97076897 2.87428310
0.07357 11.94713722 2.87646172
0.07658 11.92707901 2.87856465
0.07958 11.91012665 2.88060144
0.08258 11.89589313 2.88258004
0.08559 11.88405598 2.88450698
0.08859 11.87434487 2.88638771
0.09159 11.86653186 2.88822673
0.09459 11.86042379 2.89002776
0.09760 11.85585623 2.89179387
0.10060 11.85268862 2.89352755
0.10360 11.85080040 2.89523082
0.10661 11.85008786 2.89690527
0.10961 11.85046154 2.89855212
0.11261 11.85184419 2.90017226
0.11562 11.85416901 2.90176630
0.11862 11.85737822 2.90333459
0.12162 11.86142193 2.90487723
0.12462 11.86625711 2.90639411
0.12763 11.87184680 2.90788492
0.13063 11.87815944 2.90934915
0.13363 11.88516833 2.91078610
0.13664 11.89285111 2.91219493
0.13964 11.90118944 2.91357459
0.14264 11.91016867 2.91492388
0.14565 11.91977755 2.91624142
0.14865 11.93000811 2.91752568
0.15165 11.94085546 2.91877493
0.15465 11.95231768 2.91998728
0.15766 11.96439580 2.92116065
0.16066 11.97709373 2.92229275
0.16366 11.99041828 2.92338108
0.16667 12.00437921 2.92442294
0.16967 12.01898929 2.92541536
0.17267 12.03426442 2.92635512
0.17568 12.05022379 2.92723871
0.17868 12.06689004 2.92806231
0.18168 12.08428949 2.92882175
0.18468 12.10245242 2.92951247
0.18769 12.12141339 2.93012950
0.19069 12.14121158 2.93066736
0.19369 12.16189130 2.93112004
0.19670 12.18350239 2.93148094
0.19970 12.20610092 2.93174273
0.20270 12.22974977 2.93189731
0.20571 12.25451948 2.93193567
0.20871 12.28048917 2.93184775
0.21171 12.30774758 2.93162231
0.21471 12.33639434 2.93124666
0.21772 12.36654142 2.93070653
0.22072 12.39831491 2.92998570
0.22372 12.43185701 2.92906568
0.22673 12.46732847 2.92792532
0.22973 12.50491154 2.92654024
0.23273 12.54481341 2.92488221
0.23574 12.58727049 2.92291831
0.23874 12.63255352 2.92060993
0.24174 12.68097395 2.91791144
0.24474 12.73289176 2.91476850
0.24775 12.78872529 2.91111582
0.25075 12.84896365 2.90687430
0.25375 12.91418256 2.90194705
0.25676 12.98506486 2.89621410
0.25976 13.06242745 2.88952507
0.26276 13.14725710 2.88168876
0.26577 13.24075923 2.87245822
0.26877 13.34442523 2.86150872
0.27177 13.46012811 2.84840423
0.27477 13.59026182 2.83254475
0.27778 13.73795118 2.81308026
0.28078 13.90738147 2.78876293
0.28378 14.10434341 2.75767792
0.28679 14.33720057 2.71671315
0.28979 14.61879794 2.66040094
0.29279 14.97097907 2.57797651
0.29580 15.44035265 2.44385080
0.29880 16.25934033 2.17023391
0.30180 19.88318771 1.73367458
0.30480 29.02872108 1.39558081
0.30781 30.40905052 1.44401026
0.31081 24.94061783 1.65984147
0.31381 20.58593143 1.80097401
0.31682 18.09755040 1.87358850
0.31982 16.78839361 1.90557033
0.32282 16.24800014 1.90298871
0.32583 16.41648168 1.83056993
0.32883 17.44578068 1.42399778
0.33183 16.61228169 1.15817884
0.33483 15.73910335 1.08833194
0.33784 15.03356759 1.05655517
0.34084 14.40132809 1.03819628
0.34384 13.78296931 1.02601105
0.34685 13.13745898 1.01710366
0.34985 12.42745745 1.01006946
0.35285 11.60653236 1.00410123
0.35586 10.59718255 0.99861227
0.35886 9.22018773 0.99293382
0.36186 7.02354700 0.98624614
0.36486 6.17587481 0.98477494
0.36787 5.99107582 0.98471771
0.37087 5.90725457 0.98475214
0.37387 5.86074165 0.98479572
0.37688 5.83387090 0.98483624
0.37988 5.81988371 0.98487212
0.38288 5.81603472 0.98490410
0.38589 5.82164452 0.98493360
0.38889 5.83759380 0.98496258
0.39189 5.86654285 0.98499399
0.39489 5.91394505 0.98503304
0.39790 5.99064233 0.98509053
0.40090 6.11969235 0.98519237
0.40390 6.35730308 0.98541339
0.40691 6.87643546 0.98603624
0.40991 8.50988744 0.98881942
0.41291 22.40296165 1.02991954
0.41592 37.45955086 1.12648204
0.41892 32.09213467 1.16466547
0.42192 25.45668900 1.23218158
0.42492 18.65327366 1.53094807
0.42793 16.05510881 1.73394899
0.43093 14.81384489 1.80424111
0.43393 13.99872496 1.84045898
0.43694 13.40669572 1.86280328
0.43994 12.95748307 1.87805634
0.44294 12.61753464 1.88916404
0.44595 12.40946698 1.89762601
0.44895 12.71231328 1.90466482
0.45195 13.10452931 1.91095790
0.45495 13.43710127 1.91664108
0.45796 13.79917234 1.92222337
0.46096 14.24290895 1.92848823
0.46396 14.84042461 1.93729172
0.46697 15.77470334 1.95623889
0.46997 17.80547562 2.06860164
0.47297 19.08707513 2.26095968
0.47598 19.43644946 2.37746943
0.47898 19.50100545 2.46263141
0.48198 19.42591458 2.53004771
0.48498 19.27057093 2.58545388
0.48799 19.06630926 2.63193774
0.49099 18.83195205 2.67142524
0.49399 18.57968572 2.70523930
0.49700 18.31776743 2.73435065
0.50000 18.05194788 2.75950530
0.50300 17.78629336 2.78129573
0.50601 17.52369534 2.80020385
0.50901 17.26620387 2.81662854
0.51201 17.01525477 2.83090426
0.51502 16.77182954 2.84331434
0.51802 16.53657070 2.85410057
0.52102 16.30986657 2.86347061
0.52402 16.09191455 2.87160365
0.52703 15.88276887 2.87865497
0.53003 15.68237698 2.88475954
0.53303 15.49060734 2.89003507
0.53604 15.30727090 2.89458439
0.53904 15.13213763 2.89849761
0.54204 14.96494929 2.90185378
0.54505 14.80542931 2.90472238
0.54805 14.65329041 2.90716457
0.55105 14.50824044 2.90923426
0.55405 14.36998682 2.91097903
0.55706 14.23823996 2.91244088
0.56006 14.11271580 2.91365699
0.56306 13.99313763 2.91466021
0.56607 13.87923752 2.91547965
0.56907 13.77075716 2.91614110
0.57207 13.66744859 2.91666741
0.57508 13.56907449 2.91707883
0.57808 13.47540844 2.91739333
0.58108 13.38623491 2.91762683
0.58408 13.30134927 2.91779344
0.58709 13.22055756 2.91790568
0.59009 13.14367642 2.91797462
0.59309 13.07053275 2.91801007
0.59610 13.00096355 2.91802070
0.59910 12.93481564 2.91801414
0.60210 12.87194540 2.91799716
0.60511 12.81221858 2.91797568
0.60811 12.75551002 2.91795490
0.61111 12.70170353 2.91793937
0.61411 12.65069171 2.91793307
0.61712 12.60237583 2.91793941
0.62012 12.55666580 2.91796135
0.62312 12.51348012 2.91800143
0.62613 12.47274600 2.91806178
0.62913 12.43439943 2.91814418
0.63213 12.39838546 2.91825010
0.63514 12.36465852 2.91838069
0.63814 12.33318287 2.91853686
0.64114 12.30393322 2.91871926
0.64414 12.27689553 2.91892829
0.64715 12.25206803 2.91916415
0.65015 12.22946254 2.91942684
0.65315 12.20910616 2.91971615
0.65616 12.19104336 2.92003169
0.65916 12.17533869 2.92037286
0.66216 12.16208031 2.92073890
0.66517 12.15138439 2.92112884
0.66817 12.14340101 2.92154151
0.67117 12.13832174 2.92197553
0.67417 12.13638981 2.92242928
0.67718 12.13791377 2.92290087
0.68018 12.14328606 2.92338812
0.68318 12.15300883 2.92388850
0.68619 12.16773035 2.92439906
0.68919 12.18829757 2.92491633
0.69219 12.21583351 2.92543622
0.69520 12.25185456 2.92595379
0.69820 12.29845331 2.92646304
0.70120 12.35859325 2.92695647
0.70420 12.43660296 2.92742449
0.70721 12.53904259 2.92785439
0.71021 12.67630698 2.92822859
0.71321 12.86578821 2.92852139
0.71622 13.13862567 2.92869237
0.71922 13.55561777 2.92867163
0.72222 14.24992205 2.92832228
0.72523 15.56394060 2.92732567
0.72823 18.61969763 2.92472837
0.73123 28.98956866 2.91620467
0.73423 109.52283101 2.85863263
0.73724 94.10418117 2.88725247
0.74024 28.09165960 2.92650814
0.74324 19.68386308 2.93068194
0.74625 18.89585193 2.93582926
0.74925 24.88326886 2.97497195
0.75225 32.12842028 3.08607147
0.75526 40.95867534 3.51972577
0.75826 56.61855016 3.82857149
0.76126 62.10389999 4.36414888
0.76426 51.95634790 4.47666557
0.76727 46.19587910 4.47869920
0.77027 43.21446971 4.44205885
0.77327 42.02790603 4.37955137
0.77628 42.21687982 4.29152346
0.77928 43.65341972 4.17446952
0.78228 46.33091500 4.02538536
0.78529 50.16128704 3.84863013
0.78829 54.64634800 3.66689574
0.79129 58.63359825 3.52466443
0.79429 60.87709623 3.45798500
0.79730 61.23009846 3.45178626
0.80030 60.46329610 3.46444226
0.80330 58.87408377 3.48992150
0.80631 56.09010826 3.55849591
0.80931 52.07386818 3.68579900
0.81231 47.52794302 3.84905438
0.81532 43.29682352 4.01211718
0.81832 39.86274902 4.15121507
0.82132 37.35762404 4.25778501
0.82432 35.75501865 4.33126241
0.82733 35.00986214 4.37295980
0.83033 35.12417625 4.38285235
0.83333 36.16676727 4.35823166
0.83634 38.24679784 4.29392655
0.83934 41.38222789 4.18598649
0.84234 45.15001121 4.04344827
0.84535 48.21332487 3.90765638
0.84835 48.66345790 3.84844113
0.85135 45.86676377 3.90256189
0.85435 41.25328734 4.03312632
0.85736 36.58174547 4.18041675
0.86036 32.68876266 4.31056129
0.86336 29.68617748 4.41497178
0.86637 27.42116409 4.49604652
0.86937 25.70714887 4.55875796
0.87237 24.39180778 4.60768641
0.87538 23.36414063 4.64638164
0.87838 22.54611804 4.67744320
0.88138 21.88320920 4.70274489
0.88438 21.33702945 4.72363924
0.88739 20.88020676 4.74111160
0.89039 20.49292141 4.75588884
0.89339 20.16059220 4.76851465
0.89640 19.87232252 4.77940142
0.89940 19.61984617 4.78886619
0.90240 19.39680293 4.79715590
0.90541 19.19823378 4.80446521
0.90841 19.02022421 4.81094935
0.91141 18.85964852 4.81673337
0.91441 18.71398417 4.82191904
0.91742 18.58117515 4.82658992
0.92042 18.45953029 4.83081521
0.92342 18.34764656 4.83465266
0.92643 18.24435075 4.83815081
0.92943 18.14865457 4.84135075
0.93243 18.05971974 4.84428749
0.93544 17.97683068 4.84699100
0.93844 17.89937289 4.84948713
0.94144 17.82681569 4.85179824
0.94444 17.75869844 4.85394380
0.94745 17.69461933 4.85594082
0.95045 17.63422627 4.85780424
0.95345 17.57720943 4.85954721
0.95646 17.52329508 4.86118138
0.95946 17.47224051 4.86271707
0.96246 17.42382978 4.86416349
0.96547 17.37787013 4.86552885
0.96847 17.33418901 4.86682051
0.97147 17.29263155 4.86804508
0.97447 17.25305838 4.86920852
0.97748 17.21534382 4.87031618
0.98048 17.17937433 4.87137292
0.98348 17.14504712 4.87238314
0.98649 17.11226900 4.87335083
0.98949 17.08095542 4.87427960
0.99249 17.05102955 4.87517277
0.99550 17.02242157 4.87603333
0.99850 16.99506799 4.87686403
1.00150 16.96891109 4.87766736
1.00450 16.94389844 4.87844560
1.00751 16.91998246 4.87920084
1.01051 16.89712002 4.87993497
1.01351 16.87527219 4.88064973
1.01652 16.85440387 4.88134670
1.01952 16.83448361 4.88202732
1.02252 16.81548341 4.88269290
1.02553 16.79737851 4.88334461
1.02853 16.78014727 4.88398353
1.03153 16.76377109 4.88461063
1.03453 16.74823426 4.88522676
1.03754 16.73352395 4.88583268
1.04054 16.71963019 4.88642908
1.04354 16.70654582 4.88701654
1.04655 16.69426651 4.88759555
1.04955 16.68279087 4.88816654
1.05255 16.67212046 4.88872985
1.05556 16.66225992 4.88928572
1.05856 16.65321710 4.88983434
1.06156 16.64500326 4.89037581
1.06456 16.63763327 4.89091013
1.06757 16.63112585 4.89143724
1.07057 16.62550394 4.89195698
1.07357 16.62079502 4.89246910
1.07658 16.61703155 4.89297326
1.07958 16.61425156 4.89346901
1.08258 16.61249917 4.89395578
1.08559 16.61182539 4.89443289
1.08859 16.61228893 4.89489951
1.09159 16.61395724 4.89535466
1.09459 16.61690768 4.89579720
1.09760 16.62122894 4.89622579
1.10060 16.62702275 4.89663885
1.10360 16.63440590 4.89703455
1.10661 16.64351261 4.89741078
1.10961 16.65449752 4.89776505
1.11261 16.66753918 4.89809446
1.11562 16.68284437 4.89839562
1.11862 16.70065332 4.89866455
1.12162 16.72124627 4.89889655
1.12462 16.74495142 4.89908606
1.12763 16.77215499 4.89922644
1.13063 16.80331381 4.89930978
1.13363 16.83897121 4.89932650
1.13664 16.87977745 4.89926504
1.13964 16.92651589 4.89911124
1.14264 16.98013714 4.89884769
1.14565 17.04180391 4.89845276
1.14865 17.11295059 4.89789938
1.15165 17.19536344 4.89715326
1.15465 17.29128977 4.89617058
1.15766 17.40358877 4.89489462
1.16066 17.53594304 4.89325101
1.16366 17.69315998 4.89114095
1.16667 17.88160908 4.88843104
1.16967 18.10986837 4.88493820
1.17267 18.38970015 4.88040638
1.17568 18.73755652 4.87447012
1.17868 19.17695772 4.86659576
1.18168 19.74234124 4.85598447
1.18468 20.48544106 4.84140771
1.18769 21.48607673 4.82092130
1.19069 22.87058075 4.79135981
1.19369 24.84268440 4.74744625
1.19670 27.73008365 4.68032312
1.19970 32.02572782 4.57576586
1.20270 38.27394327 4.41542519
1.20571 46.23620952 4.19602121
1.20871 52.77653611 3.98817501
1.21171 52.55761035 3.94003104
1.21471 45.95002728 4.07221445
1.21772 38.37653394 4.25373817
1.22072 32.65304811 4.40167609
1.22372 28.89480942 4.50411992
1.22673 26.56754147 4.57077557
1.22973 25.22421493 4.61171471
1.23273 24.59643978 4.63344617
1.23574 24.55902491 4.63916166
1.23874 25.10024767 4.62925877
1.24174 26.31892809 4.60134904
1.24474 28.44970884 4.54963334
1.24775 31.90548830 4.46393985
1.25075 37.25056255 4.33072995
1.25375 44.70641857 4.14630823
1.25676 52.33917543 3.96302641
1.25976 54.75595752 3.91858172
1.26276 49.57218940 4.06737469
1.26577 41.70199193 4.27986392
1.26877 35.33057721 4.45165109
1.27177 31.23880753 4.56661794
1.27477 29.07074677 4.63756199
1.27778 28.59547108 4.67588273
1.28078 30.17333422 4.68433074
1.28378 35.57486739 4.65013773
1.28679 51.10732913 4.51718488
1.28979 93.20834565 4.13780178
1.29279 103.59261666 4.06142148
1.29580 55.90429491 4.51170364
1.29880 35.68754015 4.70182342
1.30180 27.97702611 4.77556437
1.30480 24.52662770 4.80960355
1.30781 22.84628916 4.82693572
1.31081 22.09333352 4.83529890
1.31381 21.98375335 4.83723644
1.31682 22.50753408 4.83267302
1.31982 23.91712120 4.81889969
1.32282 26.96279828 4.78807145
1.32583 33.76141150 4.71814430
1.32883 50.75056336 4.54212130
1.33183 89.76827771 4.13679216
1.33483 93.19502399 4.10170685
1.33784 52.64545791 4.52424035
1.34084 33.94124268 4.71942960
1.34384 26.30423242 4.79940780
1.34685 22.66778075 4.83771189
1.34985 20.68365003 4.85878150
1.35285 19.48487403 4.87164179
1.35586 18.70308140 4.88012910
1.35886 18.16243309 4.88607588
1.36186 17.77089796 4.89044219
1.36486 17.47664277 4.89376953
1.36787 17.24868773 4.89638219
1.37087 17.06758810 4.89848423
1.37387 16.92062897 4.90020954
1.37688 16.79920201 4.90164911
1.37988 16.69730262 4.90286673
1.38288 16.61063250 4.90390834
1.38589 16.53604423 4.90480777
1.38889 16.47118656 4.90559050
1.39189 16.41427152 4.90627607
1.39489 16.36391771 4.90687974
1.39790 16.31904249 4.90741356
1.40090 16.27878641 4.90788724
1.40390 16.24245911 4.90830865
1.40691 16.20950020 4.90868429
1.40991 16.17945031 4.90901956
1.41291 16.15192952 4.90931899
1.41592 16.12662103 4.90958641
1.41892 16.10325871 4.90982513
1.42192 16.08161739 4.91003797
1.42492 16.06150536 4.91022739
1.42793 16.04275841 4.91039554
1.43093 16.02523508 4.91054431
1.43393 16.00881292 4.91067537
1.43694 15.99338539 4.91079021
1.43994 15.97885936 4.91089016
1.44294 15.96515314 4.91097642
1.44595 15.95219471 4.91105006
1.44895 15.93992042 4.91111208
1.45195 15.92827376 4.91116335
1.45495 15.91720441 4.91120470
1.45796 15.90666745 4.91123686
1.46096 15.89662263 4.91126053
1.46396 15.88703379 4.91127633
1.46697 15.87786840 4.91128486
1.46997 15.86909705 4.91128666
1.47297 15.86069316 4.91128222
1.47598 15.85263262 4.91127203
1.47898 15.84489349 4.91125651
1.48198 15.83745583 4.91123607
1.48498 15.83030144 4.91121111
1.48799 15.82341365 4.91118198
1.49099 15.81677725 4.91114902
1.49399 15.81037824 4.91111254
1.49700 15.80420379 4.91107285
1.50000 15.79824208 4.91103023
