-0.50000 5.09612635 1.05196903 1.93708583 
-0.49900 5.09636182 1.01999901 1.93809320 
-0.49800 5.09659949 0.98953062 1.93905525 
-0.49700 5.09683947 0.96047089 1.93997466 
-0.49600 5.09708189 0.93273400 1.94085390 
-0.49499 5.09732681 0.90624061 1.94169526 
-0.49399 5.09757433 0.88091727 1.94250087 
-0.49299 5.09782451 0.85669589 1.94327272 
-0.49199 5.09807738 0.83351333 1.94401264 
-0.49099 5.09833300 0.81131089 1.94472235 
-0.48999 5.09859139 0.79003400 1.94540344 
-0.48899 5.09885258 0.76963187 1.94605739 
-0.48799 5.09911657 0.75005713 1.94668561 
-0.48699 5.09938339 0.73126563 1.94728937 
-0.48599 5.09965301 0.71321610 1.94786991 
-0.48498 5.09992545 0.69586999 1.94842835 
-0.48398 5.10020069 0.67919122 1.94896576 
-0.48298 5.10047871 0.66314602 1.94948312 
-0.48198 5.10075950 0.64770272 1.94998139 
-0.48098 5.10104303 0.63283162 1.95046143 
-0.47998 5.10132928 0.61850483 1.95092406 
-0.47898 5.10161822 0.60469616 1.95137007 
-0.47798 5.10190980 0.59138098 1.95180017 
-0.47698 5.10220401 0.57853609 1.95221505 
-0.47598 5.10250080 0.56613965 1.95261536 
-0.47497 5.10280013 0.55417111 1.95300170 
-0.47397 5.10310196 0.54261104 1.95337465 
-0.47297 5.10340625 0.53144113 1.95373474 
-0.47197 5.10371295 0.52064408 1.95408248 
-0.47097 5.10402202 0.51020355 1.95441835 
-0.46997 5.10433341 0.50010407 1.95474281 
-0.46897 5.10464707 0.49033103 1.95505627 
-0.46797 5.10496295 0.48087056 1.95535915 
-0.46697 5.10528100 0.47170956 1.95565182 
-0.46597 5.10560118 0.46283557 1.95593466 
-0.46496 5.10592342 0.45423681 1.95620799 
-0.46396 5.10624768 0.44590207 1.95647214 
-0.46296 5.10657390 0.43782073 1.95672741 
-0.46196 5.10690203 0.42998268 1.95697410 
-0.46096 5.10723202 0.42237832 1.95721248 
-0.45996 5.10756381 0.41499853 1.95744280 
-0.45896 5.10789734 0.40783461 1.95766531 
-0.45796 5.10823257 0.40087828 1.95788024 
-0.45696 5.10856942 0.39412169 1.95808781 
-0.45596 5.10890786 0.38755730 1.95828823 
-0.45495 5.10924782 0.38117797 1.95848169 
-0.45395 5.10958924 0.37497687 1.95866838 
-0.45295 5.10993207 0.36894748 1.95884847 
-0.45195 5.11027625 0.36308359 1.95902214 
-0.45095 5.11062172 0.35737925 1.95918953 
-0.44995 5.11096843 0.35182879 1.95935079 
-0.44895 5.11131631 0.34642679 1.95950607 
-0.44795 5.11166532 0.34116805 1.95965550 
-0.44695 5.11201538 0.33604762 1.95979920 
-0.44595 5.11236645 0.33106074 1.95993729 
-0.44494 5.11271847 0.32620287 1.96006987 
-0.44394 5.11307137 0.32146965 1.96019707 
-0.44294 5.11342510 0.31685692 1.96031896 
-0.44194 5.11377960 0.31236067 1.96043565 
-0.44094 5.11413481 0.30797707 1.96054722 
-0.43994 5.11449067 0.30370244 1.96065376 
-0.43894 5.11484712 0.29953326 1.96075533 
-0.43794 5.11520410 0.29546613 1.96085201 
-0.43694 5.11556156 0.29149781 1.96094386 
-0.43594 5.11591944 0.28762517 1.96103095 
-0.43493 5.11627767 0.28384522 1.96111334 
-0.43393 5.11663619 0.28015507 1.96119106 
-0.43293 5.11699495 0.27655194 1.96126418 
-0.43193 5.11735389 0.27303318 1.96133274 
-0.43093 5.11771295 0.26959623 1.96139677 
-0.42993 5.11807206 0.26623860 1.96145632 
-0.42893 5.11843117 0.26295794 1.96151142 
-0.42793 5.11879022 0.25975195 1.96156209 
-0.42693 5.11914914 0.25661843 1.96160836 
-0.42593 5.11950788 0.25355526 1.96165025 
-0.42492 5.11986638 0.25056041 1.96168779 
-0.42392 5.12022457 0.24763189 1.96172099 
-0.42292 5.12058241 0.24476781 1.96174986 
-0.42192 5.12093982 0.24196635 1.96177442 
-0.42092 5.12129674 0.23922573 1.96179466 
-0.41992 5.12165312 0.23654424 1.96181060 
-0.41892 5.12200890 0.23392026 1.96182223 
-0.41792 5.12236401 0.23135218 1.96182956 
-0.41692 5.12271839 0.22883848 1.96183257 
-0.41592 5.12307199 0.22637767 1.96183127 
-0.41491 5.12342474 0.22396833 1.96182564 
-0.41391 5.12377659 0.22160907 1.96181568 
-0.41291 5.12412746 0.21929856 1.96180136 
-0.41191 5.12447731 0.21703551 1.96178267 
-0.41091 5.12482607 0.21481867 1.96175960 
-0.40991 5.12517368 0.21264684 1.96173211 
-0.40891 5.12552008 0.21051884 1.96170019 
-0.40791 5.12586521 0.20843355 1.96166380 
-0.40691 5.12620901 0.20638988 1.96162293 
-0.40591 5.12655141 0.20438676 1.96157753 
-0.40490 5.12689237 0.20242317 1.96152758 
-0.40390 5.12723181 0.20049813 1.96147303 
-0.40290 5.12756968 0.19861067 1.96141386 
-0.40190 5.12790591 0.19675986 1.96135001 
-0.40090 5.12824045 0.19494481 1.96128145 
-0.39990 5.12857324 0.19316463 1.96120814 
-0.39890 5.12890422 0.19141848 1.96113001 
-0.39790 5.12923332 0.18970555 1.96104703 
-0.39690 5.12956049 0.18802503 1.96095913 
-0.39590 5.12988566 0.18637616 1.96086628 
-0.39489 5.13020879 0.18475819 1.96076840 
-0.39389 5.13052980 0.18317039 1.96066544 
-0.39289 5.13084864 0.18161206 1.96055734 
-0.39189 5.13116525 0.18008252 1.96044403 
-0.39089 5.13147958 0.17858111 1.96032545 
-0.38989 5.13179155 0.17710717 1.96020153 
-0.38889 5.13210112 0.17566009 1.96007220 
-0.38789 5.13240823 0.17423926 1.95993737 
-0.38689 5.13271282 0.17284410 1.95979698 
-0.38589 5.13301482 0.17147402 1.95965095 
-0.38488 5.13331420 0.17012848 1.95949919 
-0.38388 5.13361087 0.16880694 1.95934162 
-0.38288 5.13390480 0.16750887 1.95917816 
-0.38188 5.13419593 0.16623376 1.95900871 
-0.38088 5.13448419 0.16498112 1.95883318 
-0.37988 5.13476954 0.16375046 1.95865148 
-0.37888 5.13505192 0.16254133 1.95846350 
-0.37788 5.13533127 0.16135326 1.95826915 
-0.37688 5.13560754 0.16018582 1.95806833 
-0.37588 5.13588068 0.15903856 1.95786091 
-0.37487 5.13615063 0.15791108 1.95764681 
-0.37387 5.13641735 0.15680297 1.95742590 
-0.37287 5.13668078 0.15571384 1.95719806 
-0.37187 5.13694086 0.15464329 1.95696318 
-0.37087 5.13719756 0.15359095 1.95672113 
-0.36987 5.13745081 0.15255647 1.95647179 
-0.36887 5.13770057 0.15153948 1.95621503 
-0.36787 5.13794680 0.15053964 1.95595071 
-0.36687 5.13818944 0.14955661 1.95567869 
-0.36587 5.13842844 0.14859007 1.95539884 
-0.36486 5.13866377 0.14763970 1.95511102 
-0.36386 5.13889538 0.14670518 1.95481506 
-0.36286 5.13912322 0.14578623 1.95451083 
-0.36186 5.13934725 0.14488254 1.95419815 
-0.36086 5.13956743 0.14399382 1.95387688 
-0.35986 5.13978372 0.14311981 1.95354685 
-0.35886 5.13999607 0.14226022 1.95320788 
-0.35786 5.14020445 0.14141480 1.95285980 
-0.35686 5.14040883 0.14058328 1.95250244 
-0.35586 5.14060916 0.13976542 1.95213561 
-0.35485 5.14080541 0.13896097 1.95175911 
-0.35385 5.14099755 0.13816969 1.95137276 
-0.35285 5.14118555 0.13739136 1.95097636 
-0.35185 5.14136937 0.13662574 1.95056970 
-0.35085 5.14154898 0.13587261 1.95015256 
-0.34985 5.14172437 0.13513177 1.94972475 
-0.34885 5.14189549 0.13440300 1.94928602 
-0.34785 5.14206234 0.13368610 1.94883616 
-0.34685 5.14222488 0.13298087 1.94837493 
-0.34585 5.14238309 0.13228712 1.94790208 
-0.34484 5.14253697 0.13160465 1.94741738 
-0.34384 5.14268648 0.13093330 1.94692055 
-0.34284 5.14283162 0.13027287 1.94641136 
-0.34184 5.14297237 0.12962319 1.94588951 
-0.34084 5.14310872 0.12898410 1.94535474 
-0.33984 5.14324067 0.12835542 1.94480676 
-0.33884 5.14336821 0.12773701 1.94424528 
-0.33784 5.14349133 0.12712869 1.94367000 
-0.33684 5.14361004 0.12653032 1.94308060 
-0.33584 5.14372434 0.12594175 1.94247676 
-0.33483 5.14383423 0.12536283 1.94185817 
-0.33383 5.14393972 0.12479342 1.94122447 
-0.33283 5.14404081 0.12423339 1.94057532 
-0.33183 5.14413753 0.12368260 1.93991037 
-0.33083 5.14422989 0.12314092 1.93922923 
-0.32983 5.14431791 0.12260822 1.93853154 
-0.32883 5.14440161 0.12208438 1.93781689 
-0.32783 5.14448102 0.12156928 1.93708489 
-0.32683 5.14455617 0.12106280 1.93633512 
-0.32583 5.14462709 0.12056482 1.93556714 
-0.32482 5.14469382 0.12007525 1.93478051 
-0.32382 5.14475640 0.11959396 1.93397479 
-0.32282 5.14481488 0.11912085 1.93314948 
-0.32182 5.14486930 0.11865582 1.93230412 
-0.32082 5.14491972 0.11819877 1.93143819 
-0.31982 5.14496620 0.11774961 1.93055118 
-0.31882 5.14500880 0.11730823 1.92964256 
-0.31782 5.14504758 0.11687456 1.92871176 
-0.31682 5.14508262 0.11644849 1.92775822 
-0.31582 5.14511400 0.11602995 1.92678135 
-0.31481 5.14514180 0.11561884 1.92578054 
-0.31381 5.14516611 0.11521509 1.92475515 
-0.31281 5.14518701 0.11481863 1.92370453 
-0.31181 5.14520461 0.11442936 1.92262802 
-0.31081 5.14521901 0.11404722 1.92152491 
-0.30981 5.14523033 0.11367213 1.92039447 
-0.30881 5.14523867 0.11330404 1.91923596 
-0.30781 5.14524416 0.11294285 1.91804861 
-0.30681 5.14524693 0.11258852 1.91683161 
-0.30581 5.14524711 0.11224098 1.91558412 
-0.30480 5.14524485 0.11190016 1.91430529 
-0.30380 5.14524029 0.11156601 1.91299423 
-0.30280 5.14523359 0.11123847 1.91164999 
-0.30180 5.14522491 0.11091749 1.91027163 
-0.30080 5.14521443 0.11060300 1.90885813 
-0.29980 5.14520230 0.11029496 1.90740847 
-0.29880 5.14518874 0.10999331 1.90592155 
-0.29780 5.14517391 0.10969802 1.90439627 
-0.29680 5.14515803 0.10940903 1.90283146 
-0.29580 5.14514130 0.10912629 1.90122590 
-0.29479 5.14512393 0.10884977 1.89957833 
-0.29379 5.14510616 0.10857942 1.89788744 
-0.29279 5.14508820 0.10831520 1.89615187 
-0.29179 5.14507030 0.10805708 1.89437019 
-0.29079 5.14505270 0.10780501 1.89254092 
-0.28979 5.14503566 0.10755896 1.89066250 
-0.28879 5.14501944 0.10731889 1.88873334 
-0.28779 5.14500431 0.10708478 1.88675173 
-0.28679 5.14499055 0.10685659 1.88471593 
-0.28579 5.14497843 0.10663429 1.88262409 
-0.28478 5.14496826 0.10641785 1.88047430 
-0.28378 5.14496031 0.10620725 1.87826455 
-0.28278 5.14495490 0.10600245 1.87599274 
-0.28178 5.14495234 0.10580343 1.87365666 
-0.28078 5.14495293 0.10561016 1.87125402 
-0.27978 5.14495699 0.10542263 1.86878240 
-0.27878 5.14496483 0.10524080 1.86623927 
-0.27778 5.14497678 0.10506466 1.86362197 
-0.27678 5.14499315 0.10489417 1.86092771 
-0.27578 5.14501426 0.10472933 1.85815356 
-0.27477 5.14504042 0.10457010 1.85529644 
-0.27377 5.14507193 0.10441648 1.85235310 
-0.27277 5.14510911 0.10426842 1.84932014 
-0.27177 5.14515222 0.10412592 1.84619396 
-0.27077 5.14520156 0.10398895 1.84297076 
-0.26977 5.14525736 0.10385749 1.83964654 
-0.26877 5.14531987 0.10373151 1.83621707 
-0.26777 5.14538929 0.10361099 1.83267789 
-0.26677 5.14546579 0.10349591 1.82902426 
-0.26577 5.14554950 0.10338623 1.82525120 
-0.26476 5.14564051 0.10328193 1.82135338 
-0.26376 5.14573885 0.10318297 1.81732518 
-0.26276 5.14584448 0.10308933 1.81316062 
-0.26176 5.14595729 0.10300095 1.80885336 
-0.26076 5.14607709 0.10291780 1.80439662 
-0.25976 5.14620356 0.10283984 1.79978321 
-0.25876 5.14633627 0.10276700 1.79500544 
-0.25776 5.14647467 0.10269922 1.79005509 
-0.25676 5.14661802 0.10263645 1.78492340 
-0.25576 5.14676540 0.10257860 1.77960096 
-0.25475 5.14691567 0.10252559 1.77407769 
-0.25375 5.14706745 0.10247731 1.76834277 
-0.25275 5.14721905 0.10243367 1.76238454 
-0.25175 5.14736845 0.10239453 1.75619046 
-0.25075 5.14751323 0.10235976 1.74974700 
-0.24975 5.14765051 0.10232918 1.74303950 
-0.24875 5.14777689 0.10230261 1.73605210 
-0.24775 5.14788836 0.10227984 1.72876758 
-0.24675 5.14798017 0.10226062 1.72116721 
-0.24575 5.14804677 0.10224468 1.71323055 
-0.24474 5.14808160 0.10223168 1.70493526 
-0.24374 5.14807699 0.10222125 1.69625687 
-0.24274 5.14802392 0.10221298 1.68716846 
-0.24174 5.14791179 0.10220635 1.67764035 
-0.24074 5.14772819 0.10220080 1.66763973 
-0.23974 5.14745848 0.10219566 1.65713015 
-0.23874 5.14708545 0.10219014 1.64607101 
-0.23774 5.14658882 0.10218336 1.63441685 
-0.23674 5.14594460 0.10217423 1.62211657 
-0.23574 5.14512440 0.10216151 1.60911241 
-0.23473 5.14409449 0.10214372 1.59533875 
-0.23373 5.14281467 0.10211911 1.58072052 
-0.23273 5.14123690 0.10208558 1.56517129 
-0.23173 5.13930344 0.10204064 1.54859074 
-0.23073 5.13694464 0.10198124 1.53086139 
-0.22973 5.13407601 0.10190372 1.51184429 
-0.22873 5.13059443 0.10180355 1.49137314 
-0.22773 5.12637321 0.10167514 1.46924623 
-0.22673 5.12125560 0.10151150 1.44521500 
-0.22573 5.11504613 0.10130375 1.41896736 
-0.22472 5.10749918 0.10104048 1.39010257 
-0.22372 5.09830409 0.10070675 1.35809185 
-0.22272 5.08706720 0.10028267 1.32221352 
-0.22172 5.07329542 0.09974118 1.28144036 
-0.22072 5.05640573 0.09904503 1.23423065 
-0.21972 5.03587542 0.09814388 1.17811463 
-0.21872 5.01214627 0.09698354 1.10887151 
-0.21772 4.99223831 0.09563528 1.01987942 
-0.21672 5.01605469 0.09521075 0.91730111 
-0.21572 5.11491787 0.09733654 0.84837801 
-0.21471 5.23396139 0.10060029 0.80958932 
-0.21371 5.35330507 0.10415729 0.78200092 
-0.21271 5.47181072 0.10784519 0.75878218 
-0.21171 5.59065674 0.11163983 0.73727491 
-0.21071 5.71112043 0.11554784 0.71616786 
-0.20971 5.83432884 0.11958425 0.69465415 
-0.20871 5.96126382 0.12376670 0.67212173 
-0.20771 6.09278115 0.12811346 0.64800871 
-0.20671 6.22959902 0.13264203 0.62171066 
-0.20571 6.37223298 0.13736716 0.59249273 
-0.20470 6.52084130 0.14229693 0.55937205 
-0.20370 6.67491358 0.14742523 0.52092120 
-0.20270 6.83271030 0.15271785 0.47489535 
-0.20170 6.99058878 0.15809453 0.41749905 
-0.20070 7.14522445 0.16347965 0.34262976 
-0.19970 7.32024203 0.16951172 0.25310461 
-0.19870 7.59663527 0.17849019 0.19217889 
-0.19770 8.56332421 0.20403372 0.16703347 
-0.19670 12.17343456 0.29173983 0.17572792 
-0.19570 22.75357668 0.54539416 0.23963423 
-0.19469 54.18164094 1.29694245 0.44020088 
-0.19369 60.86615959 1.45749133 0.44572112 
-0.19269 25.91530731 0.62315048 0.20329536 
-0.19169 13.30729820 0.32250360 0.12032652 
-0.19069 8.78223411 0.21498006 0.09035436 
-0.18969 6.79639147 0.16817183 0.07640665 
-0.18869 5.78837284 0.14482392 0.06840767 
-0.18769 5.21522627 0.13204873 0.06283551 
-0.18669 4.84084313 0.12435875 0.05800414 
-0.18569 4.53081911 0.11881129 0.05265256 
-0.18468 4.22065636 0.11397484 0.04581307 
-0.18368 4.27063146 0.11549330 0.04157532 
-0.18268 5.35757931 0.13460393 0.04742365 
-0.18168 8.15843388 0.18341354 0.06680110 
-0.18068 15.32648843 0.30832266 0.11676553 
-0.17968 37.17288373 0.68906929 0.26400787 
-0.17868 75.16202056 1.35117552 0.49818864 
-0.17768 38.19726152 0.70702562 0.23659894 
-0.17668 15.42153714 0.31019282 0.08942392 
-0.17568 7.85248019 0.17840297 0.04271589 
-0.17467 4.73472656 0.12420964 0.02421809 
-0.17367 3.18655564 0.09738818 0.01536304 
-0.17267 2.31106248 0.08230544 0.01052759 
-0.17167 1.76809838 0.07303172 0.00762801 
-0.17067 1.40761860 0.06695071 0.00576451 
-0.16967 1.15549765 0.06276948 0.00450146 
-0.16867 0.97179058 0.05979101 0.00360864 
-0.16767 0.83344591 0.05761285 0.00295570 
-0.16667 0.72640533 0.05598943 0.00246461 
-0.16567 0.64169631 0.05476393 0.00208644 
-0.16466 0.57337008 0.05383232 0.00178934 
-0.16366 0.51735310 0.05312333 0.00155190 
-0.16266 0.47077739 0.05258676 0.00135926 
-0.16166 0.43157449 0.05218640 0.00120091 
-0.16066 0.39822076 0.05189558 0.00106924 
-0.15966 0.36957269 0.05169430 0.00095862 
-0.15866 0.34475779 0.05156730 0.00086482 
-0.15766 0.32310036 0.05150279 0.00078463 
-0.15666 0.30407009 0.05149155 0.00071556 
-0.15566 0.28724574 0.05152626 0.00065566 
-0.15465 0.27228900 0.05160108 0.00060340 
-0.15365 0.25892546 0.05171129 0.00055754 
-0.15265 0.24693048 0.05185307 0.00051708 
-0.15165 0.23611862 0.05202329 0.00048123 
-0.15065 0.22633561 0.05221938 0.00044932 
-0.14965 0.21745221 0.05243920 0.00042080 
-0.14865 0.20935941 0.05268099 0.00039521 
-0.14765 0.20196469 0.05294331 0.00037218 
-0.14665 0.19518911 0.05322493 0.00035138 
-0.14565 0.18896493 0.05352485 0.00033254 
-0.14464 0.18323373 0.05384224 0.00031544 
-0.14364 0.17794492 0.05417640 0.00029986 
-0.14264 0.17305447 0.05452678 0.00028563 
-0.14164 0.16852392 0.05489293 0.00027263 
-0.14064 0.16431954 0.05527448 0.00026070 
-0.13964 0.16041165 0.05567115 0.00024975 
-0.13864 0.15677401 0.05608274 0.00023968 
-0.13764 0.15338342 0.05650910 0.00023040 
-0.13664 0.15021923 0.05695015 0.00022183 
-0.13564 0.14726305 0.05740584 0.00021392 
-0.13463 0.14449845 0.05787620 0.00020660 
-0.13363 0.14191072 0.05836126 0.00019983 
-0.13263 0.13948663 0.05886111 0.00019354 
-0.13163 0.13721431 0.05937590 0.00018772 
-0.13063 0.13508304 0.05990577 0.00018231 
-0.12963 0.13308314 0.06045092 0.00017729 
-0.12863 0.13120586 0.06101158 0.00017262 
-0.12763 0.12944326 0.06158800 0.00016829 
-0.12663 0.12778815 0.06218047 0.00016427 
-0.12563 0.12623398 0.06278929 0.00016053 
-0.12462 0.12477479 0.06341481 0.00015706 
-0.12362 0.12340518 0.06405739 0.00015383 
-0.12262 0.12212022 0.06471743 0.00015085 
-0.12162 0.12091539 0.06539536 0.00014808 
-0.12062 0.11978660 0.06609162 0.00014553 
-0.11962 0.11873010 0.06680670 0.00014317 
-0.11862 0.11774250 0.06754111 0.00014100 
-0.11762 0.11682067 0.06829538 0.00013901 
-0.11662 0.11596179 0.06907008 0.00013718 
-0.11562 0.11516329 0.06986582 0.00013552 
-0.11461 0.11442284 0.07068324 0.00013402 
-0.11361 0.11373831 0.07152299 0.00013267 
-0.11261 0.11310782 0.07238579 0.00013146 
-0.11161 0.11252963 0.07327237 0.00013040 
-0.11061 0.11200224 0.07418352 0.00012947 
-0.10961 0.11152426 0.07512004 0.00012867 
-0.10861 0.11109453 0.07608281 0.00012801 
-0.10761 0.11071199 0.07707274 0.00012748 
-0.10661 0.11037577 0.07809076 0.00012708 
-0.10561 0.11008512 0.07913788 0.00012680 
-0.10460 0.10983946 0.08021516 0.00012665 
-0.10360 0.10963833 0.08132370 0.00012663 
-0.10260 0.10948141 0.08246467 0.00012674 
-0.10160 0.10936854 0.08363929 0.00012698 
-0.10060 0.10929966 0.08484885 0.00012734 
-0.09960 0.10927489 0.08609472 0.00012785 
-0.09860 0.10929447 0.08737831 0.00012848 
-0.09760 0.10935880 0.08870114 0.00012926 
-0.09660 0.10946843 0.09006481 0.00013019 
-0.09560 0.10962406 0.09147098 0.00013126 
-0.09459 0.10982658 0.09292142 0.00013249 
-0.09359 0.11007705 0.09441801 0.00013389 
-0.09259 0.11037670 0.09596272 0.00013545 
-0.09159 0.11072699 0.09755763 0.00013720 
-0.09059 0.11112959 0.09920496 0.00013913 
-0.08959 0.11158642 0.10090704 0.00014127 
-0.08859 0.11209965 0.10266635 0.00014362 
-0.08759 0.11267176 0.10448550 0.00014620 
-0.08659 0.11330552 0.10636729 0.00014902 
-0.08559 0.11400410 0.10831467 0.00015211 
-0.08458 0.11477102 0.11033078 0.00015549 
-0.08358 0.11561028 0.11241896 0.00015917 
-0.08258 0.11652640 0.11458275 0.00016319 
-0.08158 0.11752444 0.11682596 0.00016758 
-0.08058 0.11861014 0.11915260 0.00017238 
-0.07958 0.11979000 0.12156699 0.00017761 
-0.07858 0.12107139 0.12407373 0.00018334 
-0.07758 0.12246269 0.12667775 0.00018961 
-0.07658 0.12397347 0.12938431 0.00019648 
-0.07558 0.12561472 0.13219908 0.00020403 
-0.07457 0.12739905 0.13512813 0.00021235 
-0.07357 0.12934106 0.13817797 0.00022152 
-0.07257 0.13145776 0.14135565 0.00023167 
-0.07157 0.13376900 0.14466875 0.00024294 
-0.07057 0.13629820 0.14812547 0.00025549 
-0.06957 0.13907315 0.15173469 0.00026953 
-0.06857 0.14212714 0.15550606 0.00028530 
-0.06757 0.14550040 0.15945005 0.00030310 
-0.06657 0.14924213 0.16357814 0.00032332 
-0.06557 0.15341323 0.16790289 0.00034643 
-0.06456 0.15809020 0.17243810 0.00037304 
-0.06356 0.16337071 0.17719910 0.00040395 
-0.06256 0.16938199 0.18220292 0.00044022 
-0.06156 0.17629354 0.18746877 0.00048329 
-0.06056 0.18433759 0.19301851 0.00053516 
-0.05956 0.19384315 0.19887751 0.00059875 
-0.05856 0.20529618 0.20507597 0.00067841 
-0.05756 0.21945375 0.21165132 0.00078107 
-0.05656 0.23758040 0.21865284 0.00091849 
-0.05556 0.26199877 0.22615210 0.00111258 
-0.05455 0.29759107 0.23427047 0.00141010 
-0.05355 0.35678710 0.24326858 0.00193193 
-0.05255 0.47585689 0.25383957 0.00304155 
-0.05155 0.69671251 0.26687790 0.00522691 
-0.05055 0.98765362 0.28196289 0.00831618 
-0.04955 1.27377048 0.29773775 0.01161144 
-0.04855 1.52780767 0.31382503 0.01482237 
-0.04755 1.75974631 0.33049602 0.01806140 
-0.04655 1.97830606 0.34800319 0.02145226 
-0.04555 2.18931310 0.36656466 0.02510995 
-0.04454 2.39699044 0.38639182 0.02915821 
-0.04354 2.60478690 0.40770880 0.03374797 
-0.04254 2.81589683 0.43076841 0.03908086 
-0.04154 3.03366878 0.45586927 0.04544615 
-0.04054 3.26204661 0.48337870 0.05328776 
-0.03954 3.50620981 0.51376893 0.06333980 
-0.03854 3.77372754 0.54768196 0.07693644 
-0.03754 4.07699201 0.58606381 0.09683826 
-0.03654 4.43872584 0.63048146 0.12989239 
-0.03554 4.89517412 0.68367178 0.19534460 
-0.03453 5.40995216 0.74711454 0.31160902 
-0.03353 5.89233920 0.81919453 0.46060759 
-0.03253 6.25000870 0.89255361 0.62233477 
-0.03153 6.45911478 0.96338886 0.75312798 
-0.03053 6.58980784 1.03638295 0.85622952 
-0.02953 6.67734782 1.11472946 0.94077897 
-0.02853 6.73793865 1.20071847 1.01233322 
-0.02753 6.78025925 1.29650080 1.07426629 
-0.02653 6.80953087 1.40442940 1.12876543 
-0.02553 6.82915670 1.52728324 1.17733411 
-0.02452 6.84148520 1.66848476 1.22105529 
-0.02352 6.84820766 1.83236424 1.26073868 
-0.02252 6.85058379 2.02451689 1.29700827 
-0.02152 6.84957862 2.25231080 1.33035694 
-0.02052 6.84595055 2.52563462 1.36118221 
-0.01952 6.84031066 2.85802960 1.38981022 
-0.01852 6.83316482 3.26845352 1.41651206 
-0.01752 6.82494501 3.78411502 1.44151482 
-0.01652 6.81603411 4.44518811 1.46500795 
-0.01552 6.80678658 5.31296946 1.48714472 
-0.01451 6.79754605 6.48465169 1.50803593 
-0.01351 6.78865796 8.12154595 1.52772850 
-0.01251 6.78046682 10.50650696 1.54614903 
-0.01151 6.77325901 14.16986792 1.56295703 
-0.01051 6.76700373 20.19121717 1.57713822 
-0.00951 6.76029306 30.99900491 1.58575937 
-0.00851 6.74575693 52.68920580 1.57968036 
-0.00751 6.68891808 101.25412628 1.52807990 
-0.00651 6.46537813 195.95020713 1.35670649 
-0.00551 6.15207707 210.23426271 1.22198782 
-0.00450 6.18691198 113.05636706 1.35004095 
-0.00350 6.28431927 57.95439999 1.46502398 
-0.00250 6.34161082 33.66485141 1.53181266 
-0.00150 6.37108888 21.88368292 1.57357938 
-0.00050 6.38502456 15.51167878 1.60268529 
0.00050 6.39000915 11.77062698 1.62478300 
0.00150 6.38954827 9.45190849 1.64263006 
0.00250 6.38561030 7.97663586 1.65768873 
0.00350 6.37936839 7.04771226 1.67079433 
0.00450 6.37156145 6.50825279 1.68245436 
0.00551 6.36267953 6.28008239 1.69299259 
0.00651 6.35306550 6.33756641 1.70262271 
0.00751 6.34297546 6.70068407 1.71148748 
0.00851 6.33261993 7.44386106 1.71967901 
0.00951 6.32220006 8.72685117 1.72724649 
0.01051 6.31195450 10.87075954 1.73419164 
0.01151 6.30224877 14.54791643 1.74044342 
0.01251 6.29379874 21.30759536 1.74578170 
0.01351 6.28836103 35.27231133 1.74960027 
0.01451 6.29131458 69.70825289 1.75007959 
0.01552 6.32083403 172.12953948 1.74187361 
0.01652 6.35796447 310.38312043 1.73702336 
0.01752 6.27861982 148.82730092 1.76835135 
0.01852 6.23394984 61.80737129 1.78334939 
0.01952 6.21178861 31.95211748 1.79093630 
0.02052 6.19616766 19.36220633 1.79655773 
0.02152 6.18289163 13.03197293 1.80146687 
0.02252 6.17066120 9.43145874 1.80601813 
0.02352 6.15898988 7.19491949 1.81033619 
0.02452 6.14766732 5.71183362 1.81447377 
0.02553 6.13659220 4.67785660 1.81845716 
0.02653 6.12571147 3.92797587 1.82230168 
0.02753 6.11499536 3.36657935 1.82601755 
0.02853 6.10442614 2.93521017 1.82961243 
0.02953 6.09399266 2.59650940 1.83309253 
0.03053 6.08368747 2.32569829 1.83646319 
0.03153 6.07350533 2.10581501 1.83972916 
0.03253 6.06344230 1.92492905 1.84289475 
0.03353 6.05349528 1.77444842 1.84596395 
0.03453 6.04366163 1.64805608 1.84894046 
0.03554 6.03393906 1.54102198 1.85182777 
0.03654 6.02432548 1.44974641 1.85462912 
0.03754 6.01481892 1.37144981 1.85734761 
0.03854 6.00541747 1.30395785 1.85998612 
0.03954 5.99611931 1.24554952 1.86254741 
0.04054 5.98692261 1.19484818 1.86503407 
0.04154 5.97782559 1.15074203 1.86744855 
0.04254 5.96882646 1.11232539 1.86979319 
0.04354 5.95992346 1.07885464 1.87207019 
0.04454 5.95111482 1.04971496 1.87428163 
0.04555 5.94239878 1.02439475 1.87642951 
0.04655 5.93377358 1.00246592 1.87851568 
0.04755 5.92523746 0.98356848 1.88054194 
0.04855 5.91678868 0.96739840 1.88250997 
0.04955 5.90842551 0.95369799 1.88442135 
0.05055 5.90014620 0.94224824 1.88627759 
0.05155 5.89194902 0.93286258 1.88808012 
0.05255 5.88383225 0.92538192 1.88983027 
0.05355 5.87579418 0.91967056 1.89152932 
0.05455 5.86783310 0.91561286 1.89317845 
0.05556 5.85994732 0.91311051 1.89477878 
0.05656 5.85213513 0.91208027 1.89633135 
0.05756 5.84439486 0.91245212 1.89783714 
0.05856 5.83672483 0.91416772 1.89929705 
0.05956 5.82912337 0.91717910 1.90071192 
0.06056 5.82158881 0.92144769 1.90208253 
0.06156 5.81411950 0.92694334 1.90340958 
0.06256 5.80671378 0.93364371 1.90469369 
0.06356 5.79937002 0.94153363 1.90593545 
0.06456 5.79208655 0.95060465 1.90713535 
0.06557 5.78486175 0.96085470 1.90829382 
0.06657 5.77769397 0.97228779 1.90941122 
0.06757 5.77058158 0.98491381 1.91048784 
0.06857 5.76352293 0.99874845 1.91152390 
0.06957 5.75651639 1.01381310 1.91251953 
0.07057 5.74956031 1.03013490 1.91347478 
0.07157 5.74265305 1.04774678 1.91438963 
0.07257 5.73579295 1.06668760 1.91526396 
0.07357 5.72897836 1.08700236 1.91609755 
0.07457 5.72220762 1.10874245 1.91689010 
0.07558 5.71547906 1.13196595 1.91764119 
0.07658 5.70879098 1.15673803 1.91835029 
0.07758 5.70214171 1.18313139 1.91901674 
0.07858 5.69552953 1.21122685 1.91963977 
0.07958 5.68895274 1.24111390 1.92021844 
0.08058 5.68240959 1.27289146 1.92075168 
0.08158 5.67589835 1.30666867 1.92123822 
0.08258 5.66941726 1.34256587 1.92167664 
0.08358 5.66296454 1.38071561 1.92206528 
0.08458 5.65653841 1.42126392 1.92240229 
0.08559 5.65013707 1.46437164 1.92268554 
0.08659 5.64375871 1.51021605 1.92291263 
0.08759 5.63740150 1.55899264 1.92308087 
0.08859 5.63106361 1.61091717 1.92318720 
0.08959 5.62474322 1.66622801 1.92322819 
0.09059 5.61843848 1.72518884 1.92319998 
0.09159 5.61214759 1.78809172 1.92309820 
0.09259 5.60586872 1.85526065 1.92291796 
0.09359 5.59960012 1.92705561 1.92265373 
0.09459 5.59334004 2.00387731 1.92229926 
0.09560 5.58708681 2.08617263 1.92184751 
0.09660 5.58083886 2.17444090 1.92129050 
0.09760 5.57459471 2.26924133 1.92061921 
0.09860 5.56835304 2.37120151 1.91982339 
0.09960 5.56211271 2.48102751 1.91889140 
0.10060 5.55587286 2.59951563 1.91780994 
0.10160 5.54963291 2.72756631 1.91656387 
0.10260 5.54339272 2.86620048 1.91513581 
0.10360 5.53715264 3.01657899 1.91350584 
0.10460 5.53091368 3.18002571 1.91165100 
0.10561 5.52467766 3.35805510 1.90954480 
0.10661 5.51844744 3.55240514 1.90715654 
0.10761 5.51222716 3.76507700 1.90445053 
0.10861 5.50602261 3.99838279 1.90138517 
0.10961 5.49984164 4.25500330 1.89791175 
0.11061 5.49369467 4.53805812 1.89397305 
0.11161 5.48759542 4.85119083 1.88950156 
0.11261 5.48156177 5.19867312 1.88441736 
0.11361 5.47561686 5.58553178 1.87862544 
0.11461 5.46979053 6.01770438 1.87201237 
0.11562 5.46412112 6.50222953 1.86444223 
0.11662 5.45865789 7.04747947 1.85575149 
0.11762 5.45346397 7.66344294 1.84574271 
0.11862 5.44862027 8.36206675 1.83417676 
0.11962 5.44423041 9.15766229 1.82076333 
0.12062 5.44042701 10.06737862 1.80514945 
0.12162 5.43737945 11.11173103 1.78690616 
0.12262 5.43530343 12.31514935 1.76551354 
0.12362 5.43447200 13.70646192 1.74034547 
0.12462 5.43522741 15.31914246 1.71065722 
0.12563 5.43799171 17.19099196 1.67558193 
0.12663 5.44327140 19.36267132 1.63414784 
0.12763 5.45164702 21.87411249 1.58533703 
0.12863 5.46373165 24.75733706 1.52821883 
0.12963 5.48007242 28.02379946 1.46220478 
0.13063 5.50096235 31.64466633 1.38747381 
0.13163 5.52613697 35.52479678 1.30557913 
0.13263 5.55437947 39.47749424 1.22012433 
0.13363 5.58317400 43.21768936 1.13716102 
0.13463 5.60870251 46.39967917 1.06472352 
0.13564 5.62651694 48.71560819 1.01102760 
0.13664 5.63291245 50.03074633 0.98166109 
0.13764 5.62645821 50.48654922 0.97718297 
0.13864 5.60891073 50.51050598 0.99266402 
0.13964 5.58531236 50.74489538 1.01932181 
0.14064 5.56401533 51.97132808 1.04691205 
0.14164 5.55788986 55.09782776 1.06547516 
0.14264 5.58792793 61.19479143 1.06625384 
0.14364 5.68937950 71.39306277 1.04337739 
0.14464 5.91381261 86.02650815 1.00046230 
0.14565 6.29681785 101.93941038 0.96639925 
0.14665 6.75485355 109.87585124 1.00054124 
0.14765 7.06107447 101.87254978 1.13224911 
0.14865 7.10041054 83.03899169 1.30629759 
0.14965 6.97019976 63.64606231 1.45786414 
0.15065 6.79149634 48.34498465 1.56867294 
0.15165 6.62213489 37.30096809 1.64595988 
0.15265 6.47809854 29.45510710 1.70041277 
0.15365 6.35951460 23.80970211 1.73996807 
0.15465 6.26231343 19.65547562 1.76971633 
0.15566 6.18211551 16.52331684 1.79282695 
0.15666 6.11524342 14.10643676 1.81129383 
0.15766 6.05883039 12.20196744 1.82640358 
0.15866 6.01069330 10.67312560 1.83901189 
0.15966 5.96917544 9.42562979 1.84970562 
0.16066 5.93301312 8.39304048 1.85889922 
0.16166 5.90123368 7.52753993 1.86689343 
0.16266 5.87308059 6.79403034 1.87391182 
0.16366 5.84795889 6.16628105 1.88012430 
0.16466 5.82539571 5.62436255 1.88566253 
0.16567 5.80501124 5.15290368 1.89063030 
0.16667 5.78649751 4.73988601 1.89511067 
0.16767 5.76960251 4.37579490 1.89917101 
0.16867 5.75411828 4.05301203 1.90286664 
0.16967 5.73987191 3.76537395 1.90624343 
0.17067 5.72671859 3.50784681 1.90933983 
0.17167 5.71453625 3.27628347 1.91218829 
0.17267 5.70322144 3.06723993 1.91481642 
0.17367 5.69268595 2.87783498 1.91724788 
0.17467 5.68285429 2.70564184 1.91950308 
0.17568 5.67366157 2.54860358 1.92159970 
0.17668 5.66505180 2.40496655 1.92355316 
0.17768 5.65697660 2.27322753 1.92537695 
0.17868 5.64939403 2.15209146 1.92708294 
0.17968 5.64226778 2.04043730 1.92868161 
0.18068 5.63556637 1.93729036 1.93018226 
0.18168 5.62926260 1.84179968 1.93159314 
0.18268 5.62333305 1.75321943 1.93292162 
0.18368 5.61775774 1.67089352 1.93417431 
0.18468 5.61251979 1.59424278 1.93535712 
0.18569 5.60760519 1.52275431 1.93647540 
0.18669 5.60300272 1.45597247 1.93753395 
0.18769 5.59870377 1.39349132 1.93853713 
0.18869 5.59470242 1.33494819 1.93948888 
0.18969 5.59099545 1.28001820 1.94039279 
0.19069 5.58758251 1.22840965 1.94125212 
0.19169 5.58446639 1.17985995 1.94206987 
0.19269 5.58165344 1.13413223 1.94284876 
0.19369 5.57915414 1.09101237 1.94359127 
0.19469 5.57698399 1.05030640 1.94429971 
0.19570 5.57516470 1.01183833 1.94497618 
0.19670 5.57372592 0.97544819 1.94562263 
0.19770 5.57270791 0.94099033 1.94624084 
0.19870 5.57216530 0.90833207 1.94683247 
0.19970 5.57217309 0.87735238 1.94739907 
0.20070 5.57283609 0.84794089 1.94794206 
0.20170 5.57430474 0.81999711 1.94846279 
0.20270 5.57680280 0.79342991 1.94896252 
0.20370 5.58067927 0.76815746 1.94944247 
0.20470 5.58651388 0.74410816 1.94990387 
0.20571 5.59535558 0.72122353 1.95034801 
0.20671 5.60934227 0.69946734 1.95077654 
0.20771 5.63363618 0.67885579 1.95119227 
0.20871 5.68360734 0.65957541 1.95160247 
0.20971 5.79557433 0.64218554 1.95202694 
0.21071 5.94444538 0.62627611 1.95246545 
0.21171 6.07571678 0.61087540 1.95289553 
0.21271 6.18920047 0.59591497 1.95331588 
0.21371 6.29083279 0.58145020 1.95372982 
0.21471 6.38450276 0.56751045 1.95414086 
0.21572 6.47269143 0.55410570 1.95455273 
0.21672 6.55710083 0.54123613 1.95496974 
0.21772 6.63900355 0.52889773 1.95539734 
0.21872 6.71944531 0.51708599 1.95584274 
0.21972 6.79938240 0.50579871 1.95631614 
0.22072 6.87980265 0.49503942 1.95683274 
0.22172 6.96187401 0.48482238 1.95741681 
0.22272 7.04719224 0.47518236 1.95811014 
0.22372 7.13830316 0.46619678 1.95899278 
0.22472 7.24004808 0.45804577 1.96024157 
0.22573 7.36377227 0.45120970 1.96233395 
0.22673 7.53938617 0.44709602 1.96677857 
0.22773 7.78136836 0.44671025 1.97525214 
0.22873 8.00964006 0.44636405 1.98446013 
0.22973 8.20545163 0.44491170 1.99291986 
0.23073 8.37914175 0.44274415 2.00084357 
0.23173 8.53766560 0.44015646 2.00845231 
0.23273 8.68505202 0.43732147 2.01588183 
0.23373 8.82378369 0.43434403 2.02321608 
0.23473 8.95549508 0.43129095 2.03050946 
0.23574 9.08132138 0.42820656 2.03779876 
0.23674 9.20208459 0.42512103 2.04510979 
0.23774 9.31839978 0.42205531 2.05246116 
0.23874 9.43073921 0.41902405 2.05986655 
0.23974 9.53947312 0.41603745 2.06733617 
0.24074 9.64489657 0.41310254 2.07487768 
0.24174 9.74724792 0.41022402 2.08249684 
0.24274 9.84672182 0.40740485 2.09019793 
0.24374 9.94347858 0.40464667 2.09798409 
0.24474 10.03765116 0.40195014 2.10585752 
0.24575 10.12935043 0.39931513 2.11381965 
0.24675 10.21866923 0.39674094 2.12187126 
0.24775 10.30568547 0.39422640 2.13001259 
0.24875 10.39046474 0.39177002 2.13824340 
0.24975 10.47306225 0.38937000 2.14656305 
0.25075 10.55352449 0.38702440 2.15497051 
0.25175 10.63189062 0.38473107 2.16346441 
0.25275 10.70819354 0.38248779 2.17204308 
0.25375 10.78246089 0.38029227 2.18070459 
0.25475 10.85471582 0.37814216 2.18944673 
0.25576 10.92497768 0.37603508 2.19826706 
0.25676 10.99326264 0.37396868 2.20716291 
0.25776 11.05958415 0.37194059 2.21613140 
0.25876 11.12395347 0.36994848 2.22516948 
0.25976 11.18637997 0.36799004 2.23427389 
0.26076 11.24687159 0.36606302 2.24344120 
0.26176 11.30543503 0.36416521 2.25266783 
0.26276 11.36207615 0.36229446 2.26195006 
0.26376 11.41680012 0.36044868 2.27128399 
0.26476 11.46961169 0.35862585 2.28066565 
0.26577 11.52051541 0.35682401 2.29009089 
0.26677 11.56951575 0.35504128 2.29955550 
0.26777 11.61661733 0.35327585 2.30905514 
0.26877 11.66182502 0.35152598 2.31858539 
0.26977 11.70514408 0.34979001 2.32814175 
0.27077 11.74658032 0.34806637 2.33771966 
0.27177 11.78614013 0.34635355 2.34731450 
0.27277 11.82383064 0.34465012 2.35692157 
0.27377 11.85965980 0.34295475 2.36653618 
0.27477 11.89363639 0.34126615 2.37615357 
0.27578 11.92577017 0.33958316 2.38576899 
0.27678 11.95607187 0.33790464 2.39537766 
0.27778 11.98455325 0.33622957 2.40497481 
0.27878 12.01122716 0.33455698 2.41455569 
0.27978 12.03610755 0.33288600 2.42411556 
0.28078 12.05920949 0.33121581 2.43364972 
0.28178 12.08054919 0.32954567 2.44315348 
0.28278 12.10014401 0.32787491 2.45262224 
0.28378 12.11801247 0.32620293 2.46205144 
0.28478 12.13417420 0.32452919 2.47143657 
0.28579 12.14865000 0.32285324 2.48077323 
0.28679 12.16146177 0.32117467 2.49005707 
0.28779 12.17263249 0.31949314 2.49928385 
0.28879 12.18218625 0.31780835 2.50844941 
0.28979 12.19014813 0.31612010 2.51754971 
0.29079 12.19654424 0.31442820 2.52658082 
0.29179 12.20140166 0.31273255 2.53553892 
0.29279 12.20474838 0.31103307 2.54442032 
0.29379 12.20661327 0.30932975 2.55322144 
0.29479 12.20702602 0.30762262 2.56193885 
0.29580 12.20601714 0.30591175 2.57056925 
0.29680 12.20361781 0.30419725 2.57910949 
0.29780 12.19985992 0.30247927 2.58755655 
0.29880 12.19477597 0.30075802 2.59590756 
0.29980 12.18839902 0.29903370 2.60415980 
0.30080 12.18076264 0.29730658 2.61231070 
0.30180 12.17190081 0.29557694 2.62035785 
0.30280 12.16184795 0.29384510 2.62829897 
0.30380 12.15063876 0.29211139 2.63613196 
0.30480 12.13830824 0.29037617 2.64385487 
0.30581 12.12489159 0.28863983 2.65146587 
0.30681 12.11042416 0.28690276 2.65896333 
0.30781 12.09494139 0.28516539 2.66634575 
0.30881 12.07847880 0.28342815 2.67361177 
0.30981 12.06107185 0.28169147 2.68076019 
0.31081 12.04275597 0.27995582 2.68778996 
0.31181 12.02356646 0.27822165 2.69470016 
0.31281 12.00353846 0.27648945 2.70149003 
0.31381 11.98270691 0.27475968 2.70815893 
0.31481 11.96110648 0.27303283 2.71470637 
0.31582 11.93877154 0.27130937 2.72113198 
0.31682 11.91573613 0.26958980 2.72743552 
0.31782 11.89203391 0.26787460 2.73361689 
0.31882 11.86769811 0.26616424 2.73967608 
0.31982 11.84276153 0.26445921 2.74561324 
0.32082 11.81725646 0.26275998 2.75142858 
0.32182 11.79121472 0.26106702 2.75712246 
0.32282 11.76466754 0.25938079 2.76269533 
0.32382 11.73764563 0.25770175 2.76814774 
0.32482 11.71017907 0.25603035 2.77348033 
0.32583 11.68229737 0.25436703 2.77869382 
0.32683 11.65402939 0.25271222 2.78378905 
0.32783 11.62540333 0.25106633 2.78876692 
0.32883 11.59644678 0.24942978 2.79362840 
0.32983 11.56718660 0.24780296 2.79837455 
0.33083 11.53764902 0.24618627 2.80300648 
0.33183 11.50785953 0.24458008 2.80752538 
0.33283 11.47784297 0.24298474 2.81193250 
0.33383 11.44762344 0.24140062 2.81622914 
0.33483 11.41722435 0.23982804 2.82041664 
0.33584 11.38666840 0.23826734 2.82449640 
0.33684 11.35597759 0.23671882 2.82846988 
0.33784 11.32517319 0.23518278 2.83233855 
0.33884 11.29427579 0.23365951 2.83610392 
0.33984 11.26330526 0.23214927 2.83976757 
0.34084 11.23228079 0.23065234 2.84333105 
0.34184 11.20122085 0.22916894 2.84679598 
0.34284 11.17014327 0.22769932 2.85016400 
0.34384 11.13906516 0.22624369 2.85343674 
0.34484 11.10800299 0.22480225 2.85661588 
0.34585 11.07697257 0.22337521 2.85970308 
0.34685 11.04598906 0.22196274 2.86270006 
0.34785 11.01506696 0.22056501 2.86560849 
0.34885 10.98422019 0.21918218 2.86843008 
0.34985 10.95346202 0.21781439 2.87116655 
0.35085 10.92280514 0.21646178 2.87381959 
0.35185 10.89226164 0.21512446 2.87639092 
0.35285 10.86184304 0.21380254 2.87888224 
0.35385 10.83156029 0.21249613 2.88129525 
0.35485 10.80142382 0.21120532 2.88363165 
0.35586 10.77144351 0.20993018 2.88589311 
0.35686 10.74162870 0.20867078 2.88808131 
0.35786 10.71198826 0.20742718 2.89019791 
0.35886 10.68253055 0.20619944 2.89224457 
0.35986 10.65326346 0.20498759 2.89422291 
0.36086 10.62419441 0.20379166 2.89613457 
0.36186 10.59533039 0.20261169 2.89798113 
0.36286 10.56667793 0.20144767 2.89976420 
0.36386 10.53824318 0.20029964 2.90148533 
0.36486 10.51003183 0.19916757 2.90314608 
0.36587 10.48204924 0.19805148 2.90474798 
0.36687 10.45430034 0.19695134 2.90629253 
0.36787 10.42678973 0.19586714 2.90778122 
0.36887 10.39952164 0.19479885 2.90921552 
0.36987 10.37249997 0.19374644 2.91059687 
0.37087 10.34572830 0.19270987 2.91192670 
0.37187 10.31920990 0.19168910 2.91320639 
0.37287 10.29294772 0.19068408 2.91443732 
0.37387 10.26694445 0.18969477 2.91562085 
0.37487 10.24120249 0.18872110 2.91675829 
0.37588 10.21572398 0.18776301 2.91785096 
0.37688 10.19051080 0.18682044 2.91890013 
0.37788 10.16556461 0.18589332 2.91990706 
0.37888 10.14088683 0.18498158 2.92087297 
0.37988 10.11647865 0.18408514 2.92179907 
0.38088 10.09234106 0.18320392 2.92268654 
0.38188 10.06847487 0.18233785 2.92353654 
0.38288 10.04488066 0.18148684 2.92435021 
0.38388 10.02155888 0.18065080 2.92512864 
0.38488 9.99850978 0.17982965 2.92587294 
0.38589 9.97573346 0.17902329 2.92658415 
0.38689 9.95322985 0.17823164 2.92726332 
0.38789 9.93099878 0.17745460 2.92791146 
0.38889 9.90903990 0.17669207 2.92852956 
0.38989 9.88735277 0.17594396 2.92911859 
0.39089 9.86593680 0.17521018 2.92967951 
0.39189 9.84479132 0.17449062 2.93021322 
0.39289 9.82391553 0.17378519 2.93072064 
0.39389 9.80330857 0.17309379 2.93120265 
0.39489 9.78296944 0.17241632 2.93166009 
0.39590 9.76289711 0.17175268 2.93209382 
0.39690 9.74309045 0.17110276 2.93250464 
0.39790 9.72354827 0.17046647 2.93289336 
0.39890 9.70426931 0.16984372 2.93326075 
0.39990 9.68525225 0.16923440 2.93360757 
0.40090 9.66649575 0.16863840 2.93393454 
0.40190 9.64799841 0.16805565 2.93424240 
0.40290 9.62975877 0.16748603 2.93453184 
0.40390 9.61177538 0.16692945 2.93480353 
0.40490 9.59404674 0.16638581 2.93505815 
0.40591 9.57657134 0.16585503 2.93529633 
0.40691 9.55934765 0.16533700 2.93551871 
0.40791 9.54237414 0.16483164 2.93572589 
0.40891 9.52564927 0.16433886 2.93591846 
0.40991 9.50917152 0.16385856 2.93609701 
0.41091 9.49293935 0.16339066 2.93626209 
0.41191 9.47695127 0.16293507 2.93641425 
0.41291 9.46120578 0.16249172 2.93655401 
0.41391 9.44570144 0.16206051 2.93668190 
0.41491 9.43043681 0.16164138 2.93679841 
0.41592 9.41541053 0.16123423 2.93690403 
0.41692 9.40062124 0.16083901 2.93699922 
0.41792 9.38606768 0.16045564 2.93708445 
0.41892 9.37174863 0.16008405 2.93716016 
0.41992 9.35766293 0.15972417 2.93722678 
0.42092 9.34380953 0.15937594 2.93728473 
0.42192 9.33018743 0.15903931 2.93733441 
0.42292 9.31679575 0.15871421 2.93737623 
0.42392 9.30363372 0.15840060 2.93741055 
0.42492 9.29070068 0.15809843 2.93743775 
0.42593 9.27799609 0.15780766 2.93745818 
0.42693 9.26551957 0.15752824 2.93747220 
0.42793 9.25327091 0.15726015 2.93748015 
0.42893 9.24125004 0.15700335 2.93748234 
0.42993 9.22945711 0.15675782 2.93747909 
0.43093 9.21789247 0.15652355 2.93747071 
0.43193 9.20655673 0.15630052 2.93745750 
0.43293 9.19545072 0.15608874 2.93743973 
0.43393 9.18457560 0.15588820 2.93741770 
0.43493 9.17393283 0.15569893 2.93739166 
0.43594 9.16352423 0.15552094 2.93736188 
0.43694 9.15335203 0.15535426 2.93732860 
0.43794 9.14341891 0.15519894 2.93729208 
0.43894 9.13372803 0.15505504 2.93725254 
0.43994 9.12428317 0.15492261 2.93721021 
0.44094 9.11508871 0.15480176 2.93716531 
0.44194 9.10614980 0.15469257 2.93711805 
0.44294 9.09747240 0.15459518 2.93706863 
0.44394 9.08906346 0.15450971 2.93701726 
0.44494 9.08093104 0.15443633 2.93696413 
0.44595 9.07308449 0.15437525 2.93690941 
0.44695 9.06553465 0.15432668 2.93685329 
0.44795 9.05829417 0.15429090 2.93679594 
0.44895 9.05137777 0.15426820 2.93673753 
0.44995 9.04480266 0.15425894 2.93667821 
0.45095 9.03858909 0.15426356 2.93661814 
0.45195 9.03276093 0.15428254 2.93655747 
0.45295 9.02734653 0.15431648 2.93649636 
0.45395 9.02237978 0.15436607 2.93643493 
0.45495 9.01790155 0.15443217 2.93637334 
0.45596 9.01396157 0.15451578 2.93631172 
0.45696 9.01062109 0.15461816 2.93625020 
0.45796 9.00795658 0.15474089 2.93618892 
0.45896 9.00606503 0.15488594 2.93612801 
0.45996 9.00507195 0.15505590 2.93606763 
0.46096 9.00514366 0.15525419 2.93600792 
0.46196 9.00650725 0.15548555 2.93594906 
0.46296 9.00948470 0.15575677 2.93589123 
0.46396 9.01455569 0.15607816 2.93583470 
0.46496 9.02248390 0.15646653 2.93577982 
0.46597 9.03460374 0.15695218 2.93572712 
0.46697 9.05358474 0.15759785 2.93567761 
0.46797 9.08593433 0.15856186 2.93563367 
0.46897 9.15072362 0.16031878 2.93560270 
0.46997 9.27114984 0.16342400 2.93559879 
0.47097 9.40729804 0.16676824 2.93561623 
0.47197 9.54748052 0.16987480 2.93565599 
0.47297 9.72328638 0.17303058 2.93574848 
0.47397 10.00559848 0.17680106 2.93597779 
0.47497 10.35786126 0.18105955 2.93634502 
0.47598 10.67726539 0.18516446 2.93676019 
0.47698 10.96356727 0.18912720 2.93723028 
0.47798 11.22951380 0.19305604 2.93778734 
0.47898 11.48418042 0.19704391 2.93847422 
0.47998 11.73441635 0.20118144 2.93935390 
0.48098 11.98651078 0.20557755 2.94052952 
0.48198 12.24778491 0.21039134 2.94218913 
0.48298 12.52915925 0.21590213 2.94472334 
0.48398 12.85149669 0.22270818 2.94910154 
0.48498 13.26381681 0.23236992 2.95830283 
0.48599 13.82986292 0.24746778 2.97922421 
0.48699 14.39547455 0.26379210 3.00711169 
0.48799 14.85726707 0.27746435 3.03284340 
0.48899 15.24739803 0.28920478 3.05625301 
0.48999 15.59274046 0.29984404 3.07820051 
0.49099 15.91263362 0.31011676 3.09940890 
0.49199 16.23093992 0.32120407 3.12087531 
0.49299 16.56712140 0.33424119 3.14373837 
0.49399 16.88103347 0.34684924 3.16650057 
0.49499 17.15886854 0.35802911 3.18830114 
0.49600 17.40849858 0.36813243 3.20931998 
0.49700 17.63590258 0.37744413 3.22973544 
0.49800 17.84495139 0.38614297 3.24966230 
0.49900 18.03832444 0.39434740 3.26917631 
0.50000 18.21800204 0.40214116 3.28833022 
