-1.50000 34.89488794 5.71583238
-1.49700 35.00623072 5.70871698
-1.49399 35.21188376 5.68538329
-1.49099 35.80948516 5.52159917
-1.48799 34.41558502 4.85350485
-1.48498 33.57925049 4.66715015
-1.48198 33.59196990 4.20005861
-1.47898 33.89804995 3.82559779
-1.47598 39.78034419 3.83207868
-1.47297 35.35513572 3.88911013
-1.46997 40.56862408 4.01420091
-1.46697 37.52627679 3.94876020
-1.46396 33.89141213 4.03616874
-1.46096 34.89635565 4.60149258
-1.45796 34.34737096 4.73752433
-1.45495 35.02073131 4.81198555
-1.45195 38.24983399 5.35197272
-1.44895 37.64277126 5.62359514
-1.44595 37.64164727 5.64813837
-1.44294 37.80937142 5.64895638
-1.43994 38.02400772 5.64326512
-1.43694 38.25714219 5.63425163
-1.43393 38.49800278 5.62284030
-1.43093 38.74056427 5.60931281
-1.42793 38.98020662 5.59370747
-1.42492 39.21260886 5.57595159
-1.42192 39.43332090 5.55591450
-1.41892 39.63758526 5.53343252
-1.41592 39.82027063 5.50832274
-1.41291 39.97586816 5.48039203
-1.40991 40.09853267 5.44944413
-1.40691 40.18216283 5.41528595
-1.40390 40.22051955 5.37773330
-1.40090 40.20738804 5.33661583
-1.39790 40.13682603 5.29177875
-1.39489 40.00408644 5.24306824
-1.39189 39.81068917 5.19038547
-1.38889 39.54274117 5.13388841
-1.38589 39.19671659 5.07352086
-1.38288 38.77204990 5.00931641
-1.37988 38.26874372 4.94135597
-1.37688 37.68800670 4.86975855
-1.37387 37.03256801 4.79469581
-1.37087 36.30750441 4.71646713
-1.36787 35.52372631 4.63579306
-1.36486 34.71473110 4.55507028
-1.36186 34.05136748 4.48612598
-1.35886 35.28342295 4.52162100
-1.35586 29.38265206 4.10733050
-1.35285 25.44416714 3.93084169
-1.34985 23.04155097 3.88186275
-1.34685 23.49185201 3.86416658
-1.34384 26.03384168 3.84436574
-1.34084 31.75234423 3.80518434
-1.33784 47.71944781 3.70301714
-1.33483 110.36501339 3.31829679
-1.33183 128.80549439 3.09672008
-1.32883 98.42891523 3.06223075
-1.32583 92.32691467 3.00631589
-1.32282 58.32444115 3.39149196
-1.31982 39.51753287 3.62283136
-1.31682 31.30612396 3.72875305
-1.31381 27.47628701 3.78222030
-1.31081 25.71547953 3.81219654
-1.30781 25.25778153 3.83006084
-1.30480 26.11701016 3.84040549
-1.30180 29.38641515 3.84408581
-1.29880 40.69821982 3.83545060
-1.29580 117.25412988 3.75090344
-1.29279 166.04797728 3.67062307
-1.28979 212.76980037 3.39070141
-1.28679 85.02989489 3.70780405
-1.28378 37.46955500 3.83412661
-1.28078 27.41533869 3.85211244
-1.27778 23.69373651 3.87284618
-1.27477 21.91976220 3.87837804
-1.27177 20.92383964 3.88209884
-1.26877 20.30328248 3.88342912
-1.26577 19.89523921 3.88551117
-1.26276 19.61234075 3.88687432
-1.25976 19.41032884 3.88789206
-1.25676 19.26491511 3.88865826
-1.25375 19.16711544 3.88922285
-1.25075 19.09396119 3.88960007
-1.24775 19.03951538 3.88981294
-1.24474 19.00007593 3.88987392
-1.24174 18.97261384 3.88978982
-1.23874 18.95480678 3.88956395
-1.23574 18.94487812 3.88919723
-1.23273 18.94145538 3.88868885
-1.22973 18.94346568 3.88803684
-1.22673 18.95006235 3.88723841
-1.22372 18.96057630 3.88629045
-1.22072 18.97449430 3.88518978
-1.21772 18.99150069 3.88393351
-1.21471 19.01198456 3.88251900
-1.21171 19.04252416 3.88094512
-1.20871 19.07512916 3.87921773
-1.20571 19.10648643 3.87733307
-1.20270 19.13800326 3.87528281
-1.19970 19.17012189 3.87303701
-1.19670 19.20310774 3.87050141
-1.19369 19.23730987 3.86739559
-1.19069 19.27344498 3.86286624
-1.18769 19.31336775 3.85403290
-1.18468 19.36384407 3.82860142
-1.18168 19.48832207 3.69617867
-1.17868 20.13525625 3.34501842
-1.17568 20.37830467 3.21115528
-1.17267 20.24115468 3.13430163
-1.16967 19.97435248 3.08439871
-1.16667 19.71935203 3.05225693
-1.16366 19.56744558 3.03283735
-1.16066 19.66503558 3.01755013
-1.15766 21.00521413 2.89556564
-1.15465 25.40203059 2.61008901
-1.15165 17.77747298 2.27321234
-1.14865 16.19788556 2.15599189
-1.14565 15.59394032 2.10262031
-1.14264 15.51238265 2.07832186
-1.13964 16.91289000 2.10097579
-1.13664 21.90364191 2.28830360
-1.13363 20.97799525 2.37563250
-1.13063 22.78964963 2.85936491
-1.12763 17.64535334 2.90283309
-1.12462 17.02367640 2.87304864
-1.12162 17.09492363 2.83005286
-1.11862 19.58573206 2.81586936
-1.11562 21.31790796 2.81714911
-1.11261 20.92971250 2.76797008
-1.10961 21.92723853 2.81466210
-1.10661 23.67482392 3.26642137
-1.10360 21.37531654 2.88241628
-1.10060 19.65079133 2.29234538
-1.09760 18.48803482 2.07936217
-1.09459 17.16247962 2.01302221
-1.09159 19.24680848 2.00516590
-1.08859 26.14345337 2.01945204
-1.08559 54.96935128 2.08864868
-1.08258 140.49788871 2.25405721
-1.07958 128.72918486 2.20725766
-1.07658 64.30920562 2.04801200
-1.07357 26.50123584 1.97813261
-1.07057 18.21282384 1.96514752
-1.06757 15.24937463 1.96112478
-1.06456 13.86644640 1.95946536
-1.06156 13.11210011 1.95864386
-1.05856 12.65649386 1.95817729
-1.05556 12.36086894 1.95787964
-1.05255 12.15858955 1.95766908
-1.04955 12.01442119 1.95750593
-1.04655 11.90831544 1.95736946
-1.04354 11.82818552 1.95724818
-1.04054 11.76639506 1.95713541
-1.03754 11.71792881 1.95702709
-1.03453 11.67938378 1.95692065
-1.03153 11.64838588 1.95681440
-1.02853 11.62323856 1.95670722
-1.02553 11.60270391 1.95659830
-1.02252 11.58586201 1.95648705
-1.01952 11.57201808 1.95637302
-1.01652 11.56063994 1.95625584
-1.01351 11.55131475 1.95613521
-1.01051 11.54371867 1.95601085
-1.00751 11.53759524 1.95588251
-1.00450 11.53273962 1.95574995
-1.00150 11.52898703 1.95561293
-0.99850 11.52620416 1.95547121
-0.99550 11.52428270 1.95532455
-0.99249 11.52313438 1.95517268
-0.98949 11.52268720 1.95501534
-0.98649 11.52288254 1.95485223
-0.98348 11.52367281 1.95468305
-0.98048 11.52501975 1.95450747
-0.97748 11.52689297 1.95432514
-0.97447 11.52926887 1.95413568
-0.97147 11.53212980 1.95393869
-0.96847 11.53546335 1.95373373
-0.96547 11.53926186 1.95352031
-0.96246 11.54352201 1.95329794
-0.95946 11.54824457 1.95306605
-0.95646 11.55343415 1.95282404
-0.95345 11.55909917 1.95257125
-0.95045 11.56525174 1.95230698
-0.94745 11.57190775 1.95203044
-0.94444 11.57908696 1.95174079
-0.94144 11.58681315 1.95143709
-0.93844 11.59511437 1.95111833
-0.93544 11.60402325 1.95078341
-0.93243 11.61357737 1.95043109
-0.92943 11.62381974 1.95006003
-0.92643 11.63479940 1.94966874
-0.92342 11.64657207 1.94925558
-0.92042 11.65920099 1.94881872
-0.91742 11.67275788 1.94835616
-0.91441 11.68732412 1.94786563
-0.91141 11.70299210 1.94734463
-0.90841 11.71986686 1.94679035
-0.90541 11.73806808 1.94619962
-0.90240 11.75773235 1.94556891
-0.89940 11.77901608 1.94489420
-0.89640 11.80209883 1.94417093
-0.89339 11.82718746 1.94339395
-0.89039 11.85452120 1.94255734
-0.88739 11.88437779 1.94165434
-0.88438 11.91708117 1.94067714
-0.88138 11.95301093 1.93961671
-0.87838 11.99261428 1.93846257
-0.87538 12.03642099 1.93720244
-0.87237 12.08506260 1.93582188
-0.86937 12.13929692 1.93430380
-0.86637 12.20003997 1.93262783
-0.86336 12.26840778 1.93076951
-0.86036 12.34577183 1.92869921
-0.85736 12.43383363 1.92638075
-0.85435 12.53472619 1.92376950
-0.85135 12.65115450 1.92080975
-0.84835 12.78659297 1.91743121
-0.84535 12.94556832 1.91354387
-0.84234 13.13407310 1.90903075
-0.83934 13.36018415 1.90373719
-0.83634 13.63501122 1.89745455
-0.83333 13.97419398 1.88989503
-0.83033 14.40034096 1.88065114
-0.82733 14.94714811 1.86912828
-0.82432 15.66663961 1.85442794
-0.82132 16.64247947 1.83513609
-0.81832 18.01565645 1.80892077
-0.81532 20.03650022 1.77172994
-0.81231 23.17391807 1.71613745
-0.80931 28.34035192 1.62802755
-0.80631 37.23375807 1.48192764
-0.80330 51.72370058 1.25226036
-0.80030 66.45370546 1.02730136
-0.79730 63.84018299 1.06872475
-0.79429 50.01081560 1.26328819
-0.79129 40.65256980 1.37170806
-0.78829 37.36137147 1.37255823
-0.78529 38.46419324 1.29058769
-0.78228 42.55553032 1.15218122
-0.77928 47.18705347 1.02127962
-0.77628 48.11588199 1.00914020
-0.77327 43.44231124 1.15312549
-0.77027 36.28727777 1.35636142
-0.76727 29.89216064 1.53060505
-0.76426 25.15669778 1.65550478
-0.76126 21.83780032 1.74053201
-0.75826 19.51559710 1.79841137
-0.75526 17.86146317 1.83855800
-0.75225 16.65502335 1.86708829
-0.74925 15.75375899 1.88786516
-0.74625 15.06527165 1.90334346
-0.74324 14.52864880 1.91511266
-0.74024 14.10286136 1.92422557
-0.73724 13.75964612 1.93139593
-0.73423 13.47910635 1.93711853
-0.73123 13.24694747 1.94174356
-0.72823 13.05270552 1.94552363
-0.72523 12.88858823 1.94864418
-0.72222 12.74870144 1.95124350
-0.71922 12.62852281 1.95342623
-0.71622 12.52453709 1.95527259
-0.71321 12.43397926 1.95684483
-0.71021 12.35465057 1.95819177
-0.70721 12.28478505 1.95935211
-0.70420 12.22295125 1.96035680
-0.70120 12.16797897 1.96123082
-0.69820 12.11890407 1.96199445
-0.69520 12.07492637 1.96266433
-0.69219 12.03537731 1.96325418
-0.68919 11.99969473 1.96377536
-0.68619 11.96740320 1.96423739
-0.68318 11.93809838 1.96464822
-0.68018 11.91143468 1.96501460
-0.67718 11.88711523 1.96534221
-0.67417 11.86488390 1.96563591
-0.67117 11.84451874 1.96589986
-0.66817 11.82582663 1.96613761
-0.66517 11.80863894 1.96635225
-0.66216 11.79280784 1.96654641
-0.65916 11.77820333 1.96672242
-0.65616 11.76471070 1.96688226
-0.65315 11.75222841 1.96702770
-0.65015 11.74066634 1.96716026
-0.64715 11.72994426 1.96728127
-0.64414 11.71999058 1.96739194
-0.64114 11.71074122 1.96749328
-0.63814 11.70213872 1.96758623
-0.63514 11.69413142 1.96767159
-0.63213 11.68667275 1.96775007
-0.62913 11.67972070 1.96782233
-0.62613 11.67323722 1.96788891
-0.62312 11.66718784 1.96795033
-0.62012 11.66154124 1.96800702
-0.61712 11.65626892 1.96805937
-0.61411 11.65134490 1.96810773
-0.61111 11.64674545 1.96815238
-0.60811 11.64244887 1.96819360
-0.60511 11.63843528 1.96823158
-0.60210 11.63468641 1.96826650
-0.59910 11.63118546 1.96829848
-0.59610 11.62791697 1.96832757
-0.59309 11.62486663 1.96835379
-0.59009 11.62202119 1.96837701
-0.58709 11.61936834 1.96839700
-0.58408 11.61689656 1.96841330
-0.58108 11.61459500 1.96842513
-0.57808 11.61245333 1.96843110
-0.57508 11.61046150 1.96842877
-0.57207 11.60860945 1.96841368
-0.56907 11.60688655 1.96837708
-0.56607 11.60528056 1.96830044
-0.56306 11.60377528 1.96813984
-0.56006 11.60234412 1.96777248
-0.55706 11.60092734 1.96674027
-0.55405 11.59951222 1.96110981
-0.55105 11.59748256 1.94217532
-0.54805 11.58930874 1.77022231
-0.54505 11.57702875 1.53235891
-0.54204 11.56915253 1.50669023
-0.53904 11.59188257 1.63213154
-0.53604 11.65332736 1.94378395
-0.53303 11.69400105 1.89004085
-0.53003 11.50121559 1.81476450
-0.52703 11.59771415 1.96269666
-0.52402 11.59024185 1.91396011
-0.52102 11.59850536 1.84013943
-0.51802 11.59460922 1.96004421
-0.51502 11.59575285 1.94911223
-0.51201 11.58928661 1.92241602
-0.50901 11.59384573 1.96774821
-0.50601 11.59390631 1.96841970
-0.50300 11.59433221 1.96751370
-0.50000 11.59431543 1.96855777
-0.49700 11.59466422 1.96859899
-0.49399 11.59502451 1.96860584
-0.49099 11.59542290 1.96860546
-0.48799 11.59586457 1.96860194
-0.48498 11.59635047 1.96859638
-0.48198 11.59688040 1.96858917
-0.47898 11.59745381 1.96858049
-0.47598 11.59807007 1.96857042
-0.47297 11.59872852 1.96855899
-0.46997 11.59942852 1.96854624
-0.46697 11.60016946 1.96853214
-0.46396 11.60095078 1.96851671
-0.46096 11.60177198 1.96849990
-0.45796 11.60263259 1.96848172
-0.45495 11.60353221 1.96846211
-0.45195 11.60447048 1.96844106
-0.44895 11.60544709 1.96841852
-0.44595 11.60646180 1.96839446
-0.44294 11.60751440 1.96836882
-0.43994 11.60860476 1.96834156
-0.43694 11.60973276 1.96831263
-0.43393 11.61089839 1.96828197
-0.43093 11.61210165 1.96824953
-0.42793 11.61334261 1.96821523
-0.42492 11.61462140 1.96817903
-0.42192 11.61593820 1.96814083
-0.41892 11.61729326 1.96810059
-0.41592 11.61868686 1.96805820
-0.41291 11.62011938 1.96801361
-0.40991 11.62159123 1.96796672
-0.40691 11.62310291 1.96791744
-0.40390 11.62465495 1.96786568
-0.40090 11.62624799 1.96781135
-0.39790 11.62788271 1.96775434
-0.39489 11.62955989 1.96769453
-0.39189 11.63128036 1.96763183
-0.38889 11.63304505 1.96756611
-0.38589 11.63485498 1.96749725
-0.38288 11.63671124 1.96742511
-0.37988 11.63861501 1.96734956
-0.37688 11.64056760 1.96727045
-0.37387 11.64257039 1.96718764
-0.37087 11.64462489 1.96710096
-0.36787 11.64673271 1.96701025
-0.36486 11.64889560 1.96691533
-0.36186 11.65111542 1.96681601
-0.35886 11.65339419 1.96671211
-0.35586 11.65573406 1.96660341
-0.35285 11.65813733 1.96648969
-0.34985 11.66060650 1.96637074
-0.34685 11.66314421 1.96624631
-0.34384 11.66575330 1.96611615
-0.34084 11.66843684 1.96597998
-0.33784 11.67119807 1.96583754
-0.33483 11.67404049 1.96568850
-0.33183 11.67696786 1.96553257
-0.32883 11.67998419 1.96536941
-0.32583 11.68309378 1.96519866
-0.32282 11.68630125 1.96501994
-0.31982 11.68961154 1.96483286
-0.31682 11.69302997 1.96463701
-0.31381 11.69656223 1.96443192
-0.31081 11.70021445 1.96421712
-0.30781 11.70399319 1.96399211
-0.30480 11.70790554 1.96375635
-0.30180 11.71195910 1.96350926
-0.29880 11.71616206 1.96325024
-0.29580 11.72052324 1.96297862
-0.29279 11.72505215 1.96269373
-0.28979 11.72975907 1.96239480
-0.28679 11.73465508 1.96208105
-0.28378 11.73975216 1.96175162
-0.28078 11.74506328 1.96140560
-0.27778 11.75060249 1.96104200
-0.27477 11.75638501 1.96065979
-0.27177 11.76242737 1.96025781
-0.26877 11.76874753 1.95983487
-0.26577 11.77536504 1.95938963
-0.26276 11.78230118 1.95892069
-0.25976 11.78957917 1.95842651
-0.25676 11.79722438 1.95790544
-0.25375 11.80526457 1.95735567
-0.25075 11.81373011 1.95677527
-0.24775 11.82265438 1.95616211
-0.24474 11.83207404 1.95551388
-0.24174 11.84202944 1.95482808
-0.23874 11.85256513 1.95410197
-0.23574 11.86373030 1.95333253
-0.23273 11.87557944 1.95251648
-0.22973 11.88817302 1.95165021
-0.22673 11.90157828 1.95072974
-0.22372 11.91587016 1.94975070
-0.22072 11.93113241 1.94870823
-0.21772 11.94745886 1.94759697
-0.21471 11.96495488 1.94641097
-0.21171 11.98373919 1.94514360
-0.20871 12.00394590 1.94378745
-0.20571 12.02572704 1.94233424
-0.20270 12.04925550 1.94077465
-0.19970 12.07472862 1.93909822
-0.19670 12.10237247 1.93729309
-0.19369 12.13244714 1.93534581
-0.19069 12.16525310 1.93324107
-0.18769 12.20113910 1.93096134
-0.18468 12.24051198 1.92848650
-0.18168 12.28384882 1.92579329
-0.17868 12.33171230 1.92285472
-0.17568 12.38477026 1.91963929
-0.17267 12.44382060 1.91610997
-0.16967 12.50982375 1.91222295
-0.16667 12.58394495 1.90792603
-0.16366 12.66761049 1.90315645
-0.16066 12.76258313 1.89783806
-0.15766 12.87106502 1.89187749
-0.15465 12.99584026 1.88515888
-0.15165 13.14047626 1.87753655
-0.14865 13.30961390 1.86882439
-0.14565 13.50939577 1.85878033
-0.14264 13.74811540 1.84708270
-0.13964 14.03723307 1.83329300
-0.13664 14.39302533 1.81679442
-0.13363 14.83938641 1.79668495
-0.13063 15.41285883 1.77157799
-0.12763 16.17234466 1.73919600
-0.12462 17.21982274 1.69543702
-0.12162 18.75186679 1.63182887
-0.11862 21.22948129 1.52647509
-0.11562 26.59015940 1.29880409
-0.11261 48.38689282 1.20699975
-0.10961 26.15287778 0.73399038
-0.10661 36.54506310 0.58739616
-0.10360 73.96221607 0.34802500
-0.10060 93.69502187 0.08633453
-0.09760 67.42500337 0.11539354
-0.09459 57.91263324 0.06143646
-0.09159 20.98804083 0.00806363
-0.08859 25.15751346 0.00267238
-0.08559 117.16324382 0.00317137
-0.08258 71.47385600 0.00491144
-0.07958 19.73542631 0.00200287
-0.07658 13.08365849 0.00131044
-0.07357 11.44191045 0.00099954
-0.07057 11.48719483 0.00082469
-0.06757 13.24207447 0.00071629
-0.06456 19.98052004 0.00064746
-0.06156 66.33140061 0.00061005
-0.05856 185.86884218 0.00053671
-0.05556 28.43013670 0.00053073
-0.05255 16.09182328 0.00053026
-0.04955 14.62557504 0.00053825
-0.04655 18.99343271 0.00055738
-0.04354 50.93558004 0.00059121
-0.04054 269.98220375 0.00063022
-0.03754 32.11330524 0.00070411
-0.03453 14.92647137 0.00081494
-0.03153 10.90418555 0.00098532
-0.02853 9.36495540 0.00126698
-0.02553 8.63051648 0.00178820
-0.02252 8.26359980 0.00296904
-0.01952 8.18728276 0.00718101
-0.01652 9.25633981 0.06129907
-0.01351 11.43922985 0.38312036
-0.01051 12.30642365 0.64191149
-0.00751 14.10951998 0.99325835
-0.00450 14.47504150 1.24662764
-0.00150 14.41170074 1.40561959
0.00150 14.24414242 1.51310421
0.00450 14.05762465 1.59013324
0.00751 13.87813123 1.64778343
0.01051 13.71339055 1.69238257
0.01351 13.56485353 1.72779481
0.01652 13.43175516 1.75650856
0.01952 13.31261838 1.78019639
0.02252 13.20583339 1.80002280
0.02553 13.10987705 1.81682264
0.02853 13.02338631 1.83120953
0.03153 12.94517169 1.84364416
0.03453 12.87420700 1.85447886
0.03754 12.80961112 1.86398747
0.04054 12.75062822 1.87238588
0.04354 12.69660924 1.87984647
0.04655 12.64699555 1.88650842
0.04955 12.60130493 1.89248530
0.05255 12.55911978 1.89787060
0.05556 12.52007720 1.90274195
0.05856 12.48386070 1.90716431
0.06156 12.45019335 1.91119242
0.06456 12.41883197 1.91487268
0.06757 12.38956234 1.91824471
0.07057 12.36219513 1.92134249
0.07357 12.33656247 1.92419531
0.07658 12.31251513 1.92682856
0.07958 12.28992004 1.92926435
0.08258 12.26865821 1.93152199
0.08559 12.24862299 1.93361844
0.08859 12.22971853 1.93556863
0.09159 12.21185848 1.93738575
0.09459 12.19496491 1.93908152
0.09760 12.17896727 1.94066635
0.10060 12.16380160 1.94214953
0.10360 12.14940980 1.94353937
0.10661 12.13573898 1.94484335
0.10961 12.12274088 1.94606817
0.11261 12.11037144 1.94721988
0.11562 12.09859031 1.94830395
0.11862 12.08736053 1.94932534
0.12162 12.07664814 1.95028855
0.12462 12.06642192 1.95119767
0.12763 12.05665312 1.95205643
0.13063 12.04731523 1.95286823
0.13363 12.03838377 1.95363619
0.13664 12.02983608 1.95436317
0.13964 12.02165121 1.95505179
0.14264 12.01380972 1.95570447
0.14565 12.00629357 1.95632341
0.14865 11.99908599 1.95691067
0.15165 11.99217139 1.95746814
0.15465 11.98553523 1.95799758
0.15766 11.97916398 1.95850059
0.16066 11.97304499 1.95897870
0.16366 11.96716645 1.95943328
0.16667 11.96151731 1.95986566
0.16967 11.95608722 1.96027702
0.17267 11.95086650 1.96066851
0.17568 11.94584604 1.96104118
0.17868 11.94101732 1.96139600
0.18168 11.93637231 1.96173391
0.18468 11.93190347 1.96205576
0.18769 11.92760369 1.96236236
0.19069 11.92346629 1.96265447
0.19369 11.91948495 1.96293281
0.19670 11.91565371 1.96319804
0.19970 11.91196695 1.96345081
0.20270 11.90841935 1.96369169
0.20571 11.90500588 1.96392126
0.20871 11.90172177 1.96414004
0.21171 11.89856251 1.96434853
0.21471 11.89552382 1.96454721
0.21772 11.89260163 1.96473653
0.22072 11.88979208 1.96491691
0.22372 11.88709151 1.96508875
0.22673 11.88449641 1.96525244
0.22973 11.88200349 1.96540834
0.23273 11.87960955 1.96555678
0.23574 11.87731160 1.96569811
0.23874 11.87510674 1.96583263
0.24174 11.87299225 1.96596064
0.24474 11.87096548 1.96608242
0.24775 11.86902393 1.96619824
0.25075 11.86716520 1.96630836
0.25375 11.86538699 1.96641302
0.25676 11.86368711 1.96651247
0.25976 11.86206345 1.96660692
0.26276 11.86051398 1.96669659
0.26577 11.85903677 1.96678169
0.26877 11.85762995 1.96686240
0.27177 11.85629174 1.96693893
0.27477 11.85502042 1.96701145
0.27778 11.85381434 1.96708013
0.28078 11.85267191 1.96714514
0.28378 11.85159161 1.96720663
0.28679 11.85057196 1.96726477
0.28979 11.84961154 1.96731970
0.29279 11.84870900 1.96737156
0.29580 11.84786302 1.96742048
0.29880 11.84707234 1.96746659
0.30180 11.84633574 1.96751002
0.30480 11.84565204 1.96755089
0.30781 11.84502011 1.96758932
0.31081 11.84443886 1.96762541
0.31381 11.84390724 1.96765928
0.31682 11.84342423 1.96769102
0.31982 11.84298886 1.96772073
0.32282 11.84260019 1.96774851
0.32583 11.84225732 1.96777446
0.32883 11.84195937 1.96779865
0.33183 11.84170551 1.96782117
0.33483 11.84149493 1.96784211
0.33784 11.84132686 1.96786154
0.34084 11.84120056 1.96787954
0.34384 11.84111533 1.96789617
0.34685 11.84107047 1.96791152
0.34985 11.84106535 1.96792564
0.35285 11.84109933 1.96793860
0.35586 11.84117185 1.96795046
0.35886 11.84128233 1.96796128
0.36186 11.84143024 1.96797112
0.36486 11.84161509 1.96798002
0.36787 11.84183640 1.96798805
0.37087 11.84209373 1.96799525
0.37387 11.84238668 1.96800167
0.37688 11.84271485 1.96800735
0.37988 11.84307790 1.96801234
0.38288 11.84347551 1.96801667
0.38589 11.84390738 1.96802040
0.38889 11.84437326 1.96802355
0.39189 11.84487292 1.96802616
0.39489 11.84540617 1.96802826
0.39790 11.84597285 1.96802989
0.40090 11.84657282 1.96803108
0.40390 11.84720600 1.96803185
0.40691 11.84787232 1.96803223
0.40991 11.84857178 1.96803224
0.41291 11.84930437 1.96803192
0.41592 11.85007016 1.96803128
0.41892 11.85086924 1.96803033
0.42192 11.85170174 1.96802911
0.42492 11.85256784 1.96802763
0.42793 11.85346777 1.96802590
0.43093 11.85440178 1.96802393
0.43393 11.85537019 1.96802175
0.43694 11.85637336 1.96801936
0.43994 11.85741170 1.96801677
0.44294 11.85848568 1.96801399
0.44595 11.85959581 1.96801103
0.44895 11.86074267 1.96800790
0.45195 11.86192690 1.96800459
0.45495 11.86314920 1.96800112
0.45796 11.86441033 1.96799748
0.46096 11.86571114 1.96799368
0.46396 11.86705252 1.96798972
0.46697 11.86843547 1.96798559
0.46997 11.86986104 1.96798129
0.47297 11.87133040 1.96797682
0.47598 11.87284479 1.96797217
0.47898 11.87440553 1.96796733
0.48198 11.87601407 1.96796231
0.48498 11.87767196 1.96795708
0.48799 11.87938086 1.96795164
0.49099 11.88114254 1.96794597
0.49399 11.88295892 1.96794007
0.49700 11.88483206 1.96793392
0.50000 11.88676413 1.96792750
0.50300 11.88875751 1.96792079
0.50601 11.89081471 1.96791379
0.50901 11.89293844 1.96790646
0.51201 11.89513160 1.96789878
0.51502 11.89739729 1.96789073
0.51802 11.89973885 1.96788230
0.52102 11.90215986 1.96787344
0.52402 11.90466415 1.96786413
0.52703 11.90725584 1.96785435
0.53003 11.90993938 1.96784405
0.53303 11.91271951 1.96783321
0.53604 11.91560137 1.96782178
0.53904 11.91859048 1.96780973
0.54204 11.92169278 1.96779701
0.54505 11.92491468 1.96778358
0.54805 11.92826313 1.96776940
0.55105 11.93174561 1.96775440
0.55405 11.93537022 1.96773854
0.55706 11.93914574 1.96772176
0.56006 11.94308170 1.96770398
0.56306 11.94718843 1.96768516
0.56607 11.95147720 1.96766520
0.56907 11.95596024 1.96764403
0.57207 11.96065091 1.96762157
0.57508 11.96556382 1.96759773
0.57808 11.97071492 1.96757240
0.58108 11.97612174 1.96754548
0.58408 11.98180347 1.96751684
0.58709 11.98778127 1.96748637
0.59009 11.99407843 1.96745391
0.59309 12.00072071 1.96741932
0.59610 12.00773657 1.96738242
0.59910 12.01515764 1.96734302
0.60210 12.02301906 1.96730093
0.60511 12.03136001 1.96725591
0.60811 12.04022428 1.96720771
0.61111 12.04966094 1.96715604
0.61411 12.05972517 1.96710059
0.61712 12.07047916 1.96704100
0.62012 12.08199326 1.96697688
0.62312 12.09434731 1.96690777
0.62613 12.10763223 1.96683316
0.62913 12.12195200 1.96675247
0.63213 12.13742596 1.96666503
0.63514 12.15419171 1.96657009
0.63814 12.17240860 1.96646675
0.64114 12.19226209 1.96635401
0.64414 12.21396917 1.96623067
0.64715 12.23778510 1.96609534
0.65015 12.26401203 1.96594639
0.65315 12.29300990 1.96578187
0.65616 12.32521052 1.96559946
0.65916 12.36113590 1.96539638
0.66216 12.40142229 1.96516925
0.66517 12.44685228 1.96491393
0.66817 12.49839802 1.96462531
0.67117 12.55728038 1.96429702
0.67417 12.62505126 1.96392103
0.67718 12.70371004 1.96348702
0.68018 12.79587168 1.96298163
0.68318 12.90501472 1.96238722
0.68619 13.03585647 1.96168007
0.68919 13.19493670 1.96082760
0.69219 13.39155592 1.95978393
0.69520 13.63934118 1.95848261
0.69820 13.95897806 1.95682404
0.70120 14.38323647 1.95465270
0.70420 14.96683450 1.95171345
0.70721 15.80742968 1.94756057
0.71021 17.09522421 1.94134998
0.71321 19.24805202 1.93129803
0.71622 23.36294833 1.91299144
0.71922 33.30925451 1.87244512
0.72222 72.98007216 1.74756473
0.72523 149.75449483 1.80459070
0.72823 143.27342063 1.74544636
0.73123 169.69125611 1.66858555
0.73423 101.43432574 2.14663481
0.73724 67.88786726 2.53456827
0.74024 58.19581715 2.78662545
0.74324 57.02579988 2.95816487
0.74625 61.02830201 3.05176501
0.74925 70.04312245 3.02766020
0.75225 81.93418365 2.82428944
0.75526 85.88550220 2.54869989
0.75826 77.36867349 2.48748253
0.76126 69.11020600 2.57742323
0.76426 66.75922303 2.63708760
0.76727 68.11562356 2.61894410
0.77027 68.03384244 2.58368314
0.77327 62.66095895 2.63352498
0.77628 54.15881501 2.77561912
0.77928 46.37313313 2.94125960
0.78228 40.58709898 3.08749274
0.78529 36.52935747 3.20574514
0.78829 33.66981182 3.29993140
0.79129 31.59829061 3.37573211
0.79429 30.04624866 3.43781813
0.79730 28.84416909 3.48959526
0.80030 27.88449325 3.53348100
0.80330 27.09760289 3.57119863
0.80631 26.43731293 3.60399614
0.80931 25.87219784 3.63279532
0.81231 25.38034688 3.65829104
0.81532 24.94613024 3.68101750
0.81832 24.55816047 3.70139295
0.82132 24.20797805 3.71975039
0.82432 23.88918526 3.73635902
0.82733 23.59686370 3.75143941
0.83033 23.32717506 3.76517457
0.83333 23.07708257 3.77771803
0.83634 22.84415368 3.78919985
0.83934 22.62641818 3.79973119
0.84234 22.42226494 3.80940788
0.84535 22.23036612 3.81831306
0.84835 22.04962110 3.82651938
0.85135 21.87911504 3.83409072
0.85435 21.71808864 3.84108348
0.85736 21.56591671 3.84754779
0.86036 21.42209435 3.85352835
0.86336 21.28623015 3.85906519
0.86637 21.15804697 3.86419433
0.86937 21.03739179 3.86894827
0.87237 20.92425831 3.87335645
0.87538 20.81882908 3.87744566
0.87838 20.72155031 3.88124034
0.88138 20.63326580 3.88476294
0.88438 20.55546531 3.88803426
0.88739 20.49077431 3.89107401
0.89039 20.44400491 3.89390178
0.89339 20.42469493 3.89654001
0.89640 20.45438816 3.89902527
0.89940 20.59402881 3.90147113
0.90240 21.11831761 3.90475989
0.90541 24.60763977 3.93947498
0.90841 29.28294391 4.10867449
0.91141 30.77583495 4.25285773
0.91441 31.19417115 4.36305449
0.91742 31.16922804 4.44922640
0.92042 30.93710915 4.51807598
0.92342 30.60488205 4.57405491
0.92643 30.22651553 4.62021472
0.92943 29.83100401 4.65871613
0.93243 29.43452507 4.69113336
0.93544 29.04627009 4.71864162
0.93844 28.67146024 4.74213672
0.94144 28.31300046 4.76231374
0.94444 27.97243160 4.77972034
0.94745 27.65050392 4.79479381
0.95045 27.34754100 4.80788730
0.95345 27.06368882 4.81928889
0.95646 26.79910886 4.82923549
0.95946 26.55415956 4.83792329
0.96246 26.32961114 4.84551553
0.96547 26.12695878 4.85214831
0.96847 25.94895408 4.85793479
0.97147 25.80061651 4.86296813
0.97447 25.69137061 4.86732297
0.97748 25.64013692 4.87105594
0.98048 25.68953088 4.87420823
0.98348 25.95580573 4.87683998
0.98649 26.88943705 4.87948766
0.98949 32.41834012 4.89899217
0.99249 47.21253856 5.23686033
0.99550 45.71271954 5.53722263
0.99850 42.63663496 5.69318653
1.00150 41.25943275 5.77097172
1.00450 40.54632371 5.83507500
1.00751 40.10832143 5.89010547
1.01051 39.87730687 5.94269302
1.01351 39.79548540 5.99563011
1.01652 39.82656805 6.05044103
1.01952 39.94830568 6.10810860
1.02252 40.14779592 6.16934365
1.02553 40.41953426 6.23470733
1.02853 40.76583072 6.30468242
1.03153 41.20058351 6.37974032
1.03453 41.76123768 6.46046421
1.03754 42.55172476 6.54798454
1.04054 43.94333489 6.64593187
1.04354 46.54245508 6.76420124
1.04655 47.81151078 6.90169024
1.04955 48.11533595 7.01250771
1.05255 48.09462401 7.10512940
1.05556 47.93262561 7.18470514
1.05856 47.70601351 7.25447430
1.06156 47.45330618 7.31665797
1.06456 47.19610709 7.37287120
1.06757 46.94755654 7.42434233
1.07057 46.71624489 7.47204134
1.07357 46.50822618 7.51676040
1.07658 46.32814321 7.55916721
1.07958 46.17990351 7.59984206
1.08258 46.06711592 7.63930454
1.08559 45.99339526 7.67803349
1.08859 45.96259397 7.71648237
1.09159 45.97899392 7.75509110
1.09459 46.04747810 7.79429493
1.09760 46.17369239 7.83453042
1.10060 46.36420221 7.87623755
1.10360 46.62664230 7.91985667
1.10661 46.96985336 7.96581763
1.10961 47.40399408 8.01451701
1.11261 47.94061688 8.06627738
1.11562 48.59270727 8.12128061
1.11862 49.37472887 8.17946472
1.12162 50.30282498 8.24037353
1.12462 51.39556056 8.30295097
1.12763 52.67602038 8.36528110
1.13063 54.17672827 8.42428997
1.13363 55.94945411 8.47543877
1.13664 58.08132222 8.51242445
1.13964 60.71284398 8.52684373
1.14264 64.03188963 8.50777891
1.14565 68.15875693 8.44198186
1.14865 72.75170542 8.31838371
1.15165 76.35896751 8.14451238
1.15465 76.69077731 7.96617302
1.15766 72.99728051 7.84214354
1.16066 67.16421990 7.78645712
1.16366 61.37937729 7.77304645
1.16667 56.59243981 7.77583035
1.16967 52.88257526 7.78200474
1.17267 50.04861437 7.78753259
1.17568 47.86997926 7.79196126
1.17868 46.17273983 7.79587549
1.18168 44.83154626 7.79996660
1.18468 43.75807269 7.80477372
1.18769 42.88995158 7.81065651
1.19069 42.18267753 7.81783135
1.19369 41.60412808 7.82641465
1.19670 41.13094645 7.83645783
1.19970 40.74617537 7.84797190
1.20270 40.43773188 7.86094353
1.20571 40.19746987 7.87534474
1.20871 40.02069002 7.89113827
1.21171 39.90604310 7.90827972
1.21471 39.85585300 7.92671728
1.21772 39.87698658 7.94638910
1.22072 39.98255774 7.96721760
1.22372 40.19505288 7.98909864
1.22673 40.55208288 8.01188111
1.22973 41.11734350 8.03532591
1.23273 42.00268194 8.05901846
1.23574 43.41588339 8.08216630
1.23874 45.77422783 8.10308392
1.24174 50.00801132 8.11771338
1.24474 58.49992077 8.11467222
1.24775 78.48466873 8.05546887
1.25075 132.92729319 7.79628804
1.25375 211.84699520 7.26698034
1.25676 159.85023663 7.40813236
1.25976 89.02861984 7.84278059
1.26276 62.09515097 8.05776277
1.26577 51.14179082 8.17117251
1.26877 45.80437022 8.24433970
1.27177 42.82175072 8.29887571
1.27477 40.98064064 8.34341970
1.27778 39.75641210 8.38190634
1.28078 38.89455707 8.41631783
1.28378 38.26032760 8.44773164
1.28679 37.77745463 8.47676863
1.28979 37.40053630 8.50380400
1.29279 37.10155837 8.52907429
1.29580 36.86287683 8.55273530
1.29880 36.67337548 8.57489488
1.30180 36.52628386 8.59563231
1.30480 36.41791603 8.61501000
1.30781 36.34695201 8.63308074
1.31081 36.31406414 8.64989216
1.31381 36.32178539 8.66548942
1.31682 36.37457217 8.67991684
1.31982 36.47904972 8.69321877
1.32282 36.64445634 8.70543994
1.32583 36.88332983 8.71662557
1.32883 37.21251181 8.72682114
1.33183 37.65458858 8.73607216
1.33483 38.23995179 8.74442375
1.33784 39.00976910 8.75192019
1.34084 40.02035707 8.75860437
1.34384 41.34991391 8.76451721
1.34685 43.10991138 8.76969689
1.34985 45.46845360 8.77417773
1.35285 48.71924102 8.77798890
1.35586 53.69273092 8.78117659
1.35886 61.80991834 8.78403362
1.36186 68.93769788 8.78654458
1.36486 73.48109357 8.78867318
1.36787 76.42565538 8.79032499
1.37087 78.63818243 8.79153029
1.37387 80.47230140 8.79233728
1.37688 82.18418415 8.79284695
1.37988 84.05070369 8.79333090
1.38288 86.47712479 8.79458046
1.38589 90.19444624 8.79900803
1.38889 96.69783830 8.81434336
1.39189 108.99084940 8.86585469
1.39489 129.50029590 9.01819049
1.39790 141.53777738 9.25982599
1.40090 128.65547294 9.33157848
1.40390 121.11244575 9.29121148
1.40691 137.69694715 9.30705240
1.40991 173.28777326 9.49868610
1.41291 137.82750658 9.55126898
1.41592 104.43256295 9.48600765
1.41892 90.96518181 9.46923598
1.42192 84.80822398 9.48692587
1.42492 81.47969211 9.52506402
1.42793 79.43237668 9.57675806
1.43093 78.03511962 9.63816888
1.43393 76.98653865 9.70667922
1.43694 76.12245664 9.78014575
1.43994 75.34399505 9.85658911
1.44294 74.58806715 9.93408631
1.44595 73.81442048 10.01077460
1.44895 72.99942804 10.08492016
1.45195 72.13247011 10.15501461
1.45495 71.21308996 10.21986531
1.45796 70.24825889 10.27865280
1.46096 69.24968802 10.33094230
1.46396 68.23137893 10.37665120
1.46697 67.20762999 10.41598532
1.46997 66.19161802 10.44936059
1.47297 65.19455296 10.47732533
1.47598 64.22531338 10.50049313
1.47898 63.29043049 10.51949087
1.48198 62.39428991 10.53492252
1.48498 61.53944377 10.54734664
1.48799 60.72695789 10.55726462
1.49099 59.95674668 10.56511654
1.49399 59.22787108 10.57128209
1.49700 58.53878956 10.57608447
1.50000 57.88756135 10.57979585
