-1.50000 84.928017169834 3.935897619296
-1.49700 232.329050090953 3.923361175047
-1.49399 55.225258211771 3.824596106291
-1.49099 27.889241422381 3.757424096089
-1.48799 22.370149904096 3.575355029170
-1.48498 20.147285692507 3.214458337778
-1.48198 19.363304719230 3.141599611824
-1.47898 19.271304755083 3.131667208926
-1.47598 20.308285064828 3.154999420706
-1.47297 30.198575150053 3.274807433982
-1.46997 18.227124594716 2.974049631249
-1.46697 16.161924049858 2.938299478712
-1.46396 15.638528809838 2.929222895404
-1.46096 15.510048667576 2.923834707518
-1.45796 15.628426013822 2.916600456786
-1.45495 16.115629579971 2.898771266825
-1.45195 17.475006424472 2.836669887815
-1.44895 20.025128652644 2.649464310048
-1.44595 20.842560674935 2.458823500009
-1.44294 19.687640922359 2.400602199333
-1.43994 17.377161819782 2.320900682271
-1.43694 17.688137905133 2.374925071659
-1.43393 27.203016829596 3.003696903975
-1.43093 17.253265908618 2.746596939932
-1.42793 16.142219261556 2.892588485498
-1.42492 16.142974480336 2.542386095289
-1.42192 21.635626840329 3.075630172090
-1.41892 18.102873820752 2.971008723183
-1.41592 18.684302845055 3.138409301092
-1.41291 19.779140704215 3.450615185671
-1.40991 18.583665093271 3.369083052298
-1.40691 18.638060803999 3.357542716140
-1.40390 18.773228838249 3.359262789941
-1.40090 18.987885627840 3.411513303733
-1.39790 19.254307174430 3.717857449733
-1.39489 19.304282652177 3.859928874088
-1.39189 19.359285095606 3.880579107179
-1.38889 19.424957401391 3.886456705344
-1.38589 19.497658059930 3.888606769434
-1.38288 19.576009587691 3.889392036551
-1.37988 19.659515220618 3.889542191024
-1.37688 19.748062293238 3.889338380068
-1.37387 19.841738728709 3.888905896708
-1.37087 19.940759225836 3.888305847553
-1.36787 20.045434972170 3.887569025708
-1.36486 20.156163067470 3.886710045256
-1.36186 20.273426301336 3.885733773569
-1.35886 20.397799515635 3.884638399337
-1.35586 20.529961168419 3.883416863249
-1.35285 20.670709895717 3.882057387077
-1.34985 20.820986662052 3.880543419304
-1.34685 20.981903711550 3.878853116188
-1.34384 21.154782246878 3.876958362588
-1.34084 21.341201685709 3.874823248142
-1.33784 21.543064660916 3.872401818548
-1.33483 21.762683905277 3.869634788835
-1.33183 22.002900232652 3.866444694698
-1.32883 22.267245764151 3.862728597117
-1.32583 22.560174765734 3.858346803891
-1.32282 22.887398696725 3.853104834653
-1.31982 23.256387902310 3.846723376436
-1.31682 23.677152019315 3.838785683915
-1.31381 24.163513561038 3.828639690677
-1.31081 24.735320666238 3.815201270802
-1.30781 25.422636944202 3.796517133376
-1.30480 26.274746877883 3.768650717117
-1.30180 27.383950918128 3.722203404011
-1.29880 28.978962528032 3.627049542050
-1.29580 32.333027526487 3.326648725355
-1.29279 38.099007484821 3.058043858802
-1.28979 42.557661483205 2.946623530880
-1.28679 47.129106511464 2.805485257245
-1.28378 61.141579485375 2.505167104568
-1.28078 75.414162716066 2.280254246900
-1.27778 30.129088573407 2.014029366497
-1.27477 15.983527450893 1.973939255028
-1.27177 12.861990770008 1.968419392922
-1.26877 11.973782128538 1.967343996533
-1.26577 11.555642661913 1.966967503731
-1.26276 11.316523727683 1.966802629422
-1.25976 11.163734284431 1.966721225156
-1.25676 11.058602345555 1.966678250468
-1.25375 10.982264529224 1.966654929294
-1.25075 10.924499930148 1.966642468452
-1.24775 10.879329264051 1.966636381295
-1.24474 10.843042662186 1.966634221700
-1.24174 10.813228072714 1.966634583539
-1.23874 10.788256173410 1.966636622729
-1.23574 10.766990754027 1.966639813941
-1.23273 10.748617798012 1.966643820080
-1.22973 10.732540434309 1.966648419090
-1.22673 10.718312099492 1.966653461327
-1.22372 10.705592721104 1.966658843902
-1.22072 10.694119233295 1.966664494791
-1.21772 10.683685275237 1.966670362740
-1.21471 10.674126923623 1.966676410709
-1.21171 10.665312481088 1.966682611523
-1.20871 10.657135046056 1.966688944935
-1.20571 10.649507025419 1.966695395615
-1.20270 10.642356026662 1.966701951747
-1.19970 10.635621744456 1.966708604040
-1.19670 10.629253573852 1.966715345015
-1.19369 10.623208761400 1.966722168501
-1.19069 10.617450958936 1.966729069256
-1.18769 10.611949082233 1.966736042696
-1.18468 10.606676402660 1.966743084689
-1.18168 10.601609818659 1.966750191401
-1.17868 10.596729267190 1.966757359186
-1.17568 10.592017245011 1.966764584492
-1.17267 10.587458416788 1.966771863802
-1.16967 10.583039292360 1.966779193581
-1.16667 10.578747959465 1.966786570238
-1.16366 10.574573861180 1.966793990100
-1.16066 10.570507609678 1.966801449389
-1.15766 10.566540829626 1.966808944207
-1.15465 10.562666025940 1.966816470525
-1.15165 10.558876471380 1.966824024177
-1.14865 10.555166111300 1.966831600857
-1.14565 10.551529481578 1.966839196111
-1.14264 10.547961638594 1.966846805345
-1.13964 10.544458098776 1.966854423822
-1.13664 10.541014786320 1.966862046668
-1.13363 10.537627987931 1.966869668873
-1.13063 10.534294313387 1.966877285301
-1.12763 10.531010661161 1.966884890695
-1.12462 10.527774188332 1.966892479680
-1.12162 10.524582284202 1.966900046781
-1.11862 10.521432547068 1.966907586420
-1.11562 10.518322763739 1.966915092935
-1.11261 10.515250891428 1.966922560587
-1.10961 10.512215041718 1.966929983566
-1.10661 10.509213466280 1.966937356011
-1.10360 10.506244544212 1.966944672011
-1.10060 10.503306770696 1.966951925628
-1.09760 10.500398746882 1.966959110897
-1.09459 10.497519170823 1.966966221851
-1.09159 10.494666829331 1.966973252523
-1.08859 10.491840590651 1.966980196967
-1.08559 10.489039397921 1.966987049264
-1.08258 10.486262263108 1.966993803544
-1.07958 10.483508261737 1.967000453991
-1.07658 10.480776527966 1.967006994863
-1.07357 10.478066250180 1.967013420502
-1.07057 10.475376666953 1.967019725350
-1.06757 10.472707063422 1.967025903962
-1.06456 10.470056767926 1.967031951018
-1.06156 10.467425148986 1.967037861341
-1.05856 10.464811612513 1.967043629908
-1.05556 10.462215599103 1.967049251863
-1.05255 10.459636582524 1.967054722530
-1.04955 10.457074065777 1.967060037431
-1.04655 10.454527581204 1.967065192291
-1.04354 10.451996687426 1.967070183057
-1.04054 10.449480967726 1.967075005909
-1.03754 10.446980029129 1.967079657270
-1.03453 10.444493500380 1.967084133819
-1.03153 10.442021030819 1.967088432503
-1.02853 10.439562289233 1.967092550545
-1.02553 10.437116962601 1.967096485459
-1.02252 10.434684755110 1.967100235055
-1.01952 10.432265387126 1.967103797449
-1.01652 10.429858594309 1.967107171075
-1.01351 10.427464126727 1.967110354689
-1.01051 10.425081748090 1.967113347379
-1.00751 10.422711234971 1.967116148570
-1.00450 10.420352376147 1.967118758030
-1.00150 10.418004971887 1.967121175879
-0.99850 10.415668833389 1.967123402586
-0.99550 10.413343782206 1.967125438979
-0.99249 10.411029649417 1.967127286248
-0.98949 10.408726276215 1.967128945941
-0.98649 10.406433511435 1.967130419972
-0.98348 10.404151213005 1.967131710617
-0.98048 10.401879246610 1.967132820517
-0.97748 10.399617485355 1.967133752672
-0.97447 10.397365809542 1.967134510444
-0.97147 10.395124106218 1.967135097549
-0.96847 10.392892268853 1.967135518055
-0.96547 10.390670196992 1.967135776379
-0.96246 10.388457795978 1.967135877276
-0.95946 10.386254976633 1.967135825837
-0.95646 10.384061654975 1.967135627478
-0.95345 10.381877751964 1.967135287932
-0.95045 10.379703193250 1.967134813239
-0.94745 10.377537908925 1.967134209738
-0.94444 10.375381833271 1.967133484051
-0.94144 10.373234904584 1.967132643074
-0.93844 10.371097064947 1.967131693960
-0.93544 10.368968259979 1.967130644111
-0.93243 10.366848438717 1.967129501156
-0.92943 10.364737553404 1.967128272939
-0.92643 10.362635559298 1.967126967503
-0.92342 10.360542414517 1.967125593069
-0.92042 10.358458079893 1.967124158021
-0.91742 10.356382518783 1.967122670886
-0.91441 10.354315696949 1.967121140315
-0.91141 10.352257582420 1.967119575061
-0.90841 10.350208145339 1.967117983959
-0.90541 10.348167357850 1.967116375906
-0.90240 10.346135193964 1.967114759838
-0.89940 10.344111629457 1.967113144706
-0.89640 10.342096641726 1.967111539456
-0.89339 10.340090209735 1.967109953004
-0.89039 10.338092313858 1.967108394211
-0.88739 10.336102935800 1.967106871862
-0.88438 10.334122058526 1.967105394641
-0.88138 10.332149666143 1.967103971105
-0.87838 10.330185743832 1.967102609659
-0.87538 10.328230277760 1.967101318535
-0.87237 10.326283255004 1.967100105762
-0.86937 10.324344663487 1.967098979147
-0.86637 10.322414491883 1.967097946244
-0.86336 10.320492729617 1.967097014334
-0.86036 10.318579366703 1.967096190396
-0.85736 10.316674393757 1.967095481088
-0.85435 10.314777801928 1.967094892716
-0.85135 10.312889582826 1.967094431216
-0.84835 10.311009728486 1.967094102122
-0.84535 10.309138231299 1.967093910550
-0.84234 10.307275083975 1.967093861168
-0.83934 10.305420279484 1.967093958174
-0.83634 10.303573811002 1.967094205270
-0.83333 10.301735671861 1.967094605640
-0.83033 10.299905855473 1.967095161920
-0.82733 10.298084355267 1.967095876172
-0.82432 10.296271164614 1.967096749859
-0.82132 10.294466276719 1.967097783809
-0.81832 10.292669684499 1.967098978182
-0.81532 10.290881380438 1.967100332429
-0.81231 10.289101356381 1.967101845245
-0.80931 10.287329603283 1.967103514506
-0.80631 10.285566110861 1.967105337196
-0.80330 10.283810867127 1.967107309311
-0.80030 10.282063857753 1.967109425716
-0.79730 10.280325065173 1.967111679968
-0.79429 10.278594467345 1.967114064045
-0.79129 10.276872035905 1.967116567951
-0.78829 10.275157733561 1.967119179120
-0.78529 10.273451510123 1.967121881467
-0.78228 10.271753296472 1.967124653821
-0.77928 10.270062995160 1.967127467188
-0.77628 10.268380465294 1.967130279595
-0.77327 10.266705497615 1.967133025350
-0.77027 10.265037771825 1.967135589131
-0.76727 10.263376777450 1.967137728556
-0.76426 10.261721609714 1.967138754059
-0.76126 10.260069498808 1.967135306560
-0.75826 10.258373256564 1.967079593252
-0.75526 10.253121738018 1.961639482246
-0.75225 10.255851319784 1.966919339328
-0.74925 10.253727264814 1.967017856951
-0.74625 10.252929751986 1.966398714255
-0.74324 10.251430901487 1.961459365516
-0.74024 10.248711690525 1.966455106055
-0.73724 10.247252932510 1.967070379479
-0.73423 10.245741214331 1.967140347838
-0.73123 10.244198213135 1.967162314639
-0.72823 10.242634318333 1.967167885102
-0.72523 10.240971866789 1.967124090537
-0.72222 10.239195060997 1.963341241761
-0.71922 10.238259000770 1.966947740356
-0.71622 10.236625400623 1.967172442711
-0.71321 10.235126354799 1.967194261077
-0.71021 10.233638671722 1.967202589464
-0.70721 10.232159862546 1.967207756014
-0.70420 10.230690192867 1.967211633509
-0.70120 10.229229933547 1.967214778408
-0.69820 10.227779289584 1.967217404459
-0.69520 10.226338434667 1.967219606022
-0.69219 10.224907532661 1.967221427273
-0.68919 10.223486748599 1.967222888366
-0.68619 10.222076254657 1.967223996860
-0.68318 10.220676233496 1.967224753270
-0.68018 10.219286880804 1.967225154020
-0.67718 10.217908406980 1.967225193114
-0.67417 10.216541038812 1.967224863157
-0.67117 10.215185020948 1.967224155999
-0.66817 10.213840617529 1.967223063169
-0.66517 10.212508113736 1.967221576180
-0.66216 10.211187817593 1.967219686745
-0.65916 10.209880061819 1.967217386950
-0.65616 10.208585205867 1.967214669384
-0.65315 10.207303638151 1.967211527242
-0.65015 10.206035778654 1.967207954417
-0.64715 10.204782081328 1.967203945576
-0.64414 10.203543037425 1.967199496221
-0.64114 10.202319178592 1.967194602752
-0.63814 10.201111080747 1.967189262514
-0.63514 10.199919367941 1.967183473847
-0.63213 10.198744717053 1.967177236124
-0.62913 10.197587862904 1.967170549788
-0.62613 10.196449603847 1.967163416391
-0.62312 10.195330808256 1.967155838615
-0.62012 10.194232421638 1.967147820306
-0.61712 10.193155474772 1.967139366496
-0.61411 10.192101092885 1.967130483417
-0.61111 10.191070505905 1.967121178525
-0.60811 10.190065060375 1.967111460507
-0.60511 10.189086232784 1.967101339296
-0.60210 10.188135644864 1.967090826072
-0.59910 10.187215081243 1.967079933269
-0.59610 10.186326509541 1.967068674573
-0.59309 10.185472103492 1.967057064920
-0.59009 10.184654270800 1.967045120481
-0.58709 10.183875682134 1.967032858664
-0.58408 10.183139310200 1.967020298089
-0.58108 10.182448470001 1.967007458574
-0.57808 10.181806871448 1.966994361120
-0.57508 10.181218674479 1.966981027873
-0.57207 10.180688562207 1.966967482116
-0.56907 10.180221821945 1.966953748226
-0.56607 10.179824444930 1.966939851652
-0.56306 10.179503245012 1.966925818882
-0.56006 10.179266002454 1.966911677410
-0.55706 10.179121638375 1.966897455711
-0.55405 10.179080427991 1.966883183213
-0.55105 10.179154262736 1.966868890280
-0.54805 10.179356974889 1.966854608205
-0.54505 10.179704742445 1.966840369219
-0.54204 10.180216598071 1.966826206526
-0.53904 10.180915074288 1.966812154374
-0.53604 10.181827028876 1.966798248183
-0.53303 10.182984711156 1.966784524750
-0.53003 10.184427154296 1.966771022579
-0.52703 10.186202014329 1.966757782388
-0.52402 10.188368030278 1.966744847884
-0.52102 10.190998361180 1.966732266965
-0.51802 10.194185182154 1.966720093562
-0.51502 10.198046123193 1.966708390530
-0.51201 10.202733461709 1.966697234221
-0.50901 10.208447528583 1.966686721871
-0.50601 10.215456735303 1.966676983835
-0.50300 10.224128326115 1.966668204377
-0.50000 10.234977121002 1.966660658256
-0.49700 10.248745694131 1.966654777666
-0.49399 10.266542194720 1.966651280678
-0.49099 10.290090193085 1.966651432233
-0.48799 10.322212411869 1.966657613491
-0.48498 10.367849232801 1.966674680919
-0.48198 10.436455867115 1.966713620375
-0.47898 10.548602552744 1.966803149690
-0.47598 10.759128947396 1.967037271503
-0.47297 11.283703423865 1.967885977108
-0.46997 14.324785586441 1.976115756553
-0.46697 21.850422570713 2.009137431014
-0.46396 27.497890970006 2.057185680275
-0.46096 31.385168476578 2.141596605858
-0.45796 31.183462503056 2.351655112119
-0.45495 24.724081353493 2.756113337574
-0.45195 21.903198059428 2.848372758513
-0.44895 20.377620881944 2.877434861793
-0.44595 19.361674165234 2.890670662500
-0.44294 18.616717896982 2.898018834797
-0.43994 18.038509199059 2.902674340245
-0.43694 17.572320899830 2.905925445258
-0.43393 17.185989786387 2.908372277953
-0.43093 16.859096384237 2.910324377097
-0.42793 16.577922516122 2.911954107355
-0.42492 16.332842889752 2.913363402574
-0.42192 16.116866749796 2.914615562165
-0.41892 15.924771765380 2.915751523759
-0.41592 15.752564114214 2.916798690669
-0.41291 15.597128239120 2.917775958371
-0.40991 15.455991936073 2.918696696706
-0.40691 15.327164256581 2.919570582932
-0.40390 15.209020880088 2.920404763691
-0.40090 15.100221304013 2.921204611881
-0.39790 14.999647883436 2.921974231712
-0.39489 14.906360199450 2.922716803111
-0.39189 14.819560387771 2.923434821215
-0.38889 14.738566438680 2.924130265906
-0.38589 14.662791383893 2.924804723782
-0.38288 14.591726892075 2.925459477233
-0.37988 14.524930207648 2.926095570397
-0.37688 14.462013654742 2.926713858617
-0.37387 14.402636130106 2.927315045977
-0.37087 14.346496153436 2.927899714101
-0.36787 14.293326148298 2.928468344483
-0.36486 14.242887703628 2.929021335966
-0.36186 14.194967622621 2.929559018555
-0.35886 14.149374608662 2.930081664421
-0.35586 14.105936470016 2.930589496747
-0.35285 14.064497749771 2.931082696885
-0.34985 14.024917706469 2.931561410202
-0.34685 13.987068585496 2.932025750877
-0.34384 13.950834132933 2.932475805873
-0.34084 13.916108312551 2.932911638245
-0.33784 13.882794193809 2.933333289909
-0.33483 13.850802984488 2.933740783979
-0.33183 13.820053186304 2.934134126755
-0.32883 13.790469854922 2.934513309410
-0.32583 13.761983950171 2.934878309451
-0.32282 13.734531762895 2.935229091963
-0.31982 13.708054408510 2.935565610713
-0.31682 13.682497377981 2.935887809090
-0.31381 13.657810138696 2.936195620947
-0.31081 13.633945778860 2.936488971330
-0.30781 13.610860689795 2.936767777135
-0.30480 13.588514281530 2.937031947685
-0.30180 13.566868727535 2.937281385240
-0.29880 13.545888735214 2.937515985460
-0.29580 13.525541339024 2.937735637813
-0.29279 13.505795713750 2.937940225934
-0.28979 13.486623005497 2.938129627948
-0.28679 13.467996178702 2.938303716750
-0.28378 13.449889876860 2.938462360238
-0.28078 13.432280296378 2.938605421523
-0.27778 13.415145071243 2.938732759079
-0.27477 13.398463168019 2.938844226864
-0.27177 13.382214789834 2.938939674389
-0.26877 13.366381288534 2.939018946739
-0.26577 13.350945084198 2.939081884532
-0.26276 13.335889591256 2.939128323823
-0.25976 13.321199150618 2.939158095932
-0.25676 13.306858967221 2.939171027185
-0.25375 13.292855052477 2.939166938565
-0.25075 13.279174171183 2.939145645252
-0.24775 13.265803792476 2.939106956023
-0.24474 13.252732044429 2.939050672507
-0.24174 13.239947672016 2.938976588257
-0.23874 13.227439998062 2.938884487598
-0.23574 13.215198886972 2.938774144232
-0.23273 13.203214710894 2.938645319521
-0.22973 13.191478318156 2.938497760410
-0.22673 13.179981003720 2.938331196901
-0.22372 13.168714481381 2.938145338985
-0.22072 13.157670857630 2.937939872918
-0.21772 13.146842606848 2.937714456688
-0.21471 13.136222547691 2.937468714487
-0.21171 13.125803820492 2.937202229946
-0.20871 13.115579865367 2.936914537839
-0.20571 13.105544400915 2.936605113841
-0.20270 13.095691403117 2.936273361840
-0.19970 13.086015084302 2.935918598118
-0.19670 13.076509871693 2.935540031503
-0.19369 13.067170385260 2.935136738278
-0.19069 13.057991414253 2.934707630211
-0.18769 13.048967892040 2.934251413448
-0.18468 13.040094868201 2.933766535125
-0.18168 13.031367477161 2.933251113271
-0.17868 13.022780901971 2.932702843627
-0.17568 13.014330331584 2.932118874084
-0.17267 13.006010909417 2.931495632898
-0.16967 12.997817670105 2.930828589660
-0.16667 12.989745460152 2.930111916207
-0.16366 12.981788836253 2.929337995160
-0.16066 12.973941932129 2.928496689695
-0.15766 12.966198279312 2.927574227429
-0.15465 12.958550557491 2.926551437286
-0.15165 12.950990230070 2.925400854667
-0.14865 12.943506974333 2.924081745222
-0.14565 12.936087699276 2.922531063946
-0.14264 12.928714611801 2.920645873852
-0.13964 12.921360730067 2.918246109087
-0.13664 12.913977357987 2.914986505088
-0.13363 12.906451315574 2.910115001154
-0.13063 12.898419993160 2.901654334682
-0.12763 12.888156805284 2.882549492823
-0.12462 12.860105938045 2.807368709782
-0.12162 12.573432972807 2.307592348408
-0.11862 12.807390095872 2.696764603941
-0.11562 13.308939345418 2.769964700782
-0.11261 11.699642841269 1.900983900394
-0.10961 13.043045756649 2.808882183177
-0.10661 13.004003415318 2.904316425477
-0.10360 12.966586959230 2.901364304733
-0.10060 12.959938867935 2.861193176267
-0.09760 12.983596347607 2.572340444382
-0.09459 12.763640932445 2.091279045021
-0.09159 12.755748252054 2.663540957254
-0.08859 12.796640027310 2.845386961829
-0.08559 12.806693053273 2.882489614550
-0.08258 12.808753844473 2.895815974834
-0.07958 12.807808632048 2.901858396823
-0.07658 12.805500626022 2.904898243696
-0.07357 12.802514190138 2.906464677574
-0.07057 12.799179021425 2.907219547020
-0.06757 12.795670805225 2.907489036352
-0.06456 12.792090477915 2.907449795111
-0.06156 12.788499592447 2.907204626341
-0.05856 12.784937594323 2.906816868618
-0.05556 12.781430884728 2.906327409607
-0.05255 12.777997846493 2.905763699845
-0.04955 12.774651769253 2.905144802237
-0.04655 12.771402617545 2.904484355380
-0.04354 12.768258136875 2.903792382386
-0.04054 12.765224565517 2.903076432866
-0.03754 12.762307104240 2.902342325292
-0.03453 12.759510233466 2.901594642070
-0.03153 12.756837931466 2.900837067230
-0.02853 12.754293827245 2.900072621410
-0.02553 12.751881309340 2.899303828317
-0.02252 12.749603604447 2.898532834550
-0.01952 12.747463834892 2.897761497096
-0.01652 12.745465061289 2.896991448068
-0.01351 12.743610314510 2.896224143158
-0.01051 12.741902619879 2.895460898300
-0.00751 12.740345015921 2.894702917678
-0.00450 12.738940568639 2.893951315310
-0.00150 12.737692383074 2.893207131815
0.00150 12.736603612250 2.892471347533
0.00450 12.735677464586 2.891744892858
0.00751 12.734917209896 2.891028656421
0.01051 12.734326184652 2.890323491613
0.01351 12.733907796234 2.889630221781
0.01652 12.733665526979 2.888949644448
0.01952 12.733602936434 2.888282534657
0.02252 12.733723669760 2.887629647728
0.02553 12.734031451817 2.886991721445
0.02853 12.734530098237 2.886369477877
0.03153 12.735223515555 2.885763624831
0.03453 12.736115704154 2.885174857042
0.03754 12.737210762185 2.884603857149
0.04054 12.738512888679 2.884051296483
0.04354 12.740026387291 2.883517835713
0.04655 12.741755670225 2.883004125369
0.04955 12.743705262364 2.882510806270
0.05255 12.745879805767 2.882038509866
0.05556 12.748284064476 2.881587858515
0.05856 12.750922929750 2.881159465704
0.06156 12.753801425676 2.880753936224
0.06456 12.756924715280 2.880371866307
0.06757 12.760298107118 2.880013843722
0.07057 12.763927062426 2.879680447859
0.07357 12.767817202843 2.879372249766
0.07658 12.771974318793 2.879089812185
0.07958 12.776404378639 2.878833689556
0.08258 12.781113538373 2.878604428000
0.08559 12.786108152235 2.878402565297
0.08859 12.791394784529 2.878228630823
0.09159 12.796980221773 2.878083145495
0.09459 12.802871486386 2.877966621672
0.09760 12.809075851302 2.877879563045
0.10060 12.815600855830 2.877822464503
0.10360 12.822454322844 2.877795811970
0.10661 12.829644377437 2.877800082211
0.10961 12.837179467104 2.877835742605
0.11261 12.845068383643 2.877903250881
0.11562 12.853320286944 2.878003054806
0.11862 12.861944730786 2.878135591829
0.12162 12.870951690771 2.878301288663
0.12462 12.880351594927 2.878500560811
0.12763 12.890155356666 2.878733812004
0.13063 12.900374410784 2.879001433573
0.13363 12.911020752697 2.879303803712
0.13664 12.922106981090 2.879641286639
0.13964 12.933646344471 2.880014231636
0.14264 12.945652791923 2.880422971935
0.14565 12.958141028591 2.880867823457
0.14865 12.971126576272 2.881349083354
0.15165 12.984625839762 2.881867028339
0.15465 12.998656179538 2.882421912785
0.15766 13.013235991421 2.883013966513
0.16066 13.028384794071 2.883643392291
0.16366 13.044123325203 2.884310362931
0.16667 13.060473647453 2.885015017962
0.16967 13.077459265082 2.885757459803
0.17267 13.095105252839 2.886537749346
0.17568 13.113438398399 2.887355900863
0.17868 13.132487360111 2.888211876115
0.18168 13.152282841989 2.889105577534
0.18468 13.172857788148 2.890036840310
0.18769 13.194247599289 2.891005423202
0.19069 13.216490374160 2.892010997828
0.19369 13.239627179516 2.893053136165
0.19670 13.263702352452 2.894131295920
0.19970 13.288763839933 2.895244803374
0.20270 13.314863580889 2.896392833195
0.20571 13.342057937326 2.897574384624
0.20871 13.370408182184 2.898788253294
0.21171 13.399981052630 2.900032997787
0.21471 13.430849379820 2.901306899788
0.21772 13.463092807790 2.902607916465
0.22072 13.496798616642 2.903933623325
0.22372 13.532062668850 2.905281145384
0.22673 13.568990500850 2.906647073900
0.22973 13.607698587450 2.908027365189
0.23273 13.648315812462 2.909417217098
0.23574 13.690985187021 2.910810917423
0.23874 13.735865866986 2.912201656916
0.24174 13.783135533609 2.913581297276
0.24474 13.832993218462 2.914940081515
0.24775 13.885662675756 2.916266270036
0.25075 13.941396433390 2.917545680090
0.25375 14.000480693787 2.918761098555
0.25676 14.063241306551 2.919891527034
0.25976 14.130051108418 2.920911202624
0.26276 14.201339022224 2.921788315457
0.26577 14.277601449430 2.922483311146
0.26877 14.359416686858 2.922946617529
0.27177 14.447463390754 2.923115561269
0.27477 14.542544539333 2.922910125682
0.27778 14.645618997602 2.922227021160
0.28078 14.757843799828 2.920931248179
0.28378 14.880631879529 2.918843848618
0.28679 15.015732633418 2.915723709838
0.28979 15.165347241130 2.911239808430
0.29279 15.332298719885 2.904927540955
0.29580 15.520291733884 2.896117458056
0.29880 15.734326920134 2.883813723884
0.30180 15.981397593246 2.866475294304
0.30480 16.271742841293 2.841594042795
0.30781 16.621309871311 2.804805212033
0.31081 17.057220862110 2.747766155924
0.31381 17.632317102491 2.652090034712
0.31682 18.477395627546 2.465901414675
0.31982 20.087078936601 1.961173564047
0.32282 21.376944362672 1.425396516863
0.32583 21.302858541315 1.319718426036
0.32883 20.969617068655 1.280971681365
0.33183 20.568460468755 1.261678508517
0.33483 20.154416679895 1.250062664749
0.33784 19.745930303228 1.241609151377
0.34084 19.346718603121 1.234145558360
0.34384 18.952877529618 1.226428432563
0.34685 18.555206626225 1.217600962107
0.34985 18.139173679084 1.206925894952
0.35285 17.682842043423 1.193600325171
0.35586 17.151611421118 1.176546705167
0.35886 16.485506258618 1.154033106747
0.36186 15.562675181941 1.122668162695
0.36486 14.048515939254 1.073470062285
0.36787 11.688052601881 1.009308087659
0.37087 10.873748696740 0.997666805176
0.37387 10.396752287269 0.994053016047
0.37688 9.986589863934 0.991974586692
0.37988 9.586171882970 0.990464944558
0.38288 9.164581818442 0.989217515454
0.38589 8.686490025131 0.988075449223
0.38889 8.076481640900 0.986880784393
0.39189 7.255842161086 0.985532613903
0.39489 7.052795671033 0.985239205538
0.39790 7.002962892515 0.985173318929
0.40090 6.981821367312 0.985144500677
0.40390 6.973194980441 0.985129081040
0.40691 6.972610813366 0.985120455312
0.40991 6.978704077244 0.985116248117
0.41291 6.991485229741 0.985115740542
0.41592 7.011957383363 0.985119241840
0.41892 7.042244186633 0.985128154036
0.42192 7.086174300073 0.985145651942
0.42492 7.150692027928 0.985178584195
0.42793 7.249374716402 0.985242878472
0.43093 7.412930769994 0.985382046334
0.43393 7.734189896186 0.985758850404
0.43694 8.840078862695 0.987804110683
0.43994 12.632261182303 0.998825846234
0.44294 19.551691893359 1.029373134886
0.44595 29.518137920736 1.107909100094
0.44895 39.119125340084 1.325998579878
0.45195 39.854982352989 1.882742060934
0.45495 39.618232832661 2.236828763542
0.45796 34.169160259745 2.695400633541
0.46096 30.295509988402 2.800869934393
0.46396 27.787845858306 2.839022129940
0.46697 25.967969979226 2.857596684656
0.46997 24.560693781255 2.868219253429
0.47297 23.427211797426 2.874988283480
0.47598 22.487683939769 2.879667616218
0.47898 21.692051833309 2.883119926416
0.48198 21.006942723738 2.885807082328
0.48498 20.409054686979 2.887993782846
0.48799 19.881516582348 2.889840061426
0.49099 19.411749908350 2.891446959383
0.49399 18.990146412246 2.892880610843
0.49700 18.609215221096 2.894185641906
0.50000 18.263013298196 2.895392964604
0.50300 17.946753736828 2.896524484921
0.50601 17.656529468291 2.897596040663
0.50901 17.389114053107 2.898619287355
0.51201 17.141815257460 2.899602939431
0.51502 16.912365576506 2.900553605411
0.51802 16.698839128265 2.901476361151
0.52102 16.499587697288 2.902375150434
0.52402 16.313190904861 2.903253069499
0.52703 16.138416947813 2.904112572153
0.53003 15.974191346146 2.904955619675
0.53303 15.819571831269 2.905783791788
0.53604 15.673727994246 2.906598369708
0.53904 15.535924658809 2.907400399071
0.54204 15.405508197383 2.908190737907
0.54505 15.281895191919 2.908970094067
0.54805 15.164562979686 2.909739053593
0.55105 15.053041713217 2.910498104161
0.55405 14.946907673829 2.911247652473
0.55706 14.845777590991 2.911988038838
0.56006 14.749303805732 2.912719548721
0.56306 14.657170127203 2.913442421943
0.56607 14.569088271998 2.914156860567
0.56907 14.484794784380 2.914863034653
0.57207 14.404048371945 2.915561087732
0.57508 14.326627586272 2.916251141041
0.57808 14.252328791681 2.916933296800
0.58108 14.180964394840 2.917607641432
0.58408 14.112361282888 2.918274247915
0.58709 14.046359448150 2.918933177904
0.59009 13.982810773639 2.919584483519
0.59309 13.921577955667 2.920228208853
0.59610 13.862533547336 2.920864391268
0.59910 13.805559106616 2.921493062506
0.60210 13.750544436530 2.922114249644
0.60511 13.697386905716 2.922727975922
0.60811 13.645990840258 2.923334261455
0.61111 13.596266978299 2.923933123856
0.61411 13.548131980537 2.924524578779
0.61712 13.501507990606 2.925108640391
0.62012 13.456322239929 2.925685321786
0.62312 13.412506692957 2.926254635355
0.62613 13.369997728771 2.926816593107
0.62913 13.328735855986 2.927371206953
0.63213 13.288665458285 2.927918488966
0.63514 13.249734568539 2.928458451608
0.63814 13.211894669654 2.928991107938
0.64114 13.175100521176 2.929516471801
0.64414 13.139310010880 2.930034558005
0.64715 13.104484030986 2.930545382489
0.65015 13.070586379636 2.931048962477
0.65315 13.037583688411 2.931545316640
0.65616 13.005445377823 2.932034465251
0.65916 12.974143643509 2.932516430357
0.66216 12.943653476253 2.932991235956
0.66517 12.913952723958 2.933458908202
0.66817 12.885022198344 2.933919475639
0.67117 12.856845841674 2.934372969484
0.67417 12.829410963670 2.934819423972
0.67718 12.802708569832 2.935258876788
0.68018 12.776733806552 2.935691369630
0.68318 12.751486560216 2.936116948939
0.68619 12.726972262835 2.936535666878
0.68919 12.703202979560 2.936947582663
0.69219 12.680198889096 2.937352764416
0.69520 12.657990324139 2.937751291770
0.69820 12.636620628303 2.938143259650
0.70120 12.616150238267 2.938528783860
0.70420 12.596662658109 2.938908009572
0.70721 12.578273468289 2.939281124671
0.71021 12.561144404142 2.939648381461
0.71321 12.545506345789 2.940010133649
0.71622 12.531698967481 2.940366902833
0.71922 12.520244006752 2.940719506543
0.72222 12.511993397881 2.941069327615
0.72523 12.508467434370 2.941418952999
0.72823 12.512773048125 2.941773971603
0.73123 12.532877287488 2.942149603976
0.73423 12.601067646074 2.942611517199
0.73724 13.060635167999 2.943925358126
0.74024 13.847718293005 2.946257421051
0.74324 14.428368108441 2.948494233004
0.74625 14.946320185062 2.951046812713
0.74925 15.460480167165 2.954336595895
0.75225 16.022731255661 2.959276979679
0.75526 16.748924210777 2.969438758021
0.75826 18.394968241354 3.024084391409
0.76126 20.324283758122 3.131748131291
0.76426 21.453500742930 3.210525373525
0.76727 22.313894338246 3.275129706833
0.77027 23.133517278662 3.329157414743
0.77327 24.159817138895 3.373367918877
0.77628 25.941018212668 3.411331846287
0.77928 30.373496182191 3.526313812016
0.78228 32.550531843322 4.142658861320
0.78529 28.966449835551 4.555746050449
0.78829 27.012150537780 4.682934802475
0.79129 25.768155717743 4.746211093610
0.79429 24.867543843523 4.784603240634
0.79730 24.167271159625 4.810411354145
0.80030 23.597700459761 4.828879728667
0.80330 23.119893182286 4.842657826970
0.80631 22.709934121173 4.853240511257
0.80931 22.352104763702 4.861539943065
0.81231 22.035530229598 4.868146429285
0.81532 21.752378245080 4.873459948112
0.81832 21.496822296648 4.877761735401
0.82132 21.264410627222 4.881255672501
0.82432 21.051664221055 4.884093416978
0.82733 20.855810475824 4.886390295105
0.83033 20.674600443959 4.888235702759
0.83333 20.506178875234 4.889700114995
0.83634 20.348987519609 4.890839931572
0.83934 20.201687178147 4.891700901693
0.84234 20.063082422465 4.892320592451
0.84535 19.932012986580 4.892730199128
0.84835 19.807052465450 4.892955892837
0.85135 19.687256080326 4.893019834949
0.85435 19.577620212751 4.892940981723
0.85736 19.475996967439 4.892735657318
0.86036 19.379858577516 4.892418033606
0.86336 19.288584289734 4.892000505727
0.86637 19.201758640495 4.891493989166
0.86937 19.119038116617 4.890908157863
0.87237 19.040123519721 4.890251637027
0.87538 18.964749140512 4.889532160408
0.87838 18.892676687625 4.888756699217
0.88138 18.823691118493 4.887931568633
0.88438 18.757597483967 4.887062516053
0.88739 18.694218364395 4.886154795057
0.89039 18.633391777637 4.885213227055
0.89339 18.574969404536 4.884242253685
0.89640 18.518815054469 4.883245980618
0.89940 18.464803388285 4.882228215191
0.90240 18.412818780465 4.881192498856
0.90541 18.362754315063 4.880142134260
0.90841 18.314510943317 4.879080208724
0.91141 18.267996726427 4.878009615173
0.91441 18.223126151293 4.876933069539
0.91742 18.179819557172 4.875853126095
0.92042 18.138002624227 4.874772191088
0.92342 18.097605861583 4.873692534450
0.92643 18.058564236332 4.872616300109
0.92943 18.020816780032 4.871545515038
0.93243 17.984306263824 4.870482097477
0.93544 17.948978895527 4.869427863945
0.93844 17.914784045125 4.868384535697
0.94144 17.881674016045 4.867353744702
0.94444 17.849603808764 4.866337037642
0.94745 17.818530927346 4.865335881791
0.95045 17.788415203797 4.864351668612
0.95345 17.759218627153 4.863385717076
0.95646 17.730905195443 4.862439277650
0.95946 17.703440778387 4.861513534987
0.96246 17.676792993345 4.860609610795
0.96547 17.650931089751 4.859728566360
0.96847 17.625825842803 4.858871404942
0.97147 17.601449459691 4.858039073796
0.97447 17.577775487935 4.857232466163
0.97748 17.554778733574 4.856452423110
0.98048 17.532435186777 4.855699735135
0.98348 17.510721950672 4.854975143793
0.98649 17.489617175545 4.854279342968
0.98949 17.469100000406 4.853612980358
0.99249 17.449150495630 4.852976658600
0.99550 17.429749611090 4.852370936442
0.99850 17.410879127761 4.851796329802
1.00150 17.392521611721 4.851253312770
1.00450 17.374660372677 4.850742318525
1.00751 17.357279423603 4.850263740235
1.01051 17.340363442936 4.849817931735
1.01351 17.323897742497 4.849405208617
1.01652 17.307868229939 4.849025848538
1.01952 17.292261382177 4.848680092163
1.02252 17.277064214113 4.848368143715
1.02553 17.262264251358 4.848090171655
1.02853 17.247849506276 4.847846309142
1.03153 17.233808450648 4.847636654638
1.03453 17.220129994436 4.847461272423
1.03754 17.206803463351 4.847320193088
1.04054 17.193818578241 4.847213414008
1.04354 17.181165435369 4.847140899794
1.04655 17.168834487781 4.847102582740
1.04955 17.156816527614 4.847098363247
1.05255 17.145102669298 4.847128110245
1.05556 17.133684333527 4.847191661602
1.05856 17.122553232148 4.847288824523
1.06156 17.111701353648 4.847419375963
1.06456 17.101120949464 4.847583063008
1.06757 17.090804520872 4.847779603286
1.07057 17.080744806566 4.848008685367
1.07357 17.070934770883 4.848269969165
1.07658 17.061367592441 4.848563086353
1.07958 17.052036653531 4.848887640785
1.08258 17.042935529895 4.849243208923
1.08559 17.034057981034 4.849629340285
1.08859 17.025397941081 4.850045557899
1.09159 17.016949510026 4.850491358775
1.09459 17.008706945426 4.850966214397
1.09760 17.000664654608 4.851469571230
1.10060 16.992817187193 4.852000851247
1.10360 16.985159228083 4.852559452478
1.10661 16.977685590788 4.853144749587
1.10961 16.970391211152 4.853756094462
1.11261 16.963271141545 4.854392816844
1.11562 16.956320545127 4.855054224965
1.11862 16.949534690763 4.855739606233
1.12162 16.942908948038 4.856448227925
1.12462 16.936438782739 4.857179337927
1.12763 16.930119752529 4.857932165485
1.13063 16.923947503059 4.858705922002
1.13363 16.917917764161 4.859499801850
1.13664 16.912026346540 4.860312983229
1.13964 16.906269138583 4.861144629033
1.14264 16.900642103511 4.861993887775
1.14565 16.895141276770 4.862859894511
1.14865 16.889762763455 4.863741771820
1.15165 16.884502736621 4.864638630789
1.15465 16.879357434815 4.865549572051
1.15766 16.874323160721 4.866473686828
1.16066 16.869396279521 4.867410058008
1.16366 16.864573217663 4.868357761258
1.16667 16.859850461735 4.869315866143
1.16967 16.855224557489 4.870283437278
1.17267 16.850692109154 4.871259535497
1.17568 16.846249778805 4.872243219045
1.17868 16.841894285946 4.873233544779
1.18168 16.837622407198 4.874229569396
1.18468 16.833430976207 4.875230350662
1.18769 16.829316883510 4.876234948659
1.19069 16.825277076753 4.877242427037
1.19369 16.821308560809 4.878251854275
1.19670 16.817408398165 4.879262304939
1.19970 16.813573709178 4.880272860950
1.20270 16.809801672774 4.881282612836
1.20571 16.806089526736 4.882290660995
1.20871 16.802434568557 4.883296116937
1.21171 16.798834156045 4.884298104516
1.21471 16.795285707887 4.885295761159
1.21772 16.791786704972 4.886288239063
1.22072 16.788334690099 4.887274706380
1.22372 16.784927269747 4.888254348377
1.22673 16.781562114766 4.889226368565
1.22973 16.778236961883 4.890189989816
1.23273 16.774949609945 4.891144455419
1.23574 16.771697929409 4.892089030111
1.23874 16.768479856025 4.893023001097
1.24174 16.765293392731 4.893945678981
1.24474 16.762136613147 4.894856398699
1.24775 16.759007659591 4.895754520361
1.25075 16.755904744946 4.896639430081
1.25375 16.752826152867 4.897510540743
1.25676 16.749770238582 4.898367292702
1.25976 16.746735429121 4.899209154440
1.26276 16.743720223805 4.900035623176
1.26577 16.740723194633 4.900846225382
1.26877 16.737742986337 4.901640517280
1.27177 16.734778316771 4.902418085239
1.27477 16.731827976847 4.903178546141
1.27778 16.728890830685 4.903921547656
1.28078 16.725965814852 4.904646768472
1.28378 16.723051939423 4.905353918443
1.28679 16.720148286484 4.906042738687
1.28979 16.717254010233 4.906713001601
1.29279 16.714368336487 4.907364510828
1.29580 16.711490561965 4.907997101145
1.29880 16.708620053728 4.908610638288
1.30180 16.705756248193 4.909205018723
1.30480 16.702898650425 4.909780169340
1.30781 16.700046832978 4.910336047095
1.31081 16.697200434888 4.910872638590
1.31381 16.694359160463 4.911389959581
1.31682 16.691522777927 4.911888054456
1.31982 16.688691118133 4.912366995633
1.32282 16.685864073041 4.912826882910
1.32583 16.683041594160 4.913267842776
1.32883 16.680223690932 4.913690027658
1.33183 16.677410428997 4.914093615136
1.33483 16.674601928387 4.914478807100
1.33784 16.671798361673 4.914845828882
1.34084 16.668999952053 4.915194928338
1.34384 16.666206971307 4.915526374899
1.34685 16.663419737805 4.915840458596
1.34985 16.660638614280 4.916137489047
1.35285 16.657864005852 4.916417794422
1.35586 16.655096357681 4.916681720391
1.35886 16.652336152773 4.916929629042
1.36186 16.649583909708 4.917161897791
1.36486 16.646840180354 4.917378918279
1.36787 16.644105547513 4.917581095249
1.37087 16.641380622593 4.917768845432
1.37387 16.638666043265 4.917942596413
1.37688 16.635962471066 4.918102785509
1.37988 16.633270589066 4.918249858641
1.38288 16.630591099469 4.918384269211
1.38589 16.627924721315 4.918506476996
1.38889 16.625272188046 4.918616947041
1.39189 16.622634245268 4.918716148566
1.39489 16.620011648378 4.918804553903
1.39790 16.617405160323 4.918882637425
1.40090 16.614815549326 4.918950874525
1.40390 16.612243586679 4.919009740591
1.40691 16.609690044572 4.919059710024
1.40991 16.607155693929 4.919101255271
1.41291 16.604641302358 4.919134845893
1.41592 16.602147632084 4.919160947656
1.41892 16.599675437967 4.919180021665
1.42192 16.597225465576 4.919192523517
1.42492 16.594798449309 4.919198902495
1.42793 16.592395110596 4.919199600801
1.43093 16.590016156156 4.919195052817
1.43393 16.587662276281 4.919185684411
1.43694 16.585334143291 4.919171912276
1.43994 16.583032409934 4.919154143310
1.44294 16.580757707965 4.919132774031
1.44595 16.578510646749 4.919108190045
1.44895 16.576291811919 4.919080765535
1.45195 16.574101764193 4.919050862808
1.45495 16.571941038163 4.919018831867
1.45796 16.569810141271 4.918985010033
1.46096 16.567709552783 4.918949721625
1.46396 16.565639722780 4.918913277623
1.46697 16.563601071601 4.918875975423
1.46997 16.561593988633 4.918838098569
1.47297 16.559618830607 4.918799916658
1.47598 16.557675928952 4.918761685734
1.47898 16.555765573092 4.918723646613
1.48198 16.553888024915 4.918686026294
1.48498 16.552043512086 4.918649037425
1.48799 16.550232229517 4.918612878538
1.49099 16.548454337806 4.918577733637
1.49399 16.546709963949 4.918543772640
1.49700 16.544999201211 4.918511151323
1.50000 16.543322109076 4.918480011532
