-1.50000 51.90009618 3.44628350
-1.49800 51.86808076 3.44549517
-1.49600 51.83628853 3.44470923
-1.49400 51.80471893 3.44392571
-1.49199 51.77337349 3.44314447
-1.48999 51.74225249 3.44236560
-1.48799 51.71135664 3.44158892
-1.48599 51.68068768 3.44081448
-1.48399 51.65024559 3.44004227
-1.48199 51.62003126 3.43927216
-1.47999 51.59004576 3.43850429
-1.47799 51.56029122 3.43773839
-1.47598 51.53076753 3.43697463
-1.47398 51.50147686 3.43621284
-1.47198 51.47242039 3.43545305
-1.46998 51.44359846 3.43469521
-1.46798 51.41501350 3.43393930
-1.46598 51.38666664 3.43318518
-1.46398 51.35855969 3.43243312
-1.46197 51.33069423 3.43168272
-1.45997 51.30307221 3.43093419
-1.45797 51.27569499 3.43018740
-1.45597 51.24856363 3.42944222
-1.45397 51.22168140 3.42869884
-1.45197 51.19504950 3.42795709
-1.44997 51.16867114 3.42721690
-1.44797 51.14254763 3.42647839
-1.44596 51.11668142 3.42574141
-1.44396 51.09107467 3.42500592
-1.44196 51.06572917 3.42427179
-1.43996 51.04065124 3.42353913
-1.43796 51.01583769 3.42280824
-1.43596 50.99129577 3.42207861
-1.43396 50.96702824 3.42135026
-1.43195 50.94303586 3.42062321
-1.42995 50.91932379 3.41989754
-1.42795 50.89589469 3.41917307
-1.42595 50.87275160 3.41844985
-1.42395 50.84989838 3.41772780
-1.42195 50.82733946 3.41700692
-1.41995 50.80507877 3.41628715
-1.41795 50.78311795 3.41556853
-1.41594 50.76146351 3.41485099
-1.41394 50.74012006 3.41413446
-1.41194 50.71909203 3.41341894
-1.40994 50.69838329 3.41270439
-1.40794 50.67799830 3.41199072
-1.40594 50.65794393 3.41127804
-1.40394 50.63822484 3.41056616
-1.40193 50.61884758 3.40985514
-1.39993 50.59981635 3.40914493
-1.39793 50.58116219 3.40843356
-1.39593 50.56282004 3.40772677
-1.39393 50.54486906 3.40701873
-1.39193 50.52728049 3.40631122
-1.38993 50.50997150 3.40559092
-1.38793 50.49334948 3.40489758
-1.38592 50.47682146 3.40419374
-1.38392 50.46085202 3.40348759
-1.38192 50.44525524 3.40278354
-1.37992 50.43008347 3.40207972
-1.37792 50.41533997 3.40137547
-1.37592 50.40103612 3.40067271
-1.37392 50.38709823 3.39997402
-1.37191 50.37462953 3.39930516
-1.36991 50.36085694 3.39856275
-1.36791 50.34846539 3.39786459
-1.36591 50.33653027 3.39716041
-1.36391 50.32512391 3.39645878
-1.36191 50.31424014 3.39575720
-1.35991 50.30389332 3.39505562
-1.35791 50.29410575 3.39435407
-1.35590 50.28489045 3.39365251
-1.35390 50.27626657 3.39295095
-1.35190 50.26825232 3.39224927
-1.34990 50.26086485 3.39154749
-1.34790 50.25412516 3.39084547
-1.34590 50.24805537 3.39014326
-1.34390 50.24267823 3.38944078
-1.34189 50.23801823 3.38873797
-1.33989 50.23409791 3.38803481
-1.33789 50.23094593 3.38733119
-1.33589 50.22859478 3.38662722
-1.33389 50.22703272 3.38592053
-1.33189 50.22640314 3.38521735
-1.32989 50.22660752 3.38450795
-1.32789 50.22821373 3.38382795
-1.32588 50.22993074 3.38309807
-1.32388 50.23307822 3.38239001
-1.32188 50.23729089 3.38168162
-1.31988 50.24259732 3.38097141
-1.31788 50.24906949 3.38026054
-1.31588 50.25675664 3.37954866
-1.31388 50.26571877 3.37883564
-1.31187 50.27601104 3.37812091
-1.30987 50.28773562 3.37740592
-1.30787 50.30093062 3.37668889
-1.30587 50.31569731 3.37597045
-1.30387 50.33212126 3.37525045
-1.30187 50.35029884 3.37452870
-1.29987 50.37033807 3.37380523
-1.29787 50.39235179 3.37307980
-1.29586 50.41647022 3.37235236
-1.29386 50.44283076 3.37162282
-1.29186 50.47158716 3.37089086
-1.28986 50.50290950 3.37015658
-1.28786 50.53698373 3.36941963
-1.28586 50.57401911 3.36867985
-1.28386 50.61424826 3.36793708
-1.28185 50.65792905 3.36719105
-1.27985 50.70535394 3.36644166
-1.27785 50.75684857 3.36568840
-1.27585 50.81278014 3.36493363
-1.27385 50.87358666 3.36416959
-1.27185 50.93972906 3.36340322
-1.26985 51.01177124 3.36263185
-1.26785 51.09033910 3.36185450
-1.26584 51.17618330 3.36107101
-1.26384 51.27016484 3.36028059
-1.26184 51.37330067 3.35948252
-1.25984 51.48680381 3.35867589
-1.25784 51.61211917 3.35785940
-1.25584 51.75099080 3.35703205
-1.25384 51.90557642 3.35619151
-1.25183 52.07852630 3.35533675
-1.24983 52.27315368 3.35446444
-1.24783 52.49371223 3.35357159
-1.24583 52.74571466 3.35265376
-1.24383 53.03647480 3.35170519
-1.24183 53.37594386 3.35071789
-1.23983 53.77807448 3.34968073
-1.23783 54.26261416 3.34855933
-1.23582 54.86207243 3.34737831
-1.23382 55.62455699 3.34604325
-1.23182 56.63750295 3.34448898
-1.22982 58.06997899 3.34254934
-1.22782 60.31092265 3.33979952
-1.22582 64.56098119 3.33468266
-1.22382 78.56700961 3.31078820
-1.22181 47.03938734 1.35172135
-1.21981 45.90985389 1.34792633
-1.21781 45.73794155 1.34693995
-1.21581 45.66461611 1.34612443
-1.21381 45.61889966 1.34534359
-1.21181 45.58431782 1.34457246
-1.20981 45.55523170 1.34380398
-1.20781 45.52924032 1.34303539
-1.20580 45.50516976 1.34226558
-1.20380 45.48238269 1.34149385
-1.20180 45.46050552 1.34071984
-1.19980 45.43930917 1.33994338
-1.19780 45.41864494 1.33916415
-1.19580 45.39841189 1.33838235
-1.19380 45.37854284 1.33759767
-1.19179 45.35897884 1.33680981
-1.18979 45.33969366 1.33601904
-1.18779 45.32065526 1.33522521
-1.18579 45.30184587 1.33442823
-1.18379 45.28324866 1.33362803
-1.18179 45.26484938 1.33282452
-1.17979 45.24664047 1.33201764
-1.17779 45.22861403 1.33120733
-1.17578 45.21076438 1.33039357
-1.17378 45.19308519 1.32957632
-1.17178 45.17557311 1.32876233
-1.16978 45.15822574 1.32793052
-1.16778 45.14103902 1.32710198
-1.16578 45.12401277 1.32626980
-1.16378 45.10714075 1.32543361
-1.16177 45.09042665 1.32459345
-1.15977 45.07386856 1.32374934
-1.15777 45.05746411 1.32290114
-1.15577 45.04121033 1.32204868
-1.15377 45.02511107 1.32119201
-1.15177 45.00916394 1.32033105
-1.14977 44.99336834 1.31946571
-1.14777 44.97772415 1.31859581
-1.14576 44.96223298 1.31772156
-1.14376 44.94689152 1.31684256
-1.14176 44.93170342 1.31595886
-1.13976 44.91666703 1.31507051
-1.13776 44.90178157 1.31417720
-1.13576 44.88704763 1.31327905
-1.13376 44.87246564 1.31237584
-1.13175 44.85803748 1.31146755
-1.12975 44.84375922 1.31055407
-1.12775 44.82963835 1.30963549
-1.12575 44.81567008 1.30871140
-1.12375 44.80185542 1.30778200
-1.12175 44.78819399 1.30684698
-1.11975 44.77468946 1.30590648
-1.11775 44.76133857 1.30496036
-1.11574 44.74812049 1.30400668
-1.11374 44.73510986 1.30305058
-1.11174 44.72222613 1.30208665
-1.10974 44.70950265 1.30111671
-1.10774 44.69693774 1.30014075
-1.10574 44.68453493 1.29915951
-1.10374 44.67228453 1.29816997
-1.10173 44.66019602 1.29717499
-1.09973 44.64827044 1.29617348
-1.09773 44.63650543 1.29516536
-1.09573 44.62490226 1.29415042
-1.09373 44.61346251 1.29312869
-1.09173 44.60218495 1.29210005
-1.08973 44.59107286 1.29106441
-1.08773 44.58012470 1.29002152
-1.08572 44.56934341 1.28897143
-1.08372 44.55872679 1.28791394
-1.08172 44.54827972 1.28684904
-1.07972 44.53800115 1.28577648
-1.07772 44.52788934 1.28469625
-1.07572 44.51794771 1.28360825
-1.07372 44.50817787 1.28251216
-1.07171 44.49858171 1.28140805
-1.06971 44.48915302 1.28029591
-1.06771 44.47990167 1.27917536
-1.06571 44.47082341 1.27804686
-1.06371 44.46192023 1.27690905
-1.06171 44.45319424 1.27576282
-1.05971 44.44464454 1.27460784
-1.05771 44.43627386 1.27344403
-1.05570 44.42808119 1.27227100
-1.05370 44.42020350 1.27108452
-1.05170 44.41224829 1.26989744
-1.04970 44.40459747 1.26869647
-1.04770 44.39713580 1.26748598
-1.04570 44.38986360 1.26626559
-1.04370 44.38275947 1.26503592
-1.04169 44.37586304 1.26379533
-1.03969 44.36914638 1.26254510
-1.03769 44.36262114 1.26128447
-1.03569 44.35628678 1.26001304
-1.03369 44.35017241 1.25873004
-1.03169 44.34420020 1.25743894
-1.02969 44.33847745 1.25613614
-1.02769 44.33448473 1.25483464
-1.02568 44.32752791 1.25349479
-1.02368 44.32236045 1.25215776
-1.02168 44.31741020 1.25080882
-1.01968 44.31277337 1.24945247
-1.01768 44.30809928 1.24807587
-1.01568 44.30374980 1.24669113
-1.01368 44.29961605 1.24529439
-1.01167 44.29568144 1.24388501
-1.00967 44.29195894 1.24246327
-1.00767 44.28844793 1.24102870
-1.00567 44.28515399 1.23958085
-1.00367 44.28206739 1.23811988
-1.00167 44.27920681 1.23664591
-0.99967 44.27656689 1.23515785
-0.99767 44.27413980 1.23365663
-0.99566 44.27193395 1.23214186
-0.99366 44.26996089 1.23061183
-0.99166 44.26821072 1.22906791
-0.98966 44.26669256 1.22750930
-0.98766 44.26540640 1.22593568
-0.98566 44.26435247 1.22434789
-0.98366 44.26353359 1.22274473
-0.98165 44.26294907 1.22112624
-0.97965 44.26259921 1.21949213
-0.97765 44.26250128 1.21784182
-0.97565 44.26265265 1.21617591
-0.97365 44.26304231 1.21449331
-0.97165 44.26368678 1.21279442
-0.96965 44.26457712 1.21107882
-0.96765 44.26573104 1.20934624
-0.96564 44.26712902 1.20759635
-0.96364 44.26880500 1.20582919
-0.96164 44.27073442 1.20404381
-0.95964 44.27292916 1.20224072
-0.95764 44.27539140 1.20041988
-0.95564 44.27814074 1.19858012
-0.95364 44.28114639 1.19672112
-0.95163 44.28443831 1.19484375
-0.94963 44.28802086 1.19294724
-0.94763 44.29187249 1.19103104
-0.94563 44.29604382 1.18909490
-0.94363 44.30048288 1.18713912
-0.94163 44.30523222 1.18516235
-0.93963 44.31025065 1.18316498
-0.93763 44.31562120 1.18114630
-0.93562 44.32125971 1.17910760
-0.93362 44.32722436 1.17704607
-0.93162 44.33347962 1.17496259
-0.92962 44.34008783 1.17285802
-0.92762 44.34703679 1.17073080
-0.92562 44.35429197 1.16858028
-0.92362 44.36189853 1.16640601
-0.92161 44.36980640 1.16420842
-0.91961 44.37806429 1.16198953
-0.91761 44.38669267 1.15974408
-0.91561 44.39566770 1.15747368
-0.91361 44.40499438 1.15517872
-0.91161 44.41463435 1.15286384
-0.90961 44.42479061 1.15051745
-0.90761 44.43523711 1.14814602
-0.90560 44.44604651 1.14574864
-0.90360 44.45729909 1.14332463
-0.90160 44.46884934 1.14087342
-0.89960 44.48084787 1.13839933
-0.89760 44.49335133 1.13589376
-0.89560 44.50610501 1.13336071
-0.89360 44.51939297 1.13079605
-0.89159 44.53317217 1.12820031
-0.88959 44.54726859 1.12558298
-0.88759 44.56176324 1.12293855
-0.88559 44.57705703 1.12025429
-0.88359 44.59225766 1.11755314
-0.88159 44.60816258 1.11480130
-0.87959 44.62475542 1.11202721
-0.87759 44.64171003 1.10923578
-0.87558 44.65908938 1.10640127
-0.87358 44.67656947 1.10351785
-0.87158 44.69555096 1.10058406
-0.86958 44.71638068 1.09758723
-0.86758 44.73285354 1.09477869
-0.86558 44.75672181 1.09157285
-0.86358 44.77696684 1.08836024
-0.86157 16.05870773 -3.02252812
-0.85957 97.90163131 -8.12890370
-0.85757 -1105.24648562 -459.70136099
-0.85557 66.39322431 5.60662927
-0.85357 57.66647265 1.22233354
-0.85157 57.55619602 1.39795457
-0.84957 44.93660350 1.06649438
-0.84757 44.96059029 1.06307053
-0.84556 44.98621949 1.05967684
-0.84356 45.01380730 1.05622506
-0.84156 45.04126365 1.05277663
-0.83956 45.07013673 1.04925606
-0.83756 45.09900208 1.04574177
-0.83556 45.12967124 1.04211657
-0.83356 45.15964783 1.03850686
-0.83155 45.19080207 1.03485367
-0.82955 45.22351076 1.03114175
-0.82755 45.25603516 1.02740605
-0.82555 45.29023479 1.02358674
-0.82355 45.32554123 1.01972960
-0.82155 45.36105810 1.01584409
-0.81955 45.39771140 1.01191602
-0.81755 45.43525282 1.00792031
-0.81554 45.47382880 1.00388913
-0.81354 45.51373729 0.99980059
-0.81154 45.55428300 0.99567771
-0.80954 45.59604039 0.99149403
-0.80754 45.63898841 0.98725991
-0.80554 45.68297004 0.98298521
-0.80354 45.72821474 0.97865514
-0.80153 45.77469214 0.97426860
-0.79953 45.82223980 0.96983817
-0.79753 45.87131122 0.96534235
-0.79553 45.92163263 0.96079706
-0.79353 45.97303390 0.95621283
-0.79153 46.02620860 0.95156323
-0.78953 46.08058578 0.94686026
-0.78753 46.13680478 0.94210172
-0.78552 46.19421107 0.93729258
-0.78352 46.25326248 0.93243016
-0.78152 46.31457429 0.92748720
-0.77952 46.37707533 0.92251574
-0.77752 46.44151419 0.91746756
-0.77552 46.50748381 0.91238204
-0.77352 46.57592919 0.90722209
-0.77151 46.64572266 0.90202540
-0.76951 46.71808633 0.89675629
-0.76751 46.79250231 0.89142220
-0.76551 46.86875532 0.88606019
-0.76351 46.94811747 0.88058309
-0.76151 47.02916019 0.87514998
-0.75951 47.10987073 0.86952104
-0.75751 47.19761064 0.86408210
-0.75550 47.29050838 0.85825073
-0.75350 47.38232720 0.85252412
-0.75150 47.47782919 0.84674650
-0.74950 47.57616698 0.84090636
-0.74750 47.67815710 0.83502830
-0.74550 47.78379487 0.82907491
-0.74350 47.89333452 0.82306665
-0.74149 48.00625444 0.81703532
-0.73949 48.12365762 0.81093988
-0.73749 48.24565018 0.80479666
-0.73549 48.37186937 0.79861964
-0.73349 48.50343848 0.79239494
-0.73149 48.64022189 0.78613585
-0.72949 48.78251079 0.77984874
-0.72748 48.93084240 0.77353532
-0.72548 49.08585993 0.76720350
-0.72348 49.24783491 0.76086205
-0.72148 49.41737607 0.75449794
-0.71948 49.59529042 0.74814461
-0.71748 49.78230515 0.74180639
-0.71548 49.97944007 0.73549374
-0.71348 50.18763230 0.72922981
-0.71147 50.40835616 0.72302906
-0.70947 50.64317803 0.71691816
-0.70747 50.89421658 0.71092599
-0.70547 51.16417921 0.70509276
-0.70347 51.45645853 0.69947671
-0.70147 51.77605728 0.69415037
-0.69947 52.13003636 0.68922251
-0.69746 52.52964337 0.68486316
-0.69546 52.99445759 0.68136522
-0.69346 53.56582165 0.67934615
-0.69146 54.37389874 0.68073536
-0.68946 55.59861807 0.69553635
-0.68746 55.66961480 0.69952760
-0.68546 55.71516355 0.70207129
-0.68346 55.75503013 0.70410093
-0.68145 55.79212823 0.70584456
-0.67945 55.82748950 0.70739641
-0.67745 55.86170354 0.70880291
-0.67545 55.89495824 0.71009920
-0.67345 55.92755533 0.71130068
-0.67145 55.95953860 0.71242536
-0.66945 55.99104227 0.71348140
-0.66744 56.02204471 0.71448087
-0.66544 56.05272137 0.71542370
-0.66344 56.08306014 0.71631838
-0.66144 56.11312239 0.71716830
-0.65944 56.14287834 0.71797637
-0.65744 56.17238667 0.71874535
-0.65544 56.20173902 0.71947579
-0.65344 56.23081763 0.72017375
-0.65143 56.25976096 0.72083678
-0.64943 56.28853483 0.72146729
-0.64743 56.31711346 0.72206801
-0.64543 56.34557046 0.72263734
-0.64343 56.37389059 0.72317921
-0.64143 56.40214126 0.72369025
-0.63943 56.42982218 0.72416636
-0.63742 56.45817274 0.72463235
-0.63542 56.48606915 0.72506322
-0.63342 56.51384660 0.72546863
-0.63142 56.54165065 0.72584471
-0.62942 56.56924254 0.72619749
-0.62742 56.59684142 0.72652487
-0.62542 56.62437571 0.72682617
-0.62342 56.65182675 0.72710326
-0.62141 56.67924240 0.72735738
-0.61941 56.70659802 0.72758593
-0.61741 56.73394302 0.72779032
-0.61541 56.76125411 0.72796791
-0.61341 56.78853823 0.72812168
-0.61141 56.81577673 0.72825180
-0.60941 56.84295124 0.72836083
-0.60740 56.87039072 0.72843560
-0.60540 56.89760861 0.72848995
-0.60340 56.92473685 0.72852594
-0.60140 56.95205314 0.72853871
-0.59940 56.97884827 0.72849187
-0.59740 57.00474940 0.72798355
-0.59540 57.03401584 0.72840222
-0.59340 57.06108930 0.72832551
-0.59139 57.08860784 0.72820661
-0.58939 57.11590070 0.72806890
-0.58739 57.14340440 0.72790273
-0.58539 57.17089849 0.72771475
-0.58339 57.19838027 0.72750036
-0.58139 57.22605717 0.72725987
-0.57939 57.25373959 0.72699585
-0.57738 57.28152914 0.72670368
-0.57538 57.30941138 0.72638619
-0.57338 57.33735576 0.72604428
-0.57138 57.36538287 0.72567740
-0.56938 57.39358527 0.72528213
-0.56738 57.42185502 0.72486307
-0.56538 57.45022905 0.72441695
-0.56338 57.47875713 0.72394594
-0.56137 57.50743864 0.72344557
-0.55937 57.53624094 0.72292029
-0.55737 57.56521056 0.72236795
-0.55537 57.59433840 0.72178946
-0.55337 57.62385617 0.72118409
-0.55137 57.65315980 0.72054927
-0.54937 57.68287121 0.71988901
-0.54736 57.71276452 0.71920097
-0.54536 57.74287730 0.71848542
-0.54336 57.77321737 0.71774262
-0.54136 57.80380837 0.71697148
-0.53936 57.83463232 0.71617306
-0.53736 57.86572620 0.71534647
-0.53536 57.89710935 0.71449239
-0.53336 57.92878160 0.71360913
-0.53135 57.96073170 0.71269963
-0.52935 57.99302236 0.71176099
-0.52735 58.02565629 0.71079364
-0.52535 58.05861897 0.70979902
-0.52335 58.09195152 0.70877556
-0.52135 58.12567192 0.70772370
-0.51935 58.15978479 0.70664414
-0.51734 58.19433166 0.70553545
-0.51534 58.22928447 0.70439997
-0.51334 58.26472172 0.70323512
-0.51134 58.30062119 0.70204274
-0.50934 58.33703387 0.70082248
-0.50734 58.37395165 0.69957408
-0.50534 58.41141380 0.69829826
-0.50334 58.44945208 0.69699492
-0.50133 58.48807204 0.69566434
-0.49933 58.52732992 0.69430644
-0.49733 58.56721861 0.69292226
-0.49533 58.60779402 0.69151105
-0.49333 58.64907021 0.69007432
-0.49133 58.69108894 0.68861147
-0.48933 58.73388230 0.68712357
-0.48732 58.77748594 0.68561105
-0.48532 58.82193092 0.68407405
-0.48332 58.86727583 0.68251363
-0.48132 58.91353406 0.68093028
-0.47932 58.96076883 0.67932507
-0.47732 59.00902768 0.67769920
-0.47532 59.05837156 0.67605188
-0.47332 59.10882895 0.67438596
-0.47131 59.16047868 0.67270225
-0.46931 59.21337546 0.67100205
-0.46731 59.26758264 0.66928675
-0.46531 59.32319479 0.66755772
-0.46331 59.38026743 0.66581802
-0.46131 59.43892250 0.66406883
-0.45931 59.49922141 0.66231315
-0.45730 59.56130078 0.66055288
-0.45530 59.62527428 0.65879252
-0.45330 59.69128628 0.65703558
-0.45130 59.75949831 0.65528642
-0.44930 59.83011428 0.65355061
-0.44730 59.90332896 0.65183405
-0.44530 59.97953775 0.65014743
-0.44330 60.05877737 0.64849534
-0.44129 60.14177297 0.64689601
-0.43929 60.22896188 0.64536415
-0.43729 60.32117472 0.64392641
-0.43529 60.41950926 0.64261783
-0.43329 60.52579602 0.64149786
-0.43129 60.64338966 0.64067880
-0.42929 60.78005215 0.64043440
-0.42728 60.96354387 0.64238600
-0.42528 60.69619575 0.64180142
-0.42328 60.57706091 0.64034297
-0.42128 60.49991034 0.63899206
-0.41928 60.44393476 0.63771043
-0.41728 60.40111275 0.63646842
-0.41528 60.36836596 0.63530950
-0.41328 60.34215046 0.63416453
-0.41127 60.32027324 0.63299296
-0.40927 60.30357594 0.63187778
-0.40727 60.28939880 0.63076863
-0.40527 60.28040332 0.62970347
-0.40327 60.27294413 0.62864011
-0.40127 60.26769562 0.62758697
-0.39927 60.26440824 0.62654383
-0.39726 60.26282545 0.62551035
-0.39526 60.26276252 0.62448410
-0.39326 60.26403986 0.62346371
-0.39126 60.26651824 0.62244920
-0.38926 60.27006209 0.62143946
-0.38726 60.27458473 0.62043285
-0.38526 60.27986026 0.61942064
-0.38326 60.28611766 0.61842735
-0.38125 60.29298025 0.61742693
-0.37925 60.30043067 0.61642641
-0.37725 60.30845474 0.61542768
-0.37525 60.31694217 0.61442158
-0.37325 60.32593599 0.61342709
-0.37125 60.33529532 0.61242471
-0.36925 60.34523795 0.61141134
-0.36724 60.35494778 0.61041234
-0.36524 60.36516696 0.60940255
-0.36324 60.37557488 0.60838847
-0.36124 60.38596796 0.60736780
-0.35924 60.39509344 0.60633889
-0.35724 60.40766485 0.60532944
-0.35524 60.41833597 0.60428440
-0.35324 60.42839539 0.60327103
-0.35123 60.44010267 0.60220772
-0.34923 60.45087626 0.60115723
-0.34723 60.46154037 0.60010044
-0.34523 60.47157617 0.59911306
-0.34323 60.48243953 0.59796422
-0.34123 60.49262774 0.59688440
-0.33923 60.50257419 0.59579669
-0.33722 60.51225767 0.59469978
-0.33522 60.52164128 0.59359334
-0.33322 60.53069141 0.59247791
-0.33122 60.53935756 0.59135308
-0.32922 60.54765165 0.59021781
-0.32722 60.55549658 0.58908620
-0.32522 60.56261670 0.58791753
-0.32322 60.56971887 0.58674741
-0.32121 60.57602895 0.58556766
-0.31921 60.58177024 0.58437842
-0.31721 60.58684029 0.58316676
-0.31521 60.59131089 0.58195618
-0.31321 60.59503921 0.58072564
-0.31121 60.59803494 0.57948266
-0.30921 60.60022089 0.57822483
-0.30720 60.60158480 0.57695378
-0.30520 60.60206097 0.57566789
-0.30320 60.60161554 0.57436645
-0.30120 60.60018574 0.57304991
-0.29920 60.59771835 0.57171705
-0.29720 60.59455558 0.57036828
-0.29520 60.58954152 0.56900326
-0.29320 60.58365204 0.56762121
-0.29119 60.57646594 0.56622575
-0.28919 60.56814866 0.56479878
-0.28719 60.55844498 0.56336723
-0.28519 60.54726303 0.56191213
-0.28319 60.53456056 0.56043800
-0.28119 60.52031309 0.55894455
-0.27919 60.50447701 0.55742991
-0.27718 60.48695250 0.55590486
-0.27518 60.46759267 0.55433927
-0.27318 60.44628875 0.55276249
-0.27118 60.42333274 0.55115312
-0.26918 60.39793048 0.54951410
-0.26718 60.37073824 0.54789335
-0.26518 60.34111650 0.54623209
-0.26318 60.30926635 0.54451914
-0.26117 60.27373731 0.54260314
-0.25917 60.23821990 0.54101880
-0.25717 60.19899134 0.53930805
-0.25517 60.15696896 0.53750712
-0.25317 60.11198464 0.53568504
-0.25117 60.06402345 0.53383441
-0.24917 60.01297914 0.53195550
-0.24716 59.95865732 0.53004857
-0.24516 59.90101616 0.52811226
-0.24316 59.83978294 0.52614478
-0.24116 59.77512195 0.52414837
-0.23916 59.70611154 0.52211895
-0.23716 59.63319171 0.52005532
-0.23516 59.55621309 0.51796026
-0.23316 59.47474273 0.51583123
-0.23115 59.38873666 0.51366959
-0.22915 59.29794463 0.51146988
-0.22715 59.20210138 0.50923818
-0.22515 59.10123175 0.50699159
-0.22315 58.99447937 0.50465826
-0.22115 58.88223162 0.50231047
-0.21915 58.76400964 0.49992012
-0.21714 58.63946119 0.49749491
-0.21514 58.50830789 0.49502197
-0.21314 58.37000814 0.49252526
-0.21114 58.22513834 0.48995474
-0.20914 58.07297397 0.48748592
-0.20714 57.91178921 0.48471281
-0.20514 57.74346757 0.48203869
-0.20314 57.57333300 0.47954504
-0.20113 224.35244915 1.02808538
-0.19913 57.18768157 0.47382590
-0.19713 56.97880992 0.47084799
-0.19513 56.76004857 0.46783149
-0.19313 56.53539009 0.46498949
-0.19113 56.29457477 0.46185337
-0.18913 56.04268981 0.45872151
-0.18712 55.77852797 0.45556887
-0.18512 55.50118862 0.45234865
-0.18312 55.20974465 0.44906295
-0.18112 54.90363926 0.44575148
-0.17912 54.58198230 0.44236807
-0.17712 54.24355206 0.43890874
-0.17512 53.88812709 0.43538306
-0.17312 53.51393779 0.43179885
-0.17111 53.12137021 0.42815193
-0.16911 52.70769900 0.42443507
-0.16711 52.27237143 0.42064995
-0.16511 51.81675609 0.41676030
-0.16311 51.33778269 0.41267798
-0.16111 50.82477737 0.40883345
-0.15911 50.29436319 0.40475716
-0.15710 49.73239358 0.40059074
-0.15510 49.14080419 0.39636963
-0.15310 48.51450129 0.39219507
-0.15110 47.86104017 0.38766908
-0.14910 47.16901193 0.38319587
-0.14710 46.43780400 0.37863623
-0.14510 45.66789102 0.37400582
-0.14310 44.85745520 0.36927688
-0.14109 43.99884795 0.36442407
-0.13909 88.10854242 1.82128437
-0.13709 42.12753551 0.35460820
-0.13509 41.11757550 0.34955531
-0.13309 40.05325880 0.34442016
-0.13109 38.91305781 0.33924941
-0.12909 37.70807771 0.33392883
-0.12708 36.44303942 0.32843447
-0.12508 35.09579531 0.32295407
-0.12308 33.66203559 0.31742025
-0.12108 32.14999294 0.31177806
-0.11908 30.54221282 0.30608052
-0.11708 28.84082487 0.30028053
-0.11508 27.01465219 0.29448131
-0.11308 25.07957646 0.28859303
-0.11107 23.02129699 0.28267023
-0.10907 20.83065569 0.27660016
-0.10707 18.49419345 0.27071702
-0.10507 16.00213472 0.26471030
-0.10307 13.34199892 0.25871057
-0.10107 10.49955000 0.25275192
-0.09907 7.46318900 0.24679863
-0.09706 4.21281827 0.24093348
-0.09506 0.73213040 0.23516815
-0.09306 -2.99842760 0.22957490
-0.09106 -6.99996206 0.22406347
-0.08906 -11.29637481 0.21881968
-0.08706 -15.91041713 0.21384323
-0.08506 -20.87438884 0.20918335
-0.08306 -26.21674707 0.20492487
-0.08105 -31.97062983 0.20115571
-0.07905 -38.17422904 0.19795255
-0.07705 -44.86825476 0.19543190
-0.07505 -52.02909595 0.19354799
-0.07305 -59.90590855 0.19295804
-0.07105 -68.35045375 0.19331017
-0.06905 -77.48902686 0.19496997
-0.06704 -87.37940834 0.19815142
-0.06504 -98.09128243 0.20311580
-0.06304 -109.69316857 0.21013906
-0.06104 -122.26131392 0.21955411
-0.05904 -135.87692887 0.23173881
-0.05704 -150.61534161 0.24709749
-0.05504 -166.56183936 0.26611342
-0.05304 -183.83770809 0.28952742
-0.05103 -202.36433899 0.31715314
-0.04903 -222.42991423 0.35077453
-0.04703 -243.93676349 0.39027102
-0.04503 -266.95897189 0.43662132
-0.04303 -291.48757054 0.49056831
-0.04103 -317.48481988 0.55280257
-0.03903 -344.84700665 0.62407379
-0.03702 -373.40189217 0.70494534
-0.03502 -402.92384375 0.79588253
-0.03302 -433.07567562 0.89725938
-0.03102 -463.34323659 1.00831153
-0.02902 -493.28082494 1.12920538
-0.02702 -522.20791207 1.25869262
-0.02502 -549.42540338 1.39521483
-0.02302 -574.17999361 1.53672838
-0.02101 -595.73169536 1.68067032
-0.01901 -613.39541550 1.82415440
-0.01701 -626.65233441 1.96438747
-0.01501 -634.95416505 2.09712517
-0.01301 -638.24532905 2.22061894
-0.01101 -636.50270517 2.33203860
-0.00901 -629.95710632 2.42954198
-0.00700 -619.00005542 2.51191318
-0.00500 -604.19314460 2.57871338
-0.00300 -586.16337762 2.63011710
-0.00100 -565.58675085 2.66680448
0.00100 -543.14798103 2.68991029
0.00300 -518.59512375 2.70171508
0.00500 -494.90150429 2.70105860
0.00700 -470.16295818 2.69216740
0.00901 -445.55123300 2.67568842
0.01101 -421.37023681 2.65302184
0.01301 -397.84200026 2.62539473
0.01501 -375.16338858 2.59410976
0.01701 -353.41413382 2.55992348
0.01901 -332.61357549 2.52362609
0.02101 -312.99609721 2.48632203
0.02302 -294.37018499 2.44814172
0.02502 -276.78978927 2.40968310
0.02702 -260.22806179 2.37131357
0.02902 -244.64934322 2.33331928
0.03102 -230.00714074 2.29591771
0.03302 -216.26310448 2.25930085
0.03502 143.03879906 -2.14551089
0.03702 -191.23922823 2.18878611
0.03903 -179.86827498 2.15504774
0.04103 -169.19242223 2.12242176
0.04303 -159.16035257 2.09082862
0.04503 -149.73613111 2.06035504
0.04703 -140.87655064 2.03097122
0.04903 -132.54127888 2.00263787
0.05103 -124.68878948 1.97538352
0.05304 -117.29330457 1.94913350
0.05504 -110.32009154 1.92387874
0.05704 -103.73861027 1.89956831
0.05904 -97.52379232 1.87619360
0.06104 -91.64890208 1.85370719
0.06304 -86.09094254 1.83207171
0.06504 -80.82822908 1.81125787
0.06704 -75.84086804 1.79122804
0.06905 -71.11120596 1.77195232
0.07105 -66.62071148 1.75339498
0.07305 -62.35457403 1.73552659
0.07505 -58.29827317 1.71831273
0.07705 -54.43822054 1.70173451
0.07905 -50.76247152 1.68577236
0.08105 -47.25730104 1.67034797
0.08306 -43.91431563 1.65548960
0.08506 -40.72293011 1.64116795
0.08706 -37.67385173 1.62732854
0.08906 -34.75849761 1.61397334
0.09106 -31.96909157 1.60107894
0.09306 -29.29805142 1.58862731
0.09506 -26.73903749 1.57662341
0.09706 -24.28505245 1.56496890
0.09907 -21.92939994 1.55370051
0.10107 -19.66775841 1.54280497
0.10307 -17.49492083 1.53227207
0.10507 -15.40568025 1.52207419
0.10707 -13.39551656 1.51219584
0.10907 -11.46032823 1.50266353
0.11107 -9.59595812 1.49335837
0.11308 -7.79870870 1.48436898
0.11508 -6.06533950 1.47565316
0.11708 -4.39241138 1.46720052
0.11908 -2.77679785 1.45899627
0.12108 -1.19983129 1.45087835
0.12308 0.29320571 1.44330273
0.12508 1.75335323 1.43579413
0.12708 3.16638340 1.42849785
0.12909 4.53491036 1.42140791
0.13109 5.86050175 1.41451550
0.13309 7.14653967 1.40781195
0.13509 8.44657037 1.40141025
0.13709 9.60351903 1.39494464
0.13909 10.77813584 1.38877089
0.14109 11.91969635 1.38275671
0.14310 13.02914679 1.37690131
0.14510 14.10823102 1.37119305
0.14710 15.15725810 1.36564318
0.14910 16.17988082 1.36021831
0.15110 17.17518310 1.35493164
0.15310 18.14491713 1.34977782
0.15510 19.09031106 1.34474840
0.15710 20.01239734 1.33983853
0.15911 20.91209172 1.33504885
0.16111 21.79046831 1.33036991
0.16311 22.64836309 1.32579952
0.16511 23.48704579 1.32133508
0.16711 24.30628353 1.31696808
0.16911 25.10784901 1.31270761
0.17111 25.89228565 1.30852627
0.17312 26.66017915 1.30444340
0.17512 27.41228997 1.30044732
0.17712 28.14929294 1.29653519
0.17912 28.87179928 1.29270419
0.18112 29.58040895 1.28895203
0.18312 30.27573660 1.28527541
0.18512 30.95833991 1.28167014
0.18712 31.62874512 1.27813673
0.18913 32.28746222 1.27467013
0.19113 32.93503568 1.27126894
0.19313 33.57191268 1.26793021
0.19513 34.19857010 1.26465210
0.19713 34.81547058 1.26143265
0.19913 35.42309388 1.25826924
0.20113 36.02162128 1.25516064
0.20314 36.61186752 1.25210125
0.20514 37.19388472 1.24909037
0.20714 37.76817064 1.24612862
0.20914 38.33530365 1.24321258
0.21114 38.89533292 1.24032988
0.21314 39.44842163 1.23750982
0.21514 39.99540890 1.23472134
0.21714 40.53643761 1.23197087
0.21915 41.07184035 1.22925649
0.22115 41.60192240 1.22657719
0.22315 42.12698447 1.22393082
0.22515 42.64755100 1.22131331
0.22715 43.16331866 1.21873238
0.22915 43.67514008 1.21617662
0.23115 44.18312696 1.21364596
0.23316 44.69035967 1.21071480
0.23516 45.18882657 1.20866591
0.23716 45.68719522 1.20620526
0.23916 46.18268311 1.20375232
0.24116 46.67584030 1.20135596
0.24316 47.16681366 1.19895768
0.24516 47.65590254 1.19657560
0.24716 48.14336665 1.19420911
0.24917 48.62946179 1.19185606
0.25117 49.11408358 1.18951249
0.25317 49.59868077 1.18718627
0.25517 50.08235802 1.18486701
0.25717 50.56572948 1.18255616
0.25917 51.04905945 1.18025089
0.26117 51.53266890 1.17795221
0.26318 52.01662497 1.17564646
0.26518 52.50157007 1.17336597
0.26718 52.98544899 1.17117326
0.26918 53.47507093 1.16878393
0.27118 53.96407574 1.16649175
0.27318 54.45499982 1.16419750
0.27518 54.94820691 1.16189674
0.27718 55.44385710 1.15959030
0.27919 55.94244467 1.15728224
0.28119 56.44412833 1.15496163
0.28319 56.94928405 1.15263235
0.28519 57.45824800 1.15029094
0.28719 57.97138823 1.14793863
0.28919 58.48894843 1.14556861
0.29119 59.01136747 1.14318449
0.29320 59.53900366 1.14078378
0.29520 60.07215118 1.13836292
0.29720 60.61130508 1.13592177
0.29920 61.15684468 1.13345911
0.30120 61.70915407 1.13097165
0.30320 62.26869028 1.12845964
0.30520 62.83588780 1.12591978
0.30720 63.41123942 1.12335144
0.30921 63.99514528 1.12075207
0.31121 64.58818225 1.11811981
0.31321 65.19062028 1.11546218
0.31521 65.80338792 1.11274297
0.31721 66.42731861 1.11001054
0.31921 67.06228430 1.10722754
0.32121 67.70915507 1.10440514
0.32322 68.36866860 1.10153649
0.32522 69.04148489 1.09862190
0.32722 69.72837643 1.09566332
0.32922 70.42480183 1.09253680
0.33122 71.14688760 1.08956880
0.33322 71.88075564 1.08643618
0.33522 72.63080709 1.08326066
0.33722 73.39952059 1.08001618
0.33923 74.18738291 1.07670599
0.34123 74.99528967 1.07332731
0.34323 75.82432240 1.06988106
0.34523 76.67573489 1.06636092
0.34723 77.55050464 1.06276431
0.34923 78.45016514 1.05908764
0.35123 79.37579773 1.05532851
0.35324 80.32895313 1.05148294
0.35524 81.31105077 1.04754829
0.35724 82.32385010 1.04351876
0.35924 83.36881265 1.03939172
0.36124 84.44779324 1.03516259
0.36324 85.56286086 1.03082667
0.36524 86.71592065 1.02638120
0.36724 87.90917973 1.02181991
0.36925 89.14480155 1.01713761
0.37125 90.42543948 1.01233128
0.37325 91.75383952 1.00739316
0.37525 93.13272131 1.00230156
0.37725 94.56357425 0.99706934
0.37925 96.05447240 0.99174630
0.38125 97.60212962 0.98622650
0.38326 99.21667158 0.98049895
0.38526 100.89596711 0.97470656
0.38726 102.64885908 0.96868861
0.38926 104.47864766 0.96248827
0.39126 106.39024968 0.95609754
0.39326 108.38913540 0.94950945
0.39526 110.48093631 0.94271635
0.39726 112.67215749 0.93570592
0.39927 114.96962517 0.92847423
0.40127 117.38060319 0.92100450
0.40327 119.91317448 0.91329466
0.40527 122.57594954 0.90533024
0.40727 125.37850349 0.89710069
0.40927 128.33089627 0.88859976
0.41127 131.44429153 0.87978137
0.41328 134.73246334 0.87070072
0.41528 138.21290062 0.86125424
0.41728 141.88154527 0.85158242
0.41928 145.77490451 0.84150617
0.42128 149.90396919 0.83112474
0.42328 154.25468473 0.82017499
0.42528 66.99594445 2.45144666
0.42728 163.90778852 0.79761784
0.42929 169.18186433 0.78565084
0.43129 174.81334929 0.77328610
0.43329 180.83038789 0.76050114
0.43529 187.26486039 0.74728120
0.43729 194.15550326 0.73362204
0.43929 201.54438051 0.71951779
0.44129 209.47680127 0.70496525
0.44330 218.00632317 0.68996799
0.44530 227.18651526 0.67453684
0.44730 237.08361790 0.65868614
0.44930 247.76550258 0.64244128
0.45130 259.31109467 0.62583564
0.45330 271.80003867 0.60893101
0.45530 285.33369221 0.59178725
0.45730 300.00813324 0.57449462
0.45931 315.93654080 0.55718172
0.46131 333.24127257 0.53999468
0.46331 352.05115381 0.52313611
0.46531 372.50466731 0.50684411
0.46731 394.74532943 0.49145128
0.46931 418.92240735 0.47732902
0.47131 445.18120553 0.46495992
0.47332 473.65847683 0.45492945
0.47532 504.47148799 0.44795829
0.47732 537.70404981 0.44487739
0.47932 573.38836885 0.44671623
0.48132 611.47258056 0.45458096
0.48332 651.81452917 0.46986684
0.48532 694.10662263 0.49395362
0.48732 737.87397448 0.52837602
0.48933 782.41952955 0.57462949
0.49133 826.82090124 0.63404642
0.49333 869.30512997 0.70889306
0.49533 909.92575318 0.79627521
0.49733 945.83793435 0.89936496
0.49933 975.69968793 1.01620132
0.50133 997.79805672 1.14402116
0.50334 1011.13357205 1.28021891
0.50534 1014.76846580 1.42088266
0.50734 1008.46998425 1.56166026
0.50934 992.63540069 1.69828661
0.51134 731.51013848 3.15886874
0.51334 936.12870694 1.94473501
0.51534 898.57957474 2.04911245
0.51734 856.91436174 2.13914740
0.51935 812.77986514 2.21458291
0.52135 767.58034467 2.27588653
0.52335 722.47083067 2.32403300
0.52535 677.61255166 2.36062935
0.52735 636.07526613 2.38643852
0.52935 595.78462983 2.40360109
0.53135 557.90466436 2.41340596
0.53336 522.49875021 2.41735958
0.53536 489.64945669 2.41569211
0.53736 93.56285770 3.62887713
0.53936 92.16907676 3.56648702
0.54136 90.88981520 3.50748527
0.54336 89.71317109 3.45161035
0.54536 88.62883109 3.39863059
0.54736 87.62814331 3.34833437
0.54937 86.70330064 3.30053185
0.55137 85.84704055 3.25505243
0.55337 85.04774159 3.21179271
0.55537 84.31486547 3.17045049
0.55737 83.61810858 3.13118559
0.55937 82.99263505 3.09339556
0.56137 82.39837213 3.05741212
0.56338 81.84506398 3.02297155
0.56538 81.32629539 2.99001464
0.56738 80.84422216 2.95843346
0.56938 80.39131051 2.92812922
0.57138 79.96827361 2.89905878
0.57338 79.56625069 2.87120930
0.57538 79.19934945 2.84431525
0.57738 78.85055474 2.81851369
0.57939 78.52303671 2.79369446
0.58139 78.21571380 2.76980087
0.58339 77.92642552 2.74677951
0.58539 77.65459617 2.72459431
0.58739 77.39881250 2.70320109
0.58939 77.15918429 2.68255007
0.59139 76.93184384 2.66263465
0.59340 76.71823417 2.64339589
0.59540 76.51694045 2.62480431
0.59740 76.32749096 2.60684170
0.59940 76.14963606 2.58944928
0.60140 75.98200286 2.57262301
0.60340 75.82246192 2.55636960
0.60540 75.68099613 2.54101161
0.60740 75.53176919 2.52536837
0.60941 75.39950152 2.51054242
0.61141 75.27513745 2.49617138
0.61341 75.15818618 2.48225285
0.61541 75.04481107 2.46885933
0.61741 74.93941261 2.45577978
0.61941 74.83890480 2.44307986
0.62141 74.75170626 2.43062152
0.62342 71.37500711 3.94137297
0.62542 -114.24794010 1.33407052
0.62742 74.50034051 2.39606643
0.62942 74.42755348 2.38483989
0.63142 74.36190972 2.37389906
0.63342 74.29783492 2.36363918
0.63542 74.23893072 2.35350698
0.63742 74.18094267 2.34362583
0.63943 74.12891329 2.33404686
0.64143 74.08072576 2.32468829
0.64343 74.03381758 2.31558279
0.64543 73.99235611 2.30672945
0.64743 73.95168891 2.29807010
0.64943 73.91596647 2.28966207
0.65143 73.88124980 2.28143946
0.65344 73.85114290 2.27342719
0.65544 73.82128027 2.26560733
0.65744 73.79436708 2.25809499
0.65944 73.77202538 2.25056502
0.66144 73.74992492 2.24330631
0.66344 73.73006358 2.23622204
0.66544 73.71287529 2.22931573
0.66744 73.69722425 2.22255684
0.66945 73.68325405 2.21596669
0.67145 73.67128598 2.20951516
0.67345 73.66123763 2.20322195
0.67545 73.65503504 2.19707764
0.67745 73.64522408 2.19105086
0.67945 73.64022745 2.18516649
0.68145 73.63575434 2.17941571
0.68346 73.63285164 2.17379628
0.68546 73.63156722 2.16829200
0.68746 73.63149154 2.16290955
0.68946 73.63256437 2.15764309
0.69146 73.63494716 2.15249307
0.69346 73.63851009 2.14744802
0.69546 73.64305291 2.14250615
0.69746 73.64873687 2.13767123
0.69947 73.65563953 2.13293978
0.70147 73.66372102 2.12831448
0.70347 73.67198741 2.12376027
0.70547 73.68229284 2.11930886
0.70747 73.69086939 2.11493677
0.70947 73.70038679 2.11060020
0.71147 73.71549795 2.10648952
0.71348 73.72849217 2.10238334
0.71548 73.74240329 2.09836168
0.71748 73.75686940 2.09441581
0.71948 73.77216467 2.09054540
0.72148 73.78811796 2.08675056
0.72348 73.80481135 2.08302736
0.72548 73.82247504 2.07937413
0.72748 73.86275247 2.07578038
0.72949 73.90258505 2.07227708
0.73149 73.93564562 2.06882884
0.73349 73.96636230 2.06544838
0.73549 73.99632819 2.06211897
0.73749 74.02564482 2.05885316
0.73949 74.05471214 2.05565124
0.74149 74.08315907 2.05251467
0.74350 74.11136439 2.04945828
0.74550 74.15067718 2.04582355
0.74750 74.17036865 2.04337436
0.74950 74.20098671 2.04048472
0.75150 74.26764300 2.03742673
0.75350 74.30988068 2.03475515
0.75550 74.35273764 2.03188927
0.75751 74.39405078 2.02922864
0.75951 74.43372208 2.02653761
0.76151 74.47260992 2.02389449
0.76351 74.51068520 2.02129058
0.76551 74.54849555 2.01873988
0.76751 74.58654354 2.01621547
0.76951 74.62503127 2.01368762
0.77151 74.66156843 2.01129901
0.77352 74.69943651 2.00891002
0.77552 74.73708364 2.00653977
0.77752 74.77474593 2.00421741
0.77952 74.81246013 2.00192753
0.78152 74.85025205 1.99967365
0.78352 74.88818120 1.99745405
0.78552 74.92621979 1.99526700
0.78753 74.96450778 1.99311395
0.78953 75.00296684 1.99099366
0.79153 75.04174124 1.98890243
0.79353 75.08089346 1.98683754
0.79553 75.12030162 1.98481048
0.79753 75.16024147 1.98280841
0.79953 75.20088413 1.98083422
0.80153 75.24260440 1.97889155
0.80354 75.28545947 1.97700046
0.80554 75.33067513 1.97512266
0.80754 75.38335004 1.97319880
0.80954 75.42884842 1.97138784
0.81154 75.48764998 1.96956961
0.81354 75.56206981 1.96779045
0.81554 75.67241129 1.96606709
0.81755 75.90217975 1.96449102
0.81955 77.05933652 1.96453874
0.82155 127.74015536 3.74966996
0.82355 106.11120083 3.89330246
0.82555 99.28864735 3.91660089
0.82755 95.67295006 3.92543206
0.82955 93.35461520 3.92969029
0.83155 91.71919086 3.93150163
0.83356 90.48773510 3.93481141
0.83556 89.51077519 3.93326225
0.83756 88.72477002 3.93322564
0.83956 88.07222436 3.93286544
0.84156 87.52219718 3.93244789
0.84356 87.04946122 3.93174014
0.84556 86.64003882 3.93094935
0.84757 86.28154013 3.93008900
0.84957 85.96487167 3.92916864
0.85157 85.68326694 3.92819930
0.85357 85.43125269 3.92719243
0.85557 85.20446701 3.92615244
0.85757 84.99951526 3.92509086
0.85957 84.81387201 3.92400655
0.86157 84.64431674 3.92292010
0.86358 84.48958824 3.92181225
0.86558 84.34799222 3.92069690
0.86758 84.21776636 3.91957291
0.86958 84.09869554 3.91845464
0.87158 83.98770745 3.91732667
0.87358 83.88596605 3.91619196
0.87558 83.79178986 3.91506036
0.87759 83.70457084 3.91392827
0.87959 83.62367052 3.91279814
0.88159 83.54867615 3.91166589
0.88359 83.47896880 3.91053548
0.88559 83.41441397 3.90941015
0.88759 83.35421533 3.90828834
0.88959 83.29842300 3.90716121
0.89159 83.25552342 3.90577691
0.89360 83.19723429 3.90485202
0.89560 83.15298282 3.90381141
0.89760 83.11111606 3.90270156
0.89960 83.07235561 3.90159065
0.90160 83.03620758 3.90047937
0.90360 83.00270831 3.89938000
0.90560 82.97171163 3.89827056
0.90761 82.94279178 3.89717846
0.90961 82.91611519 3.89608265
0.91161 82.89143705 3.89498874
0.91361 82.86863084 3.89389810
0.91561 82.84762605 3.89280971
0.91761 82.82829422 3.89172198
0.91961 82.81059315 3.89063754
0.92161 82.79432227 3.88955401
0.92362 82.77951312 3.88849356
0.92562 82.76611543 3.88739097
0.92762 82.75387425 3.88631890
0.92962 82.74291021 3.88524046
0.93162 82.73227164 3.88416995
0.93362 82.72426880 3.88308024
0.93562 82.71665602 3.88202491
0.93763 82.70997433 3.88094967
0.93963 82.69387967 3.87989325
0.94163 82.69904345 3.87881019
0.94363 82.69499820 3.87773672
0.94563 82.69009863 3.87662093
0.94763 82.68919940 3.87559901
0.94963 82.68736889 3.87452878
0.95163 82.68598938 3.87345773
0.95364 82.68563949 3.87238937
0.95564 82.68539135 3.87131960
0.95764 82.68657564 3.87024671
0.95964 82.68777069 3.86917338
0.96164 82.68982623 3.86811160
0.96364 82.69184525 3.86705387
0.96564 82.69479635 3.86596373
0.96765 82.69706580 3.86484811
0.96965 82.70137353 3.86380144
0.97165 82.70569427 3.86272074
0.97365 82.70917621 3.86162250
0.97565 82.71564449 3.86056134
0.97765 82.71595877 3.85943047
0.97965 82.71634023 3.85825031
0.98165 83.22701231 3.87177775
0.98366 36.05521556 6.20282776
0.98566 29.25031644 -4.08782426
0.98766 171.76648749 2.23709975
0.98966 82.77328932 3.85449826
0.99166 82.75328088 3.85134018
0.99366 82.77534243 3.85110410
0.99566 82.77711179 3.84967005
0.99767 82.78322302 3.84849571
0.99967 82.79478651 3.84736526
1.00167 82.80162784 3.84628554
1.00367 82.81086131 3.84518050
1.00567 82.81815378 3.84406063
1.00767 82.82676307 3.84292034
1.00967 82.83652493 3.84179974
1.01167 82.84197130 3.84059532
1.01368 82.85343270 3.83954832
1.01568 82.86225608 3.83840381
1.01768 82.86967186 3.83726093
1.01968 82.87871840 3.83610189
1.02168 82.88835692 3.83496335
1.02368 82.89744356 3.83380826
1.02568 82.90726389 3.83265008
1.02769 82.91580250 3.83148915
1.02969 82.93087866 3.83016650
1.03169 82.93467329 3.82913445
1.03369 82.94348753 3.82796964
1.03569 82.95261995 3.82679017
1.03769 82.96272157 3.82560692
1.03969 82.97174202 3.82442172
1.04169 82.98160670 3.82322359
1.04370 82.99134118 3.82201285
1.04570 82.99998791 3.82081828
1.04770 83.00887956 3.81959710
1.04970 83.01895492 3.81836657
1.05170 83.02772671 3.81715145
1.05370 83.03780746 3.81592872
1.05570 83.05007884 3.81381736
1.05771 83.05589284 3.81342015
1.05971 83.06516137 3.81214288
1.06171 83.07606174 3.81085985
1.06371 83.08638585 3.80952218
1.06571 83.09002204 3.80823086
1.06771 83.10228648 3.80704124
1.06971 83.11385454 3.80550923
1.07171 83.12349277 3.80415754
1.07372 83.13366428 3.80275312
1.07572 83.14280383 3.80131596
1.07772 83.15236597 3.79984535
1.07972 83.16550784 3.79834755
1.08172 83.17184150 3.79679762
1.08372 83.18220454 3.79519701
1.08572 83.20905117 3.79260261
1.08773 83.20203604 3.79185904
1.08973 83.21186337 3.79008996
1.09173 83.22327993 3.78831030
1.09373 83.23169605 3.78632816
1.09573 83.24218512 3.78432279
1.09773 83.26031508 3.78223828
1.09973 83.25958536 3.78001545
1.10173 83.26738191 3.77773899
1.10374 83.28450089 3.77503296
1.10574 83.30427536 3.77219219
1.10774 83.30047321 3.77010158
1.10974 83.31060160 3.76741422
1.11174 83.31961480 3.76470644
1.11374 83.33046115 3.76210063
1.11574 83.34078169 3.75973891
1.11775 83.36936535 3.75818925
1.11975 83.56487452 3.75949005
1.12175 106.95423964 5.72045197
1.12375 92.17177435 5.74130083
1.12575 89.79821790 5.74365465
1.12775 88.55404151 5.74233919
1.12975 87.94650903 5.74184735
1.13175 87.45289624 5.74017387
1.13376 -28.34722136 7.13684417
1.13576 86.78929871 5.73608311
1.13776 86.55055789 5.73382310
1.13976 86.35251866 5.73157363
1.14176 86.18370296 5.72920526
1.14376 86.03747711 5.72676248
1.14576 85.91057754 5.72426386
1.14777 85.79871519 5.72171049
1.14977 85.69958535 5.71910057
1.15177 85.61144121 5.71643907
1.15377 85.53281634 5.71372404
1.15577 85.46280399 5.71095593
1.15777 85.40027892 5.70813502
1.15977 85.34469751 5.70525954
1.16177 85.29569962 5.70233408
1.16378 85.25416905 5.69931572
1.16578 85.21622072 5.69630136
1.16778 85.18509460 5.69320026
1.16978 85.15967293 5.69003921
1.17178 85.13995288 5.68681614
1.17378 85.12588572 5.68352959
1.17578 85.11579718 5.68019250
1.17779 85.11541381 5.67676003
1.17979 85.11934846 5.67327186
1.18179 85.12987595 5.66971334
1.18379 85.14872286 5.66609895
1.18579 85.17159322 5.66237140
1.18779 85.20368051 5.65858098
1.18979 85.24428226 5.65471283
1.19179 85.29326760 5.65075368
1.19380 85.35158611 5.64670553
1.19580 85.42083315 5.64257441
1.19780 85.50308232 5.63831963
1.19980 85.58063641 5.63407325
1.20180 85.69587687 5.62956398
1.20380 85.81416615 5.62502015
1.20580 85.94799191 5.62036159
1.20781 86.09823120 5.61558357
1.20981 86.26722302 5.61067626
1.21181 86.45504250 5.60564741
1.21381 86.66530371 5.60047860
1.21581 86.89890985 5.59516507
1.21781 87.15971694 5.58970036
1.21981 87.44819684 5.58408003
1.22181 87.79845056 5.57834138
1.22382 88.12043858 5.57232322
1.22582 88.51871563 5.56615832
1.22782 88.95238790 5.55980334
1.22982 89.43899625 5.55324736
1.23182 89.97326856 5.54644493
1.23382 90.56649815 5.53941247
1.23582 91.21957571 5.53214991
1.23783 91.95264332 5.52456846
1.23983 92.76047732 5.51671728
1.24183 93.65707650 5.50855552
1.24383 94.65317850 5.50005371
1.24583 95.75943774 5.49119098
1.24783 96.99055388 5.48193825
1.24983 98.36100441 5.47226171
1.25183 99.88920189 5.46212793
1.25384 101.59496517 5.45149521
1.25584 103.50277177 5.44031944
1.25784 105.63692604 5.42855643
1.25984 108.02942189 5.41613504
1.26184 110.71757122 5.40300632
1.26384 113.74308121 5.38909366
1.26584 117.15342135 5.37431843
1.26785 121.00725908 5.35858406
1.26985 125.37086864 5.34179814
1.27185 130.32278953 5.32381934
1.27385 135.95880277 5.30453548
1.27585 142.38665896 5.28377242
1.27785 149.73325380 5.26138043
1.27985 158.15660211 5.23712873
1.28185 1.65178117 6.97130067
1.28386 179.07876799 5.18204458
1.28586 192.03233594 5.15068926
1.28786 206.97892559 5.11648755
1.28986 32.92281482 3.57269439
1.29186 244.62380163 5.03705234
1.29386 268.88683199 4.99135186
1.29586 296.88234722 4.94082625
1.29787 329.68505248 4.88518183
1.29987 368.13318591 4.82404214
1.30187 413.06622932 4.75725993
1.30387 465.31313285 4.68497052
1.30587 525.54767598 4.60792193
1.30787 594.03515271 4.52771632
1.30987 670.30504854 4.44712381
1.31187 752.75157626 4.37046024
1.31388 829.15724495 2.45894442
1.31588 905.28742289 2.12143840
1.31788 974.78051557 1.80670503
1.31988 1031.97583191 1.53911769
1.32188 1071.70808868 1.34122953
1.32388 1090.69133539 1.22859987
1.32588 1088.41847108 1.20525106
1.32789 1066.92947324 1.26434030
1.32989 1030.43944964 1.38938737
1.33189 983.65816115 1.56136278
1.33389 930.90733428 1.76135281
1.33589 875.81202722 1.97572297
1.33789 821.50328870 2.18927971
1.33989 769.59937223 2.39530979
1.34189 721.06867239 2.58920445
1.34390 676.42471880 2.76831875
1.34590 218.94157509 5.98878165
1.34790 219.20346859 5.99558492
1.34990 219.46154165 6.00249675
1.35190 219.71584244 6.00951679
1.35390 219.96660784 6.01665116
1.35590 220.21372746 6.02390264
1.35791 220.45716476 6.03127491
1.35991 220.69732382 6.03877865
1.36191 220.93500624 6.04641905
1.36391 221.16657849 6.05416777
1.36591 221.39611887 6.06207540
1.36791 221.60862037 6.07013342
1.36991 221.84522471 6.07832039
1.37191 222.06554197 6.08667703
1.37392 222.28223064 6.09519352
1.37592 222.49544019 6.10387139
1.37792 222.70651392 6.11274715
1.37992 222.91440538 6.12176182
1.38192 223.11979629 6.13097748
1.38392 223.32166809 6.14038165
1.38592 223.52208983 6.14999776
1.38793 223.72007480 6.15981584
1.38993 223.91583295 6.16985080
1.39193 224.10927148 6.18010521
1.39393 224.30068498 6.19058866
1.39593 224.49011457 6.20130837
1.39793 224.67818188 6.21228407
1.39993 224.86467179 6.22351469
1.40193 225.04978488 6.23501141
1.40394 225.23380533 6.24678741
1.40594 225.41706747 6.25885435
1.40794 225.59956878 6.27121783
1.40994 225.78155108 6.28389297
1.41194 225.96323699 6.29689107
1.41394 226.14447482 6.31021866
1.41594 226.32672439 6.32390457
1.41795 226.50912569 6.33794731
1.41995 226.69181812 6.35237039
1.42195 226.87633784 6.36715732
1.42395 227.04970495 6.38226731
1.42595 227.24917596 6.39803146
1.42795 227.43859205 6.41410813
1.42995 227.63256807 6.43066862
1.43195 227.82439523 6.44763155
1.43396 228.02208751 6.46512403
1.43596 228.22305357 6.48312356
1.43796 228.42831785 6.50165612
1.43996 228.63783333 6.52073839
1.44196 228.85223936 6.54038953
1.44396 229.07227612 6.56063171
1.44596 229.29802327 6.58149172
1.44797 229.52899456 6.60298240
1.44997 229.76959368 6.62514845
1.45197 230.01666083 6.64797358
1.45397 230.34020202 6.67266743
1.45597 230.53996208 6.69587763
1.45797 230.80994275 6.72092161
1.45997 231.09450446 6.74677444
1.46197 231.39048471 6.77344164
1.46398 231.69749889 6.80096518
1.46598 232.01776754 6.82935742
1.46798 232.35133611 6.85865375
1.46998 232.69981516 6.88887782
1.47198 233.06346998 6.92006060
1.47398 233.44425538 6.95222101
1.47598 233.84476744 6.98612463
1.47799 234.25866945 7.01959409
1.47999 234.69561810 7.05485051
1.48199 235.15322674 7.09117302
1.48399 235.63384199 7.12857689
1.48599 236.13893619 7.16705540
1.48799 236.78860617 7.20682782
1.48999 237.23264408 7.24725846
1.49199 237.82877637 7.28889254
1.49400 238.47308502 7.33147969
1.49600 239.19774712 7.37496574
1.49800 240.15560902 7.42017087
1.50000 244.06912636 7.51278099
