-5.500000000000000000e+00 4.636588147354842704e+00 1.296650022132694957e+01
-5.488988988988989348e+00 4.727665955286613375e+00 1.296571122281162225e+01
-5.477977977977977808e+00 4.849344215714095796e+00 1.296461349174342637e+01
-5.466966966966967156e+00 5.030091403005353179e+00 1.296286179815568218e+01
-5.455955955955955616e+00 5.363855126740385337e+00 1.295904065557388485e+01
-5.444944944944944965e+00 6.624742686855319640e+00 1.292525698372223353e+01
-5.433933933933934313e+00 4.310592171135936290e+00 1.197416050652076791e+01
-5.422922922922922773e+00 4.270354134890270714e+00 1.197073056123952561e+01
-5.411911911911912121e+00 4.303427807938840388e+00 1.196999762018338309e+01
-5.400900900900900581e+00 4.352366972412890611e+00 1.196946516869950550e+01
-5.389889889889889929e+00 4.412310309492720073e+00 1.196892349311535853e+01
-5.378878878878879277e+00 4.484211543516720688e+00 1.196829943053739598e+01
-5.367867867867867737e+00 4.572795945510837790e+00 1.196739600130629988e+01
-5.356856856856857085e+00 4.729137846431309633e+00 1.183513410620939510e+01
-5.345845845845845545e+00 4.817616822454576564e+00 1.196529512650096017e+01
-5.334834834834834894e+00 4.992907073986997624e+00 1.196383378869014891e+01
-5.323823823823824242e+00 5.261407996846113377e+00 1.196131064418280054e+01
-5.312812812812812702e+00 5.732293478906185236e+00 1.195631736902535103e+01
-5.301801801801802050e+00 6.982751590336995662e+00 1.193682120539206259e+01
-5.290790790790790510e+00 4.252214285458128629e+00 1.001045025381426612e+01
-5.279779779779779858e+00 3.672150814405802599e+00 9.978093767848864815e+00
-5.268768768768769206e+00 3.645231295243171576e+00 9.976614012875641535e+00
-5.257757757757757666e+00 3.653825183406429478e+00 9.976154538901694124e+00
-5.246746746746747014e+00 3.672377162902388026e+00 9.975883358699814352e+00
-5.235735735735735474e+00 3.695692116031144447e+00 9.975665330809487585e+00
-5.224724724724724823e+00 3.722163504467240980e+00 9.975462960952276248e+00
-5.213713713713714171e+00 3.751204668148353072e+00 9.975262218164672845e+00
-5.202702702702702631e+00 3.782609873245794674e+00 9.975056566114181678e+00
-5.191691691691691979e+00 3.816347138137166528e+00 9.974842311442991161e+00
-5.180680680680680439e+00 3.852479100330798545e+00 9.974616949299520030e+00
-5.169669669669669787e+00 3.891129803503256657e+00 9.974378479872164860e+00
-5.158658658658658247e+00 3.932470546432563996e+00 9.974125087186250127e+00
-5.147647647647647595e+00 3.976714756798888306e+00 9.973854967014046835e+00
-5.136636636636636943e+00 4.024117790962673524e+00 9.973566219650788156e+00
-5.125625625625625403e+00 4.074979928400468410e+00 9.973256770485468437e+00
-5.114614614614614752e+00 4.129651891346577841e+00 9.972924300080949322e+00
-5.103603603603603212e+00 4.188542770170176510e+00 9.972566173304793224e+00
-5.092592592592592560e+00 4.252130585022251275e+00 9.972179360187714892e+00
-5.081581581581581908e+00 4.320976004166467099e+00 9.971760342019896584e+00
-5.070570570570570368e+00 4.395740045303304200e+00 9.971304995670276838e+00
-5.059559559559559716e+00 4.477206971154065407e+00 9.970808447441980249e+00
-5.048548548548548176e+00 4.566314115651299410e+00 9.970264884874399769e+00
-5.037537537537537524e+00 4.664191136618645928e+00 9.969667310334584087e+00
-5.026526526526526872e+00 4.772212319184899521e+00 9.969007213175613558e+00
-5.015515515515515332e+00 4.892067281095249243e+00 9.968274126237536947e+00
-5.004504504504504681e+00 5.025858134435178037e+00 9.967455015050839862e+00
-4.993493493493493141e+00 5.176235507006482273e+00 9.966533419796180127e+00
-4.982482482482482489e+00 5.346593023505769260e+00 9.965488222748351888e+00
-4.971471471471471837e+00 5.541352148235271891e+00 9.964291832069614330e+00
-4.960460460460460297e+00 5.766391105491153191e+00 9.962907425538379158e+00
-4.949449449449449645e+00 6.029711959706725466e+00 9.961284620227305098e+00
-4.938438438438438105e+00 6.342518463664098327e+00 9.959352381366663565e+00
-4.927427427427427453e+00 6.721039463454430596e+00 9.957006805964800478e+00
-4.916416416416416801e+00 7.189793115428410708e+00 9.954088686151353116e+00
-4.905405405405405261e+00 7.787866418086624165e+00 9.950338685611248124e+00
-4.894394394394394610e+00 8.582211093167996907e+00 9.945296630753171385e+00
-4.883383383383383070e+00 9.699945497086332580e+00 9.938030571158655846e+00
-4.872372372372372418e+00 1.142665089382933807e+01 9.926128685040909616e+00
-4.861361361361360878e+00 1.469761556899753074e+01 9.897210640614128252e+00
-4.850350350350350226e+00 1.664375830109401377e+01 7.958592776638990784e+00
-4.839339339339339574e+00 3.141438259632755248e+01 7.794685638927615123e+00
-4.828328328328328034e+00 3.413206705313879485e+00 5.994688455770393887e+00
-4.817317317317317382e+00 1.942205144647093817e+00 5.990536336621110181e+00
-4.806306306306305842e+00 1.726547719243966661e+00 5.990148111418244881e+00
-4.795295295295295190e+00 1.652021409403600760e+00 5.990018299071956598e+00
-4.784284284284284539e+00 1.617592387556308298e+00 5.989951256950018177e+00
-4.773273273273272999e+00 1.599364919949011865e+00 5.989907422417605432e+00
-4.762262262262262347e+00 1.589096541478485003e+00 5.989874084570939061e+00
-4.751251251251250807e+00 1.583269240475181139e+00 5.989846028951178347e+00
-4.740240240240240155e+00 1.580157725529240498e+00 5.989820760745404371e+00
-4.729229229229229503e+00 1.578828631864330090e+00 5.989796949488519040e+00
-4.718218218218217963e+00 1.578738839531189875e+00 5.989773823740028647e+00
-4.707207207207207311e+00 1.579554158608143632e+00 5.989750903965044060e+00
-4.696196196196195771e+00 1.581059815645040612e+00 5.989727873050345153e+00
-4.685185185185185119e+00 1.583113021352365202e+00 5.989704508746235057e+00
-4.674174174174174468e+00 1.585616352956066288e+00 5.989680646244703865e+00
-4.663163163163162928e+00 1.588502092524939124e+00 5.989656156377042073e+00
-4.652152152152152276e+00 1.591722638920164190e+00 5.989630932337399294e+00
-4.641141141141140736e+00 1.595244438542341436e+00 5.989604881262672542e+00
-4.630130130130130084e+00 1.599044033714679847e+00 5.989577918678242519e+00
-4.619119119119119432e+00 1.603105428913043973e+00 5.989549964683315686e+00
-4.608108108108107892e+00 1.607418301951887063e+00 5.989520941214348859e+00
-4.597097097097097240e+00 1.611976772053424156e+00 5.989490769984857188e+00
-4.586086086086085700e+00 1.616778544602604395e+00 5.989459370847982633e+00
-4.575075075075075048e+00 1.621824317298953044e+00 5.989426660417809245e+00
-4.564064064064064397e+00 1.627117372593654743e+00 5.989392550836631024e+00
-4.553053053053052857e+00 1.632663306826787286e+00 5.989356948608152820e+00
-4.542042042042042205e+00 1.638469863062009590e+00 5.989319753436934235e+00
-4.531031031031030665e+00 1.644546845788246392e+00 5.989280857025062410e+00
-4.520020020020020013e+00 1.650906103269084824e+00 5.989240141781037252e+00
-4.509009009009009361e+00 1.657561568831562582e+00 5.989197479398110424e+00
-4.497997997997997821e+00 1.664529356604111276e+00 5.989152729260758257e+00
-4.486986986986987169e+00 1.671827910489431801e+00 5.989105736630793153e+00
-4.475975975975975629e+00 1.679478207989380856e+00 5.989056330554308083e+00
-4.464964964964964977e+00 1.687504023350623106e+00 5.989004321427572108e+00
-4.453953953953954326e+00 1.695932257369514362e+00 5.988949498142371652e+00
-4.442942942942942786e+00 1.704793344159396540e+00 5.988891624706181638e+00
-4.431931931931932134e+00 1.714121749218850743e+00 5.988830436219898523e+00
-4.420920920920920594e+00 1.723956577702276061e+00 5.988765634053046405e+00
-4.409909909909909942e+00 1.734342317564239178e+00 5.988696880010701662e+00
-4.398898898898899290e+00 1.745329750451187101e+00 5.988623789239979622e+00
-4.387887887887887750e+00 1.756977073116182675e+00 5.988545921523352078e+00
-4.376876876876877098e+00 1.769351286455880468e+00 5.988462770514336952e+00
-4.365865865865865558e+00 1.782529928473744807e+00 5.988373750307352417e+00
-4.354854854854854906e+00 1.796603253947110845e+00 5.988278178518724459e+00
-4.343843843843844255e+00 1.811677001913893248e+00 5.988175254762554189e+00
-4.332832832832832715e+00 1.827875945576610484e+00 5.988064032944251380e+00
-4.321821821821822063e+00 1.845348498997997577e+00 5.987943385173933208e+00
-4.310810810810810523e+00 1.864272771481823909e+00 5.987811954105728418e+00
-4.299799799799799871e+00 1.884864638680435300e+00 5.987668089060170118e+00
-4.288788788788789219e+00 1.907388673455183925e+00 5.987509758952654693e+00
-4.277777777777777679e+00 1.932173214862560551e+00 5.987334431378647182e+00
-4.266766766766767027e+00 1.959631561179124626e+00 5.987138901095214294e+00
-4.255755755755755487e+00 1.990292460401533070e+00 5.986919040791592650e+00
-4.244744744744744835e+00 2.024845132932157288e+00 5.986669428735315712e+00
-4.233733733733734184e+00 2.064207783790391826e+00 5.986382774213526936e+00
-4.222722722722722644e+00 2.109635598838334847e+00 5.986048996548752221e+00
-4.211711711711711992e+00 2.162898255771048994e+00 5.985653679965375673e+00
-4.200700700700700452e+00 2.226586830753744195e+00 5.985175333054689517e+00
-4.189689689689689800e+00 2.304678610176498665e+00 5.984580178286334373e+00
-4.178678678678679148e+00 2.403662237409495361e+00 5.983811318345368058e+00
-4.167667667667667608e+00 2.535025409017467979e+00 5.982763339178790218e+00
-4.156656656656656956e+00 2.721610108482053647e+00 5.981211700499839523e+00
-4.145645645645645416e+00 3.017778729331458187e+00 5.978556655180388368e+00
-4.134634634634634764e+00 3.602628705416840660e+00 5.972302413463374648e+00
-4.123623623623624113e+00 5.911050906313425557e+00 5.914057954981750242e+00
-4.112612612612612573e+00 1.410808074272802637e+00 4.000837900666594393e+00
-4.101601601601601921e+00 1.243810475504660173e+00 3.994148136544760863e+00
-4.090590590590590381e+00 1.217176839591102899e+00 3.993375402823049924e+00
-4.079579579579579729e+00 1.209549898674012969e+00 3.993137623469293018e+00
-4.068568568568569077e+00 1.207730766703457137e+00 3.993028531724552632e+00
-4.057557557557557537e+00 1.208403530415256943e+00 3.992964702964827417e+00
-4.046546546546546885e+00 1.210387422436033367e+00 3.992920414121845951e+00
-4.035535535535535345e+00 1.213169581283542131e+00 3.992885653598914342e+00
-4.024524524524524693e+00 1.216497018120644924e+00 3.992855872865268996e+00
-4.013513513513514042e+00 1.220233895643705546e+00 3.992828758868496308e+00
-4.002502502502502502e+00 1.224303208304100332e+00 3.992803026760402219e+00
-3.991491491491491406e+00 1.228660094749245202e+00 3.992777908035852086e+00
-3.980480480480480310e+00 1.233278527423294024e+00 3.992752911629256829e+00
-3.969469469469469658e+00 1.238144213363933321e+00 3.992727703533383465e+00
-3.958458458458458562e+00 1.243250603661441245e+00 3.992702042194390177e+00
-3.947447447447447466e+00 1.248596558408030299e+00 3.992675741925558963e+00
-3.936436436436436370e+00 1.254184941559771005e+00 3.992648651174126595e+00
-3.925425425425425274e+00 1.260021763741915768e+00 3.992620639026011720e+00
-3.914414414414414622e+00 1.266115662764469629e+00 3.992591586450028984e+00
-3.903403403403403527e+00 1.272477601984663531e+00 3.992561380346292932e+00
-3.892392392392392431e+00 1.279120716401241475e+00 3.992529909285926326e+00
-3.881381381381381335e+00 1.286060264859873792e+00 3.992497060277360177e+00
-3.870370370370370239e+00 1.293313663760950583e+00 3.992462716145625201e+00
-3.859359359359359587e+00 1.300900588309098493e+00 3.992426753255406080e+00
-3.848348348348348047e+00 1.308843134409381381e+00 3.992389039392931327e+00
-3.837337337337337395e+00 1.317166039332432703e+00 3.992349431670592086e+00
-3.826326326326326299e+00 1.325896963206088630e+00 3.992307774345158933e+00
-3.815315315315315203e+00 1.335066836826946268e+00 3.992263896452942884e+00
-3.804304304304304551e+00 1.344710284651757348e+00 3.992217609167487691e+00
-3.793293293293293011e+00 1.354866135469978916e+00 3.992168702779776535e+00
-3.782282282282282360e+00 1.365578037517849674e+00 3.992116943187102418e+00
-3.771271271271271264e+00 1.376895199985905816e+00 3.992062067753020749e+00
-3.760260260260260168e+00 1.388873289336082673e+00 3.992003780369855370e+00
-3.749249249249249516e+00 1.401575517552641648e+00 3.991941745519004492e+00
-3.738238238238237976e+00 1.415073970927865243e+00 3.991875581047156452e+00
-3.727227227227227324e+00 1.429451242356323482e+00 3.991804849307603931e+00
-3.716216216216216228e+00 1.444802452134049009e+00 3.991729046203353004e+00
-3.705205205205205132e+00 1.461237769056602298e+00 3.991647587492490157e+00
-3.694194194194194480e+00 1.478885585135397474e+00 3.991559791511940958e+00
-3.683183183183182940e+00 1.497896552095401734e+00 3.991464857148038892e+00
-3.672172172172172289e+00 1.518448770141864967e+00 3.991361835409208858e+00
-3.661161161161161193e+00 1.540754537976581684e+00 3.991249592287594794e+00
-3.650150150150150097e+00 1.565069250307111526e+00 3.991126759555770231e+00
-3.639139139139139445e+00 1.591703298849923121e+00 3.990991668569353390e+00
-3.628128128128127905e+00 1.621038252133134128e+00 3.990842259664027836e+00
-3.617117117117117253e+00 1.653549257513863280e+00 3.990675955738344438e+00
-3.606106106106106157e+00 1.689836703530167128e+00 3.990489481982329334e+00
-3.595095095095095061e+00 1.730672030745822543e+00 3.990278602321435386e+00
-3.584084084084084409e+00 1.777065816995869962e+00 3.990037722895356520e+00
-3.573073073073072869e+00 1.830372169967340978e+00 3.989759275175483122e+00
-3.562062062062062218e+00 1.892454748249368546e+00 3.989432717523283767e+00
-3.551051051051051122e+00 1.965962554301683651e+00 3.989042840456348049e+00
-3.540040040040040026e+00 2.054812956263232238e+00 3.988566717350717994e+00
-3.529029029029029374e+00 2.165095030024988265e+00 3.987967800763412285e+00
-3.518018018018017834e+00 2.306906762757241935e+00 3.987183351894858951e+00
-3.507007007007007182e+00 2.498531977554176553e+00 3.986093989093597578e+00
-3.495995995995996086e+00 2.777546846956475246e+00 3.984434799781330305e+00
-3.484984984984984990e+00 3.238389422333500800e+00 3.981445460336108244e+00
-3.473973973973973894e+00 4.229544443654327246e+00 3.973382252171592022e+00
-3.462962962962962798e+00 1.012245227852857887e+01 3.671813403634249795e+00
-3.451951951951952147e+00 7.435248686680000496e-01 2.000692885578505553e+00
-3.440940940940941051e+00 6.095780795643502836e-01 1.997409150879925654e+00
-3.429929929929929955e+00 5.822306786231303821e-01 1.996882412141402163e+00
-3.418918918918918859e+00 5.736624130075795858e-01 1.996694663873039177e+00
-3.407907907907907763e+00 5.714269010216331823e-01 1.996595513666749477e+00
-3.396896896896897111e+00 5.721179411456275288e-01 1.996527960784089561e+00
-3.385885885885886015e+00 5.744808124310267772e-01 1.996473369929366193e+00
-3.374874874874874919e+00 5.779720898674776119e-01 1.996424114177224984e+00
-3.363863863863863823e+00 5.823374142225397065e-01 1.996376499785581293e+00
-3.352852852852852727e+00 5.874593168165548329e-01 1.996328450861848847e+00
-3.341841841841842076e+00 5.932943837402276932e-01 1.996278614991025213e+00
-3.330830830830830980e+00 5.998450359596733117e-01 1.996225969057317862e+00
-3.319819819819819884e+00 6.071465528531998501e-01 1.996169622756473139e+00
-3.308808808808808788e+00 6.152616929651102406e-01 1.996108705999259714e+00
-3.297797797797797692e+00 6.242797085778301058e-01 1.996042291944186253e+00
-3.286786786786786596e+00 6.343184610418104441e-01 1.995969332219774683e+00
-3.275775775775775944e+00 6.455293107789407125e-01 1.995888590446966537e+00
-3.264764764764764848e+00 6.581050920694522244e-01 1.995798563032615158e+00
-3.253753753753753752e+00 6.722920810851571449e-01 1.995697375204185331e+00
-3.242742742742742657e+00 6.884076382855613963e-01 1.995582635768189839e+00
-3.231731731731731561e+00 7.068664102822608264e-01 1.995451224759703601e+00
-3.220720720720720909e+00 7.282200485245853283e-01 1.995298970366214508e+00
-3.209709709709709813e+00 7.532191881892059682e-01 1.995120135934598027e+00
-3.198698698698698717e+00 7.829139988510659398e-01 1.994906577502199907e+00
-3.187687687687687621e+00 8.188242723978769178e-01 1.994646246216466912e+00
-3.176676676676676525e+00 8.632455973641952607e-01 1.994320430411832490e+00
-3.165665665665665873e+00 9.198387069347966349e-01 1.993898120824338038e+00
-3.154654654654654777e+00 9.948769886348518554e-01 1.993323258474280379e+00
-3.143643643643643681e+00 1.100238193843241286e+00 1.992481096529517215e+00
-3.132632632632632586e+00 1.262009668868054879e+00 1.991086809933940049e+00
-3.121621621621621490e+00 1.553680555394342688e+00 1.988142749872321646e+00
-3.110610610610610838e+00 2.330317188075215373e+00 1.975489049482636927e+00
-3.099599599599599742e+00 6.161732851943138023e-01 5.050448257483979020e-02
-3.088588588588588646e+00 6.865571613085189040e-02 2.341038286492035537e-03
-3.077577577577577550e+00 3.133721141168669538e-02 7.244417695964855365e-04
-3.066566566566566454e+00 1.983582091293653593e-02 3.479380519808956095e-04
-3.055555555555555358e+00 1.456179467771578050e-02 2.045369831029270090e-04
-3.044544544544544706e+00 1.162390599904415678e-02 1.351817277689879829e-04
-3.033533533533533610e+00 9.784526886250881697e-03 9.647836551604391199e-05
-3.022522522522522515e+00 8.539243345128713983e-03 7.270892211805659049e-05
-3.011511511511511419e+00 7.647623023706533359e-03 5.707241809405777262e-05
-3.000500500500500323e+00 6.981853552672624350e-03 4.623969980863828653e-05
-2.989489489489489671e+00 6.468286364917919841e-03 3.842588234196708059e-05
-2.978478478478478575e+00 6.061759844496658264e-03 3.260453266501694102e-05
-2.967467467467467479e+00 5.733174730322841868e-03 2.815153295454375667e-05
-2.956456456456456383e+00 5.463008470938764648e-03 2.466974357284187661e-05
-2.945445445445445287e+00 5.237716199483575391e-03 2.189672474752545013e-05
-2.934434434434434635e+00 5.047630211992821733e-03 1.965342662609792672e-05
-2.923423423423423539e+00 4.885680962570394803e-03 1.781431181862374674e-05
-2.912412412412412444e+00 4.746589637704298065e-03 1.628926037289070414e-05
-2.901401401401401348e+00 4.626342300833822564e-03 1.501223266987350680e-05
-2.890390390390390252e+00 4.521837987410188241e-03 1.393395329129672156e-05
-2.879379379379379600e+00 4.430647517690298846e-03 1.301706540374183932e-05
-2.868368368368368504e+00 4.350844663588470176e-03 1.223284668004555675e-05
-2.857357357357357408e+00 4.280885721062512549e-03 1.155893740977512584e-05
-2.846346346346346312e+00 4.219522156584143945e-03 1.097773971344510597e-05
-2.835335335335335216e+00 4.165736287306437066e-03 1.047527088805021186e-05
-2.824324324324324564e+00 4.118693284319227543e-03 1.004032982078058448e-05
-2.813313313313313468e+00 4.077704930618491694e-03 9.663882934077828833e-06
-2.802302302302302373e+00 4.042201971716744870e-03 9.338606522215268750e-06
-2.791291291291291277e+00 4.011712837271157531e-03 9.058542164530293260e-06
-2.780280280280280181e+00 3.985847151930609414e-03 8.818835065871594143e-06
-2.769269269269269085e+00 3.964282896001702916e-03 8.615534066647403846e-06
-2.758258258258258433e+00 3.946756387221885681e-03 8.445438167550309392e-06
-2.747247247247247337e+00 3.933054476511741587e-03 8.305978668782843823e-06
-2.736236236236236241e+00 3.923008511171141403e-03 8.195129037965537817e-06
-2.725225225225225145e+00 3.916489737440020068e-03 8.111336793579301620e-06
-2.714214214214214049e+00 3.913405903580220203e-03 8.053473289150706686e-06
-2.703203203203203397e+00 3.913698893633775662e-03 8.020798489097276924e-06
-2.692192192192192302e+00 3.917343277234847272e-03 8.012938768039774121e-06
-2.681181181181181206e+00 3.924345707099423375e-03 8.029876533966554675e-06
-2.670170170170170110e+00 3.934745136844224229e-03 8.071951142496623015e-06
-2.659159159159159014e+00 3.948613870773650357e-03 8.139871192906643195e-06
-2.648148148148148362e+00 3.966059497172508969e-03 8.234738929639106884e-06
-2.637137137137137266e+00 3.987227800505503336e-03 8.358088170071663792e-06
-2.626126126126126170e+00 4.012306799248217294e-03 8.511938002820314329e-06
-2.615115115115115074e+00 4.041532119208061415e-03 8.698865529248746948e-06
-2.604104104104103978e+00 4.075193992884549275e-03 8.922102259571172451e-06
-2.593093093093093326e+00 4.113646281585879930e-03 9.185660571964582703e-06
-2.582082082082082231e+00 4.157318059907396876e-03 9.494499112803632315e-06
-2.571071071071071135e+00 4.206728498113872922e-03 9.854739476215525321e-06
-2.560060060060060039e+00 4.262506051114125193e-03 1.027395143180075860e-05
-2.549049049049048943e+00 4.325413349459725221e-03 1.076153110943016683e-05
-2.538038038038037847e+00 4.396379743881903730e-03 1.132920705679355982e-05
-2.527027027027027195e+00 4.476544267223973687e-03 1.199172480527373985e-05
-2.516016016016016099e+00 4.567312984328718815e-03 1.276778451692204377e-05
-2.505005005005005003e+00 4.670436525363135839e-03 1.368134343171037549e-05
-2.493993993993993907e+00 4.788116412097456233e-03 1.476345367673306834e-05
-2.482982982982982811e+00 4.923153219107979581e-03 1.605490133231771399e-05
-2.471971971971972160e+00 5.079156758884814833e-03 1.761007098521500265e-05
-2.460960960960961064e+00 5.260850306847751276e-03 1.950273031292314003e-05
-2.449949949949949968e+00 5.474521029101770027e-03 2.183490513967391725e-05
-2.438938938938938872e+00 5.728704231147425247e-03 2.475088271715089844e-05
-2.427927927927927776e+00 6.035253788156684854e-03 2.846002485548999617e-05
-2.416916916916917124e+00 6.411074437114725605e-03 3.327533126243860449e-05
-2.405905905905906028e+00 6.881038258031696615e-03 3.968149757822977356e-05
-2.394894894894894932e+00 7.483129993976265701e-03 4.846131024731576212e-05
-2.383883883883883836e+00 8.278049734543647259e-03 6.094523470854819021e-05
-2.372872872872872740e+00 9.368414955802125202e-03 7.954284476076563042e-05
-2.361861861861862089e+00 1.094064447485623010e-02 1.089871584269962992e-04
-2.350850850850850993e+00 1.336728366865436515e-02 1.596336075944845259e-04
-2.339839839839839897e+00 1.749879241370620384e-02 2.578275914017473676e-04
-2.328828828828828801e+00 2.570837519618927175e-02 4.878213284547412059e-04
-2.317817817817817705e+00 4.735865386481319383e-02 1.250978041632104694e-03
-2.306806806806807053e+00 1.659523703177816500e-01 7.574351057057976400e-03
-2.295795795795795957e+00 3.762785768484928184e+00 1.935640057069002884e+00
-2.284784784784784861e+00 1.894928387544556836e+00 1.988645170695519937e+00
-2.273773773773773765e+00 1.455265767274739552e+00 1.992376055064135620e+00
-2.262762762762762669e+00 1.239529081102282326e+00 1.993771469732882107e+00
-2.251751751751751573e+00 1.107118455754712461e+00 1.994533543902198502e+00
-2.240740740740740922e+00 1.016153908660712091e+00 1.995024981072182069e+00
-2.229729729729729826e+00 9.492320876693209897e-01 1.995372647187722448e+00
-2.218718718718718730e+00 8.976720433255295228e-01 1.995633520678225192e+00
-2.207707707707707634e+00 8.566039467601141988e-01 1.995837405299708989e+00
-2.196696696696696538e+00 8.230609879715469201e-01 1.996001582045118239e+00
-2.185685685685685886e+00 7.951214458316394618e-01 1.996136840781451927e+00
-2.174674674674674790e+00 7.714800463873332514e-01 1.996250309079189877e+00
-2.163663663663663694e+00 7.512160391102978840e-01 1.996346905781871683e+00
-2.152652652652652598e+00 7.336595587999781287e-01 1.996430147655238629e+00
-2.141641641641641503e+00 7.183106057548896972e-01 1.996502623199358117e+00
-2.130630630630630851e+00 7.047878192086726168e-01 1.996566284697033122e+00
-2.119619619619619755e+00 6.927949250801203052e-01 1.996622635547427249e+00
-2.108608608608608659e+00 6.820980906690925494e-01 1.996672854564596644e+00
-2.097597597597597563e+00 6.725102424411958379e-01 1.996717880895271469e+00
-2.086586586586586467e+00 6.638799629350173870e-01 1.996758473543170709e+00
-2.075575575575575815e+00 6.560834796721422002e-01 1.996795254072724290e+00
-2.064564564564564719e+00 6.490187930412345541e-01 1.996828737918554753e+00
-2.053553553553553623e+00 6.426013185054977317e-01 1.996859357840283788e+00
-2.042542542542542527e+00 6.367606265892459261e-01 1.996887481904457529e+00
-2.031531531531531432e+00 6.314380003609296743e-01 1.996913427654346096e+00
-2.020520520520520336e+00 6.265846227783016253e-01 1.996937473684779363e+00
-2.009509509509509684e+00 6.221602732327569107e-01 1.996959869584284286e+00
-1.998498498498498588e+00 6.181324656005785512e-01 1.996980845099882496e+00
-1.987487487487487492e+00 6.144760089709665474e-01 1.997000619420193024e+00
-1.976476476476476396e+00 6.111730269233318635e-01 1.997019411697905644e+00
-1.965465465465465300e+00 6.082135457835623482e-01 1.997037454452077032e+00
-1.954454454454454648e+00 6.055968809334614233e-01 1.997055012550406072e+00
-1.943443443443443552e+00 6.033342599413094032e-01 1.997072412593747126e+00
-1.932432432432432456e+00 6.014535211927333203e-01 1.997090091920334709e+00
-1.921421421421421361e+00 6.000075436298228926e-01 1.997108685988790322e+00
-1.910410410410410265e+00 5.990898462663799551e-01 1.997129195006652980e+00
-1.899399399399399613e+00 5.988650057887185962e-01 1.997153326099301962e+00
-1.888388388388388517e+00 5.996324401066438492e-01 1.997184260699541580e+00
-1.877377377377377421e+00 6.019738221435655401e-01 1.997228577653040071e+00
-1.866366366366366325e+00 6.071418456321944213e-01 1.997301838593082968e+00
-1.855355355355355229e+00 6.182975833428229206e-01 1.997448587635566986e+00
-1.844344344344344577e+00 6.457925596751356023e-01 1.997841861603635749e+00
-1.833333333333333481e+00 7.464048012972500645e-01 1.999715916287535755e+00
-1.822322322322322385e+00 3.449778888895810969e+00 2.129587353143429507e+00
-1.811311311311311290e+00 5.410801778444918497e+00 3.963651034794862138e+00
-1.800300300300300194e+00 3.889561882045788010e+00 3.976854639813859560e+00
-1.789289289289289542e+00 3.271930193016454602e+00 3.981089711645638740e+00
-1.778278278278278446e+00 2.917855927530656146e+00 3.983360787293845018e+00
-1.767267267267267350e+00 2.682263041542949811e+00 3.984829978235582271e+00
-1.756256256256256254e+00 2.511698441277016247e+00 3.985878970854963566e+00
-1.745245245245245158e+00 2.381285681555007638e+00 3.986675242672133912e+00
-1.734234234234234062e+00 2.277685778935754968e+00 3.987305516963359331e+00
-1.723223223223223410e+00 2.193024742122482884e+00 3.987819846385508349e+00
-1.712212212212212314e+00 2.122318493316762034e+00 3.988249431581912141e+00
-1.701201201201201219e+00 2.062240115026317877e+00 3.988614877309609952e+00
-1.690190190190190123e+00 2.010474103097630305e+00 3.988930417521049598e+00
-1.679179179179179027e+00 1.965353679243939888e+00 3.989206248207991745e+00
-1.668168168168168375e+00 1.925645429992585367e+00 3.989449895507621857e+00
-1.657157157157157279e+00 1.890415501463512893e+00 3.989667058707993874e+00
-1.646146146146146183e+00 1.858943314594908136e+00 3.989862152013310403e+00
-1.635135135135135087e+00 1.830664214671569257e+00 3.990038666170896420e+00
-1.624124124124123991e+00 1.805130462882283515e+00 3.990199419088272137e+00
-1.613113113113113339e+00 1.781984337266564911e+00 3.990346737326450732e+00
-1.602102102102102243e+00 1.760939643150961409e+00 3.990482595961794221e+00
-1.591091091091091148e+00 1.741769535005384562e+00 3.990608737785704907e+00
-1.580080080080080052e+00 1.724299759578959312e+00 3.990726792655932442e+00
-1.569069069069068956e+00 1.708407689322333223e+00 3.990838426143953566e+00
-1.558058058058058304e+00 1.694029470710314067e+00 3.990945572233579153e+00
-1.547047047047047208e+00 1.681181746492337536e+00 3.991050875015982324e+00
-1.536036036036036112e+00 1.670015026172742445e+00 3.991158668517297059e+00
-1.525025025025025016e+00 1.660947629753566579e+00 3.991277495409236042e+00
-1.514014014014013920e+00 1.655042925657578712e+00 3.991427800214095267e+00
-1.503003003003002824e+00 1.655307901145714800e+00 3.991671763946961882e+00
-1.491991991991992172e+00 1.672972216877834484e+00 3.992283566124352312e+00
-1.480980980980980632e+00 1.789482912665054437e+00 3.995966026094643908e+00
-1.469969969969969981e+00 9.723723216227837085e+00 5.741296834702478868e+00
-1.458958958958959329e+00 4.758769534209768892e+00 5.974313658789442982e+00
-1.447947947947947789e+00 3.906070951094512189e+00 5.980423680401424136e+00
-1.436936936936937137e+00 3.503905449867342980e+00 5.982686523348114349e+00
-1.425925925925925597e+00 3.257689304408103226e+00 5.983957211073073879e+00
-1.414914914914914945e+00 3.086883133858592476e+00 5.984804375199466620e+00
-1.403903903903904293e+00 2.959288442548522191e+00 5.985424544866632779e+00
-1.392892892892892753e+00 2.859185179280291145e+00 5.985906021803709898e+00
-1.381881881881882101e+00 2.777866969615126802e+00 5.986295193830949657e+00
-1.370870870870870561e+00 2.710070408904984962e+00 5.986619113634955802e+00
-1.359859859859859910e+00 2.652400882522688352e+00 5.986894787042484900e+00
-1.348848848848849258e+00 2.602557146727504378e+00 5.987133527028541735e+00
-1.337837837837837718e+00 2.558916083778489448e+00 5.987343200678848731e+00
-1.326826826826827066e+00 2.520295299973812853e+00 5.987529477802056022e+00
-1.315815815815815526e+00 2.485810051171659207e+00 5.987696566801342435e+00
-1.304804804804804874e+00 2.454783188156856255e+00 5.987847669678235896e+00
-1.293793793793794222e+00 2.426686372019147608e+00 5.987985274849123130e+00
-1.282782782782782682e+00 2.401100496448341559e+00 5.988111352098830942e+00
-1.271771771771772030e+00 2.377688326172957556e+00 5.988227486254203313e+00
-1.260760760760760490e+00 2.356175145561004047e+00 5.988334971260991679e+00
-1.249749749749749839e+00 2.336334804193085368e+00 5.988434877991894112e+00
-1.238738738738739187e+00 2.317979490867952741e+00 5.988528104254776885e+00
-1.227727727727727647e+00 2.300952146641126461e+00 5.988615412563267348e+00
-1.216716716716716995e+00 2.285120794423182389e+00 5.988697459460707861e+00
-1.205705705705705455e+00 2.270374303942004790e+00 5.988774819115449510e+00
-1.194694694694694803e+00 2.256619277987114369e+00 5.988848003297840172e+00
-1.183683683683684151e+00 2.243777872001345930e+00 5.988917479604330296e+00
-1.172672672672672611e+00 2.231786469490025127e+00 5.988983689915406750e+00
-1.161661661661661959e+00 2.220595255735595686e+00 5.989047071694174385e+00
-1.150650650650650419e+00 2.210168898159136308e+00 5.989108086215127358e+00
-1.139639639639639768e+00 2.200488819282680364e+00 5.989167261019439081e+00
-1.128628628628628228e+00 2.191558078394051368e+00 5.989225260889065261e+00
-1.117617617617617576e+00 2.183410991985337724e+00 5.989283017641005458e+00
-1.106606606606606924e+00 2.176132174110395390e+00 5.989341988340804335e+00
-1.095595595595595384e+00 2.169896082706775697e+00 5.989404717160249803e+00
-1.084584584584584732e+00 2.165056100994609878e+00 5.989476194703673428e+00
-1.073573573573573192e+00 2.162370011621981725e+00 5.989567624973695992e+00
-1.062562562562562540e+00 2.163673990335841513e+00 5.989709009570216125e+00
-1.051551551551551889e+00 2.174475331947380408e+00 5.990004878486001161e+00
-1.040540540540540349e+00 2.219449544522844597e+00 5.991040688023179683e+00
-1.029529529529529697e+00 2.635639168512535324e+00 6.005507931422268797e+00
-1.018518518518518157e+00 7.217120665610847752e+00 7.953087377011169856e+00
-1.007507507507507505e+00 5.150962728293807302e+00 7.974966689399590081e+00
-9.964964964964968530e-01 4.483211778511623891e+00 7.978922594230206222e+00
-9.854854854854853130e-01 4.124731328345633941e+00 7.980771531423157761e+00
-9.744744744744746612e-01 3.893287507247481738e+00 7.981909465741262366e+00
-9.634634634634631212e-01 3.728876431009755521e+00 7.982712542270256506e+00
-9.524524524524524693e-01 3.605557262898093640e+00 7.983334078378877763e+00
-9.414414414414418175e-01 3.510708634547065721e+00 7.983859379486061059e+00
-9.304304304304302775e-01 3.438900174956233347e+00 7.984364520261679310e+00
-9.194194194194196257e-01 3.392192226782025699e+00 7.984995376660109834e+00
-9.084084084084080857e-01 3.395884536002056198e+00 7.986387877224919940e+00
-8.973973973973974338e-01 3.740988511687106222e+00 7.998118971916492015e+00
-8.863863863863867820e-01 1.335174082283617203e+01 1.085699953330176015e+01
-8.753753753753752420e-01 8.202687895191457912e+00 1.096052297810811815e+01
-8.643643643643645902e-01 6.947086954570678152e+00 1.096813296290969397e+01
-8.533533533533530502e-01 6.300511366637388200e+00 1.097140759919320274e+01
-8.423423423423423984e-01 5.885827577155207102e+00 1.097336914742335168e+01
-8.313313313313317465e-01 5.589001848596796052e+00 1.097472711097787013e+01
-8.203203203203202065e-01 5.361997846758865371e+00 1.097574663237663906e+01
-8.093093093093095547e-01 5.180546030726913997e+00 1.097655270513786618e+01
-7.982982982982980147e-01 5.030859478846227972e+00 1.097721324686706623e+01
-7.872872872872873629e-01 4.904432368122676245e+00 1.097776890037490638e+01
-7.762762762762767110e-01 4.795684385859951604e+00 1.097824575150847082e+01
-7.652652652652651710e-01 4.700775983032242422e+00 1.097866145851904207e+01
-7.542542542542545192e-01 4.616963067092341610e+00 1.097902848578245028e+01
-7.432432432432429792e-01 4.542222715191776672e+00 1.097935593384458386e+01
-7.322322322322323274e-01 4.475024748358565674e+00 1.097965063484279646e+01
-7.212212212212216755e-01 4.414186319775099676e+00 1.097991783905142071e+01
-7.102102102102101355e-01 4.358776011043095089e+00 1.098016166199931121e+01
-6.991991991991994837e-01 4.308048639381481415e+00 1.098038538527645258e+01
-6.881881881881879437e-01 4.261399770976608714e+00 1.098059166466784475e+01
-6.771771771771772919e-01 4.218333263699544311e+00 1.098078267767984961e+01
-6.661661661661666400e-01 4.178437644725993216e+00 1.098096023038078251e+01
-6.551551551551551000e-01 4.141368627775598554e+00 1.098112583623769112e+01
-6.441441441441444482e-01 4.106835984288605523e+00 1.098128077527435842e+01
-6.331331331331329082e-01 4.074593565574156528e+00 1.098142613915439902e+01
-6.221221221221222564e-01 4.044431656126278085e+00 1.098156286599154008e+01
-6.111111111111107164e-01 4.016171078916300985e+00 1.098169176758879040e+01
-6.001001001001000645e-01 3.989658659034982069e+00 1.098181355099829659e+01
-5.890890890890894127e-01 3.964763764688778558e+00 1.098192883577098122e+01
-5.780780780780778727e-01 3.941375738552274299e+00 1.098203816793483689e+01
-5.670670670670672209e-01 3.919402111094145713e+00 1.098214203143142065e+01
-5.560560560560556809e-01 3.898767536581146054e+00 1.098224085761903801e+01
-5.450450450450450290e-01 3.879413475890738816e+00 1.098233503330050453e+01
-5.340340340340343772e-01 3.861298709614584102e+00 1.098242490765467316e+01
-5.230230230230228372e-01 3.844400874391830758e+00 1.098251079845163858e+01
-5.120120120120121854e-01 3.828719365186875834e+00 1.098259299790348287e+01
-5.010010010010006454e-01 3.814280174120987521e+00 1.098267177860714305e+01
-4.899899899899899935e-01 3.801143634596717558e+00 1.098274740023474827e+01
-4.789789789789793417e-01 3.789416718793034544e+00 1.098282011797777180e+01
-4.679679679679678017e-01 3.779272761087515864e+00 1.098289019459493687e+01
-4.569569569569571499e-01 3.770983817594992349e+00 1.098295791954133627e+01
-4.459459459459456099e-01 3.764975482578317045e+00 1.098302364224281469e+01
-4.349349349349349581e-01 3.761923645473595368e+00 1.098308783495476604e+01
-4.239239239239243062e-01 3.762934301747033139e+00 1.098315122113909048e+01
-4.129129129129127662e-01 3.769899693685633491e+00 1.098321506113363100e+01
-4.019019019019021144e-01 3.786262785866166602e+00 1.098328185509011234e+01
-3.908908908908905744e-01 3.818838334750227492e+00 1.098335730679575306e+01
-3.798798798798799226e-01 3.882806547871812786e+00 1.098345682663618561e+01
-3.688688688688692707e-01 4.018491971573329380e+00 1.098363304339002688e+01
-3.578578578578577307e-01 4.369638769195972827e+00 1.098414897234586363e+01
-3.468468468468470789e-01 5.900638800774617998e+00 1.098798623888212589e+01
-3.358358358358355389e-01 1.015699834271224944e+02 1.393316191983987551e+01
-3.248248248248248871e-01 4.867760231654388292e+01 1.473980274971867743e+01
-3.138138138138142352e-01 3.959053296745064188e+01 1.315530266436312345e+01
-3.028028028028026952e-01 1.202913282499583936e+01 1.294667229505742156e+01
-2.917917917917920434e-01 1.026978568462121189e+01 1.295165491159827553e+01
-2.807807807807805034e-01 9.339325715602617706e+00 1.295546230252118214e+01
-2.697697697697698516e-01 8.712514403066249358e+00 1.295828931519832139e+01
-2.587587587587591997e-01 8.248581219712461277e+00 1.296047226566294164e+01
-2.477477477477476597e-01 7.886434845289107542e+00 1.296221619218425047e+01
-2.367367367367370079e-01 7.593541386741275545e+00 1.296364724628946874e+01
-2.257257257257254679e-01 7.350473612228355158e+00 1.296484678296079451e+01
-2.147147147147148161e-01 7.144730533247034998e+00 1.296586964828408739e+01
-2.037037037037041642e-01 6.967825229234455797e+00 1.296675423762011903e+01
-1.926926926926926242e-01 6.813755931316173964e+00 1.296752829328543655e+01
-1.816816816816819724e-01 6.678138616144482675e+00 1.296821240202919334e+01
-1.706706706706704324e-01 6.557685049899053098e+00 1.296882219167414263e+01
-1.596596596596597806e-01 6.449873722835205214e+00 1.296936975994458230e+01
-1.486486486486491287e-01 6.352734351792937773e+00 1.296986463257914224e+01
-1.376376376376375887e-01 6.264702203956808546e+00 1.297031442309387295e+01
-1.266266266266269369e-01 6.184516927500957273e+00 1.297072529786661477e+01
-1.156156156156153969e-01 6.111150638380574485e+00 1.297110231085041576e+01
-1.046046046046047451e-01 6.043755762628074457e+00 1.297144964900599184e+01
-9.359359359359320507e-02 5.981626527964221118e+00 1.297177081535887133e+01
-8.258258258258255324e-02 5.924170098882719948e+00 1.297206876771539363e+01
-7.157157157157190142e-02 5.870884645724454565e+00 1.297234602541880477e+01
-6.056056056056036141e-02 5.821342528020698737e+00 1.297260475271487934e+01
-4.954954954954970958e-02 5.775177314650918881e+00 1.297284682498530728e+01
-3.853853853853816958e-02 5.732073813119755279e+00 1.297307388219715385e+01
-2.752752752752751775e-02 5.691760640945989991e+00 1.297328737247918617e+01
-1.651651651651686592e-02 5.654005245661238632e+00 1.297348858700284602e+01
-5.505505505505325914e-03 5.618612051372153360e+00 1.297367868240450051e+01
5.505505505505325914e-03 5.585426070663524811e+00 1.297385867142870097e+01
1.651651651651686592e-02 5.554349654425330129e+00 1.297402929503458147e+01
2.752752752752751775e-02 5.525399741125377240e+00 1.297419034940823757e+01
3.853853853853816958e-02 5.498928199570955577e+00 1.297433675604425929e+01
4.954954954954970958e-02 5.476802628495520686e+00 1.297442388003897484e+01
6.056056056056036141e-02 5.475603240380136683e+00 1.297346714224512709e+01
7.157157157157190142e-02 4.461002557430270521e+00 1.148654605729923617e+01
8.258258258258255324e-02 5.424606207526778689e+00 1.297429177279673063e+01
9.359359359359320507e-02 5.383971530938475247e+00 1.297478729336689973e+01
1.046046046046047451e-01 5.360258470133141273e+00 1.297495344944942097e+01
1.156156156156153969e-01 5.340030685298084556e+00 1.297508230756204561e+01
1.266266266266269369e-01 5.321514345351451958e+00 1.297519558505914183e+01
1.376376376376375887e-01 5.304226712785059306e+00 1.297529914368566750e+01
1.486486486486482406e-01 5.287970621238883950e+00 1.297539544786073407e+01
1.596596596596597806e-01 5.272638897694151616e+00 1.297548579686958803e+01
1.706706706706704324e-01 5.258160361927250115e+00 1.297557098427156674e+01
1.816816816816819724e-01 5.244481180061304038e+00 1.297565154885454675e+01
1.926926926926926242e-01 5.231557290754621725e+00 1.297572788632156104e+01
2.037037037037032761e-01 5.219350904192523899e+00 1.297580030478679269e+01
2.147147147147148161e-01 5.207828695083656534e+00 1.297586905477807839e+01
2.257257257257254679e-01 5.196960774121039961e+00 1.297593434659881417e+01
2.367367367367370079e-01 5.186720049081821493e+00 1.297599636095697129e+01
2.477477477477476597e-01 5.177081796689227744e+00 1.297605525577537477e+01
2.587587587587583116e-01 5.168023357585044941e+00 1.297611117069090092e+01
2.697697697697698516e-01 5.159523909953183107e+00 1.297616423001626629e+01
2.807807807807805034e-01 5.151564301087870668e+00 1.297621454445350508e+01
2.917917917917920434e-01 5.144126935622500341e+00 1.297626221127194235e+01
3.028028028028026952e-01 5.137195754107493073e+00 1.297630731119626368e+01
3.138138138138133471e-01 5.130756456412516542e+00 1.297634989415268336e+01
3.248248248248248871e-01 5.124797750141757646e+00 1.297638990863408459e+01
3.358358358358355389e-01 5.119319605055857814e+00 1.297642661549060961e+01
3.468468468468470789e-01 5.114473404005944523e+00 1.297643531979251463e+01
3.578578578578577307e-01 5.110383125922485448e+00 1.297628364300852155e+01
3.688688688688683825e-01 5.105497617468996552e+00 1.297652699187501923e+01
3.798798798798799226e-01 5.101697854558532974e+00 1.297655819476518069e+01
3.908908908908905744e-01 5.098341018497693611e+00 1.297658592584337356e+01
4.019019019019021144e-01 5.095395182718626792e+00 1.297661145978253749e+01
4.129129129129127662e-01 5.092849142241664850e+00 1.297663498700384999e+01
4.239239239239243062e-01 5.090695333071533213e+00 1.297665658128114785e+01
4.349349349349349581e-01 5.088927576404875808e+00 1.297667628819766072e+01
4.459459459459456099e-01 5.087540559498317627e+00 1.297669414236151830e+01
4.569569569569571499e-01 5.086529667252746023e+00 1.297671017228829271e+01
4.679679679679678017e-01 5.085890911210123377e+00 1.297672440216141432e+01
4.789789789789793417e-01 5.085620892757129141e+00 1.297673685258549270e+01
4.899899899899899935e-01 5.085716781424109101e+00 1.297674754094569849e+01
5.010010010010006454e-01 5.086176301726355042e+00 1.297675648157699335e+01
5.120120120120121854e-01 5.086997726596325542e+00 1.297676368580676076e+01
5.230230230230228372e-01 5.088179877948108221e+00 1.297676916186129503e+01
5.340340340340343772e-01 5.089722137810449354e+00 1.297677291454435533e+01
5.450450450450450290e-01 5.091624479666212011e+00 1.297677494440995360e+01
5.560560560560556809e-01 5.093887547074187339e+00 1.297677524557818174e+01
5.670670670670672209e-01 5.096512865268754133e+00 1.297677379918716412e+01
5.780780780780778727e-01 5.099503512329027544e+00 1.297677054913540218e+01
5.890890890890894127e-01 5.102866893398064541e+00 1.297676527590284934e+01
6.001001001001000645e-01 5.106632840314608401e+00 1.297675636454929737e+01
6.111111111111107164e-01 5.111209949758551474e+00 1.297666481036063679e+01
6.221221221221222564e-01 5.116058971559088953e+00 1.297658703149460457e+01
6.331331331331329082e-01 5.120031050602438683e+00 1.297672727366561851e+01
6.441441441441444482e-01 5.125187247528337764e+00 1.297671517675368413e+01
6.551551551551551000e-01 5.130778131248790785e+00 1.297669999889562042e+01
6.661661661661657519e-01 5.136773465895712931e+00 1.297668280084206316e+01
6.771771771771772919e-01 5.143173528509374037e+00 1.297666367451443215e+01
6.881881881881879437e-01 5.149984040985051692e+00 1.297664261638757921e+01
6.991991991991994837e-01 5.157212719994945793e+00 1.297661959975119217e+01
7.102102102102101355e-01 5.164868524047686371e+00 1.297659458773067698e+01
7.212212212212207874e-01 5.172961463442991459e+00 1.297656753646027283e+01
7.322322322322323274e-01 5.181502573705914827e+00 1.297653839553562705e+01
7.432432432432429792e-01 5.190503942810871685e+00 1.297650710700196441e+01
7.542542542542545192e-01 5.199978775686767030e+00 1.297647360193319699e+01
7.652652652652651710e-01 5.209941472588979217e+00 1.297643778987522190e+01
7.762762762762758229e-01 5.220407727020554667e+00 1.297639951649261114e+01
7.872872872872873629e-01 5.231394636406624166e+00 1.297635829489497716e+01
7.982982982982980147e-01 5.242920611894231087e+00 1.297630819676453129e+01
8.093093093093095547e-01 5.255008425824644114e+00 1.297625126685784736e+01
8.203203203203202065e-01 5.267674941687084278e+00 1.297622111177918214e+01
8.313313313313308583e-01 5.280949628810789775e+00 1.297617109790056134e+01
8.423423423423423984e-01 5.294858244652780321e+00 1.297611727889948874e+01
8.533533533533530502e-01 5.309431324831045629e+00 1.297606008856457649e+01
8.643643643643645902e-01 5.324703764859436639e+00 1.297599934407885769e+01
8.753753753753752420e-01 5.340716798621080841e+00 1.297593457376044768e+01
8.863863863863858938e-01 5.357522620607229946e+00 1.297586452259632850e+01
8.973973973973974338e-01 5.375209030545753386e+00 1.297577274834175043e+01
9.084084084084080857e-01 5.393864014636320370e+00 1.297569782095864355e+01
9.194194194194196257e-01 5.413687280621613418e+00 1.297559530799614613e+01
9.304304304304302775e-01 5.432853768281118434e+00 1.296595163781117854e+01
9.414414414414418175e-01 5.462597026340149320e+00 1.297468503013621444e+01
9.524524524524524693e-01 5.577458389205581568e+00 1.289997388557659974e+01
9.634634634634631212e-01 5.550636226549906738e+00 1.297231633618823921e+01
9.744744744744746612e-01 5.530261276931067727e+00 1.297503730053150051e+01
9.854854854854853130e-01 5.551595664877507552e+00 1.297498087500367703e+01
9.964964964964968530e-01 5.577442527333205113e+00 1.297488928109894957e+01
1.007507507507507505e+00 5.605503847914914850e+00 1.297478081486933910e+01
1.018518518518518157e+00 5.635417646155417515e+00 1.297465988862569120e+01
1.029529529529529697e+00 5.667168524248351602e+00 1.297452810864288786e+01
1.040540540540540349e+00 5.700847230508371943e+00 1.297438590449586826e+01
1.051551551551551889e+00 5.736595036018781180e+00 1.297423310813968200e+01
1.062562562562562540e+00 5.774588835567705303e+00 1.297406918930261099e+01
1.073573573573573192e+00 5.815038471234423412e+00 1.297389335271781796e+01
1.084584584584584732e+00 5.858188956125704117e+00 1.297370457233846963e+01
1.095595595595595384e+00 5.904325482136654202e+00 1.297350159224862587e+01
1.106606606606606924e+00 5.953780708677217426e+00 1.297328290615745239e+01
1.117617617617617576e+00 6.006944481141523795e+00 1.297304671947523680e+01
1.128628628628628228e+00 6.064276516661420757e+00 1.297279089380468342e+01
1.139639639639639768e+00 6.126322954741747040e+00 1.297251287078593940e+01
1.150650650650650419e+00 6.193738117656693021e+00 1.297220956944078907e+01
1.161661661661661959e+00 6.267313461458624779e+00 1.297187724769093897e+01
1.172672672672672611e+00 6.348016658585278194e+00 1.297151131375618505e+01
1.183683683683683263e+00 6.437045256408340244e+00 1.297110606548680423e+01
1.194694694694694803e+00 6.535901782126176229e+00 1.297065432335684143e+01
1.205705705705705455e+00 6.646501202003509690e+00 1.297014690223867639e+01
1.216716716716716995e+00 6.771328594129037981e+00 1.296957183133207536e+01
1.227727727727727647e+00 6.913677329077080991e+00 1.296891316704795649e+01
1.238738738738738299e+00 7.078021305138828545e+00 1.296814912146287213e+01
1.249749749749749839e+00 7.270620574242143697e+00 1.296724898486997546e+01
1.260760760760760490e+00 7.500555589345687224e+00 1.296616780068533359e+01
1.271771771771772030e+00 7.781601677187967248e+00 1.296483655093674869e+01
1.282782782782782682e+00 8.135890867998393006e+00 1.296314255528478476e+01
1.293793793793793334e+00 8.601800287089682584e+00 1.296088594718745313e+01
1.304804804804804874e+00 9.253377233141781844e+00 1.295766766715898832e+01
1.315815815815815526e+00 1.025855915380006067e+01 1.295252935325126664e+01
1.326826826826827066e+00 1.212115445846214890e+01 1.294224529096482712e+01
1.337837837837837718e+00 1.777016479537173765e+01 1.289928918722632645e+01
1.348848848848848370e+00 5.123854310473137552e+00 1.099876182713833472e+01
1.359859859859859910e+00 3.871152507971104217e+00 1.098572177763805335e+01
1.370870870870870561e+00 3.721724733054221801e+00 1.098489968480719448e+01
1.381881881881882101e+00 3.673249294342479043e+00 1.098469254253389771e+01
1.392892892892892753e+00 3.652228565491865364e+00 1.098460828682943990e+01
1.403903903903903405e+00 3.642113095190912642e+00 1.098456284277034989e+01
1.414914914914914945e+00 3.637314232754432997e+00 1.098453286346702384e+01
1.425925925925925597e+00 3.635475588741106989e+00 1.098450949699298995e+01
1.436936936936937137e+00 3.635481559355179471e+00 1.098448417738091010e+01
1.447947947947947789e+00 3.637588810271406459e+00 1.097372105038760992e+01
1.458958958958959329e+00 3.638586560866529762e+00 1.098444390075525412e+01
1.469969969969969981e+00 3.641022969845115753e+00 1.098444370687923488e+01
1.480980980980980632e+00 3.643978282895829146e+00 1.098443093542715943e+01
1.491991991991992172e+00 3.647288692922502129e+00 1.098441727013492475e+01
1.503003003003002824e+00 3.650878702622597061e+00 1.098440340618047983e+01
1.514014014014014364e+00 3.654697964143998945e+00 1.098438943012674329e+01
1.525025025025025016e+00 3.658710436833839452e+00 1.098437533882344574e+01
1.536036036036035668e+00 3.662889520043461022e+00 1.098436111359347045e+01
1.547047047047047208e+00 3.667215185610858796e+00 1.098434673519907179e+01
1.558058058058057860e+00 3.671672124348266841e+00 1.098433218692496283e+01
1.569069069069069400e+00 3.676248492742199225e+00 1.098431745482795208e+01
1.580080080080080052e+00 3.680935040444979656e+00 1.098430252732438461e+01
1.591091091091090703e+00 3.685724489248819236e+00 1.098428739469016868e+01
1.602102102102102243e+00 3.690611082832992107e+00 1.098427204862254136e+01
1.613113113113112895e+00 3.695590255170727367e+00 1.098425648188737291e+01
1.624124124124124435e+00 3.700658382855196216e+00 1.098424068804311737e+01
1.635135135135135087e+00 3.705812597955857601e+00 1.098422466122435992e+01
1.646146146146145739e+00 3.711050645070479437e+00 1.098420839596756871e+01
1.657157157157157279e+00 3.716370771347788260e+00 1.098419188706184357e+01
1.668168168168167931e+00 3.721771641561272048e+00 1.098417512940585006e+01
1.679179179179179471e+00 3.727252272937728428e+00 1.098415811784309248e+01
1.690190190190190123e+00 3.732811986684591243e+00 1.098414084692432802e+01
1.701201201201200774e+00 3.738450375959454064e+00 1.098412331048134405e+01
1.712212212212212314e+00 3.744167295237041504e+00 1.098410550070869895e+01
1.723223223223222966e+00 3.749962889799530519e+00 1.098408740583089305e+01
1.734234234234234506e+00 3.755837730290294108e+00 1.098406900299874778e+01
1.745245245245245158e+00 3.761793312811230194e+00 1.098405023077387277e+01
1.756256256256255810e+00 3.767834313604001562e+00 1.098403083437206007e+01
1.767267267267267350e+00 3.773984996037216710e+00 1.098400859062929236e+01
1.778278278278278002e+00 3.780746238879465260e+00 1.098374849755177074e+01
1.789289289289289542e+00 3.786738829409697527e+00 1.098393174249294013e+01
1.800300300300300194e+00 3.792784514721968758e+00 1.098395203904661344e+01
1.811311311311310845e+00 3.799186853046076617e+00 1.098393248046479798e+01
1.822322322322322385e+00 3.805695116593799110e+00 1.098391194775174817e+01
1.833333333333333037e+00 3.812293157697721924e+00 1.098389099455549278e+01
1.844344344344344577e+00 3.818978673632380971e+00 1.098386968432257405e+01
1.855355355355355229e+00 3.825751843211631975e+00 1.098384802803129467e+01
1.866366366366365881e+00 3.832613583843743843e+00 1.098382602434160482e+01
1.877377377377377421e+00 3.839565138491296548e+00 1.098380366681131548e+01
1.888388388388388073e+00 3.846607960329853970e+00 1.098378094491655155e+01
1.899399399399399613e+00 3.853743699905987530e+00 1.098375784206467287e+01
1.910410410410410265e+00 3.860974278827259187e+00 1.098373432818378070e+01
1.921421421421420916e+00 3.868302198280847648e+00 1.098371033227710036e+01
1.932432432432432456e+00 3.875732123382136241e+00 1.098368559475170869e+01
1.943443443443443108e+00 3.883287553147617643e+00 1.098365761699182919e+01
1.954454454454454648e+00 3.886663735609521719e+00 1.096349164850969693e+01
1.965465465465465300e+00 3.898647819829212047e+00 1.098360346819397293e+01
1.976476476476476840e+00 3.906467407431073013e+00 1.098358307221586827e+01
1.987487487487487492e+00 3.914445744828246365e+00 1.098355336624902812e+01
1.998498498498498144e+00 3.922784503831902470e+00 1.097901465107433872e+01
2.009509509509509684e+00 3.930751395201629972e+00 1.098349469562209002e+01
2.020520520520520336e+00 3.939006223147051955e+00 1.098347389910086669e+01
2.031531531531531876e+00 3.947465086609271978e+00 1.098344459265308259e+01
2.042542542542542527e+00 3.956097081306968910e+00 1.098341252170138205e+01
2.053553553553553179e+00 3.964936527553604151e+00 1.098337633586336359e+01
2.064564564564564719e+00 3.974065126138336623e+00 1.098333164702922282e+01
2.075575575575575371e+00 3.983687838667656855e+00 1.098326489418388263e+01
2.086586586586586911e+00 3.994451424870754774e+00 1.098312054755463230e+01
2.097597597597597563e+00 4.009430827553887688e+00 1.098250056423080423e+01
2.108608608608608215e+00 4.069158024100008042e+00 1.096558920007038118e+01
2.119619619619619755e+00 4.257386266075621428e+00 1.065786685379841714e+01
2.130630630630630407e+00 4.043826819685384599e+00 1.098294980732923065e+01
2.141641641641641947e+00 4.042619725061677549e+00 1.098303091149839616e+01
2.152652652652652598e+00 4.049840074966060577e+00 1.098302880740359377e+01
2.163663663663663250e+00 4.058808151314443613e+00 1.098301275739384764e+01
2.174674674674674790e+00 4.068448240806733729e+00 1.098298936080228572e+01
2.185685685685685442e+00 4.078465261171689171e+00 1.098296150584995345e+01
2.196696696696696982e+00 4.088753995164994492e+00 1.098293067492047115e+01
2.207707707707707634e+00 4.099271245859646307e+00 1.098289767803360917e+01
2.218718718718718286e+00 4.109998321851199954e+00 1.098286298065489497e+01
2.229729729729729826e+00 4.120927643645025285e+00 1.098282686084161064e+01
2.240740740740740478e+00 4.132057252132339542e+00 1.098278948897459095e+01
2.251751751751752018e+00 4.143388313274457779e+00 1.098275097042278148e+01
2.262762762762762669e+00 4.154923891981617601e+00 1.098271136949468740e+01
2.273773773773773321e+00 4.166668312851387057e+00 1.098267072346228268e+01
2.284784784784784861e+00 4.178626812447522987e+00 1.098262905107624121e+01
2.295795795795795513e+00 4.190805345492988110e+00 1.098258635789811066e+01
2.306806806806807053e+00 4.203210476799188022e+00 1.098254263972550682e+01
2.317817817817817705e+00 4.215849323391680059e+00 1.098249788483667366e+01
2.328828828828828357e+00 4.228729527504561325e+00 1.098245207548141877e+01
2.339839839839839897e+00 4.241859249561457545e+00 1.098240518887742745e+01
2.350850850850850549e+00 4.255247174858415526e+00 1.098235719787244946e+01
2.361861861861862089e+00 4.268902530253513739e+00 1.098230807137481335e+01
2.372872872872872740e+00 4.282835108701140925e+00 1.098225777461779629e+01
2.383883883883883392e+00 4.297055300377419229e+00 1.098220626930136845e+01
2.394894894894894932e+00 4.311574129760415097e+00 1.098215351363917058e+01
2.405905905905905584e+00 4.326403298386913399e+00 1.098209946232892342e+01
2.416916916916917124e+00 4.341555233305765427e+00 1.098204406645691300e+01
2.427927927927927776e+00 4.357043141455322122e+00 1.098198727334101399e+01
2.438938938938938428e+00 4.372881070367688139e+00 1.098192902631091528e+01
2.449949949949949968e+00 4.389083975784412672e+00 1.098186926441594657e+01
2.460960960960960620e+00 4.405667796936250546e+00 1.098180792203785394e+01
2.471971971971972160e+00 4.422649540548629687e+00 1.098174492835999239e+01
2.482982982982982811e+00 4.440047374999643637e+00 1.098168020658635413e+01
2.493993993993994351e+00 4.457880736973387492e+00 1.098161367266087041e+01
2.505005005005005003e+00 4.476170455095461520e+00 1.098154523284350326e+01
2.516016016016015655e+00 4.494938901679007337e+00 1.098147477825941642e+01
2.527027027027026307e+00 4.514210208646449729e+00 1.098140216990590190e+01
2.538038038038038735e+00 4.534010706496467868e+00 1.098132718550677289e+01
2.549049049049049387e+00 4.554370650975255508e+00 1.098124924285715309e+01
2.560060060060060039e+00 4.575343366398548106e+00 1.098116391407980608e+01
2.571071071071070691e+00 4.596789256245735977e+00 1.097583743508088006e+01
2.582082082082081342e+00 4.619097430453491526e+00 1.098099488296494819e+01
2.593093093093093771e+00 4.641982610641808726e+00 1.098091539957649410e+01
2.604104104104104422e+00 4.665613968910983900e+00 1.098082622238087325e+01
2.615115115115115074e+00 4.690024861240533305e+00 1.098073294251798515e+01
2.626126126126125726e+00 4.715262587561191765e+00 1.098063599259545065e+01
2.637137137137136378e+00 4.741380258045096774e+00 1.098053529866192335e+01
2.648148148148148806e+00 4.768436416563343272e+00 1.098043066505653265e+01
2.659159159159159458e+00 4.796495505989716968e+00 1.098032184203649031e+01
2.670170170170170110e+00 4.825628576726200158e+00 1.098020854117126888e+01
2.681181181181180762e+00 4.855914157414640719e+00 1.098009043775382487e+01
2.692192192192191413e+00 4.887439289217511806e+00 1.097996716875142909e+01
2.703203203203203842e+00 4.920300748667929547e+00 1.097983832856341735e+01
2.714214214214214493e+00 4.954606497283142730e+00 1.097970346317455714e+01
2.725225225225225145e+00 4.990477409467796832e+00 1.097956206267642187e+01
2.736236236236235797e+00 5.028049348639609839e+00 1.097941355168939559e+01
2.747247247247246449e+00 5.067475693372786694e+00 1.097925727639218252e+01
2.758258258258258877e+00 5.108930489700748367e+00 1.097909248398775262e+01
2.769269269269269529e+00 5.152612663912413460e+00 1.097891827577584678e+01
2.780280280280280181e+00 5.198753166052862085e+00 1.097873339788681157e+01
2.791291291291290833e+00 5.247642239616948423e+00 1.097853359508821924e+01
2.802302302302301484e+00 5.300560379735155259e+00 1.097721542083198720e+01
2.813313313313313913e+00 5.354850417860181899e+00 1.097808784473752475e+01
2.824324324324324564e+00 5.413663753366376064e+00 1.097786815180042019e+01
2.835335335335335216e+00 5.476888152679388888e+00 1.097761211396031200e+01
2.846346346346345868e+00 5.544970983396555475e+00 1.097733389521272862e+01
2.857357357357356520e+00 5.618634139765100954e+00 1.097701577397459083e+01
2.868368368368368948e+00 5.695390679846150661e+00 1.095799585927947994e+01
2.879379379379379600e+00 5.786011260757154773e+00 1.097634193249026602e+01
2.890390390390390252e+00 5.882093202422646883e+00 1.097595336790737264e+01
2.901401401401400904e+00 5.988548081937442369e+00 1.097551464650095632e+01
2.912412412412411555e+00 6.107453102040759418e+00 1.097502191822019313e+01
2.923423423423423984e+00 6.241558649304802309e+00 1.097446366314913035e+01
2.934434434434434635e+00 6.394555827412204962e+00 1.097382376686659811e+01
2.945445445445445287e+00 6.571530251079662044e+00 1.097307973853910212e+01
2.956456456456455939e+00 6.779720432421223464e+00 1.097219922994177743e+01
2.967467467467466591e+00 7.029850888633096595e+00 1.097113373093278099e+01
2.978478478478479019e+00 7.338636294806120119e+00 1.096980644689638318e+01
2.989489489489489671e+00 7.733904669954266176e+00 1.096808676553061801e+01
3.000500500500500323e+00 8.266343370244779720e+00 1.096572929625204473e+01
3.011511511511510975e+00 9.041131339373071896e+00 1.096219936167077336e+01
3.022522522522521626e+00 1.032725967694091018e+01 1.095600400402460828e+01
3.033533533533534055e+00 1.315836073507610848e+01 1.094007765048598557e+01
3.044544544544544706e+00 2.853207475115241110e+01 1.013652652755439121e+01
3.055555555555555358e+00 3.725590132355822703e+00 8.990234886342246767e+00
3.066566566566566010e+00 3.412098273789894609e+00 8.987766308229168999e+00
3.077577577577576662e+00 3.342474558486933311e+00 8.987237205004293017e+00
3.088588588588589090e+00 3.324669310161274538e+00 8.986588747482390005e+00
3.099599599599599742e+00 3.358242016959837706e+00 8.980486692157166217e+00
3.110610610610610394e+00 2.741345101578509080e+00 7.082993508424408446e+00
3.121621621621621046e+00 3.412506845009230183e+00 8.980276753281223989e+00
3.132632632632631697e+00 3.317918019447634759e+00 8.986871964436362603e+00
3.143643643643644126e+00 3.308822956895961287e+00 8.986957730958966550e+00
3.154654654654654777e+00 3.309268829969911341e+00 8.986963208367351186e+00
3.165665665665665429e+00 3.312630700757177138e+00 8.986955690038975320e+00
3.176676676676676081e+00 3.317331913992155101e+00 8.986942643236277561e+00
3.187687687687686733e+00 3.322803914466886610e+00 8.986926447307117982e+00
3.198698698698699161e+00 3.328785866354753598e+00 8.986908227428155982e+00
3.209709709709709813e+00 3.335138088739756590e+00 8.986888600714310726e+00
3.220720720720720465e+00 3.341777560132334290e+00 8.986867932855563623e+00
3.231731731731731116e+00 3.348651225299615231e+00 8.986846452168158805e+00
3.242742742742743545e+00 3.355723386163131927e+00 8.986824306934558138e+00
3.253753753753754197e+00 3.362969116615701637e+00 8.986801596443717344e+00
3.264764764764764848e+00 3.370370544989657713e+00 8.986778388694206754e+00
3.275775775775775500e+00 3.377914622823804169e+00 8.986754730884030096e+00
3.286786786786786152e+00 3.385591718799218164e+00 8.986730655764247899e+00
3.297797797797798580e+00 3.393394697429668039e+00 8.986706185438004368e+00
3.308808808808809232e+00 3.401318296398742280e+00 8.986681333342788847e+00
3.319819819819819884e+00 3.409358695834347142e+00 8.986656104493166097e+00
3.330830830830830536e+00 3.417513216503983209e+00 8.986630493080737025e+00
3.341841841841841187e+00 3.425780110914116161e+00 8.986604473925858372e+00
3.352852852852853616e+00 3.434158435806038412e+00 8.986577974555881809e+00
3.363863863863864268e+00 3.442648052107163625e+00 8.986550765992145529e+00
3.374874874874874919e+00 3.451250154764271549e+00 8.986521838035676168e+00
3.385885885885885571e+00 3.459974215456425028e+00 8.986480892811323784e+00
3.396896896896896223e+00 3.468917906618714575e+00 8.983761671267407323e+00
3.407907907907908651e+00 3.477734101893424246e+00 8.986433103724110083e+00
3.418918918918919303e+00 3.486782269347557417e+00 8.986411470624126707e+00
3.429929929929929955e+00 3.495957742005744162e+00 8.986383887625374101e+00
3.440940940940940607e+00 3.505261079708071659e+00 8.986354358928217323e+00
3.451951951951951258e+00 3.514711937131184794e+00 8.986320292930892961e+00
3.462962962962963687e+00 3.524444467575081674e+00 8.985350346891157969e+00
3.473973973973974338e+00 3.534509979239043087e+00 8.986075170489337793e+00
3.484984984984984990e+00 3.543779578285007670e+00 8.986232655744174735e+00
3.495995995995995642e+00 3.553711911187428907e+00 8.986205084565701995e+00
3.507007007007006294e+00 3.563826696735231447e+00 8.986174552466859922e+00
3.518018018018018722e+00 3.574111455412006588e+00 8.986143062604030618e+00
3.529029029029029374e+00 3.584573937948876576e+00 8.986110882670651279e+00
3.540040040040040026e+00 3.595227561047413367e+00 8.986078039885219582e+00
3.551051051051050678e+00 3.606090373513294978e+00 8.986044480256245137e+00
3.562062062062061329e+00 3.617186188978214645e+00 8.986010090395536665e+00
3.573073073073073758e+00 3.628546965404697566e+00 8.985974682991866302e+00
3.584084084084084409e+00 3.640216864012135289e+00 8.985937954799297245e+00
3.595095095095095061e+00 3.652259232328723293e+00 8.985899400946419036e+00
3.606106106106105713e+00 3.664769177373312203e+00 8.985858139460402683e+00
3.617117117117116365e+00 3.677897645291540396e+00 8.985812528714568259e+00
3.628128128128128793e+00 3.691901238996715406e+00 8.985759254899290838e+00
3.639139139139139445e+00 3.707255847391559556e+00 8.985690881879067504e+00
3.650150150150150097e+00 3.724951170310898174e+00 8.985588130582131683e+00
3.661161161161160749e+00 3.747402444309180236e+00 8.985389290560613418e+00
3.672172172172171400e+00 3.782153247560982035e+00 8.984815344159203576e+00
3.683183183183183829e+00 3.866766136451185165e+00 8.981271161277881276e+00
3.694194194194194480e+00 4.097383512828284502e+00 7.745174984361960391e+00
3.705205205205205132e+00 3.139083515975082062e+00 7.003060592005684093e+00
3.716216216216215784e+00 3.866019280545323511e+00 7.439345541950062923e+00
3.727227227227226436e+00 3.942668535534663565e+00 8.983412908057422541e+00
3.738238238238238864e+00 3.887005009118011500e+00 8.984861034886526099e+00
3.749249249249249516e+00 3.890320535938973645e+00 8.984941022549985945e+00
3.760260260260260168e+00 3.913055694070391333e+00 8.984807991306862363e+00
3.771271271271270820e+00 3.953655553874149131e+00 8.983906516848360724e+00
3.782282282282281471e+00 4.024168370804831696e+00 8.982221859467170333e+00
3.793293293293293900e+00 4.210429965094033555e+00 8.979135353398888242e+00
3.804304304304304551e+00 3.759830377104769639e+00 8.013842654672098220e+00
3.815315315315315203e+00 3.709490336920082232e+00 7.986368105273342621e+00
3.826326326326325855e+00 3.964369804687388310e+00 7.975727408598802803e+00
3.837337337337336507e+00 3.050178325244488065e+00 6.036612790762334591e+00
3.848348348348348935e+00 2.876686059530740636e+00 5.994223771867427608e+00
3.859359359359359587e+00 2.883523310437665632e+00 5.993197249916223157e+00
3.870370370370370239e+00 2.952480135251933202e+00 6.001457851845704461e+00
3.881381381381380891e+00 3.743502528975862997e+00 6.995482145706983346e+00
3.892392392392391542e+00 4.767907273571261761e+00 8.965206979503200557e+00
3.903403403403403971e+00 4.297421673872753090e+00 8.982210847589081837e+00
3.914414414414414622e+00 4.189908007137050028e+00 8.983399664631052772e+00
3.925425425425425274e+00 4.150247817977616549e+00 8.983738723357594935e+00
3.936436436436435926e+00 4.135686973995181148e+00 8.983874188034564057e+00
3.947447447447446578e+00 4.133165157135723078e+00 8.983930468260361124e+00
3.958458458458459006e+00 4.137353481585324566e+00 8.983947222792629361e+00
3.969469469469469658e+00 4.145690950163838373e+00 8.983940974654125000e+00
3.980480480480480310e+00 4.156807661948969113e+00 8.983919850292481968e+00
3.991491491491490962e+00 4.169913386826952895e+00 8.983888317888405695e+00
4.002502502502501613e+00 4.184526398446386075e+00 8.983849035327484245e+00
4.013513513513514042e+00 4.200340846199915212e+00 8.983803676384733095e+00
4.024524524524524693e+00 4.217156841068947948e+00 8.983753339896367152e+00
4.035535535535535345e+00 4.234841341247848057e+00 8.983698768803254353e+00
4.046546546546545997e+00 4.253305190377854039e+00 8.983640475088048305e+00
4.057557557557556649e+00 4.272489090214863339e+00 8.983578814616222985e+00
4.068568568568569077e+00 4.292354746335331761e+00 8.983514033829615997e+00
4.079579579579579729e+00 4.312879124870335978e+00 8.983446299933405044e+00
4.090590590590590381e+00 4.334050647225021535e+00 8.983375720883969962e+00
4.101601601601601033e+00 4.355866628630907122e+00 8.983302358948471067e+00
4.112612612612611684e+00 4.378331537492204717e+00 8.983226240018371556e+00
4.123623623623624113e+00 4.401455812026787484e+00 8.983147360041526142e+00
4.134634634634634764e+00 4.425255065699849055e+00 8.983065689530754128e+00
4.145645645645645416e+00 4.449749572458990166e+00 8.982981176580699056e+00
4.156656656656656068e+00 4.474963959338917441e+00 8.982893748898144182e+00
4.167667667667666720e+00 4.500927058285297377e+00 8.982803315006078648e+00
4.178678678678679148e+00 4.527671888357335028e+00 8.982709764802132568e+00
4.189689689689689800e+00 4.555235746623410797e+00 8.982612969633445132e+00
4.200700700700700452e+00 4.583660397434629274e+00 8.982512781852461714e+00
4.211711711711711104e+00 4.612992353947072743e+00 8.982409034023017824e+00
4.222722722722721755e+00 4.643283253777049424e+00 8.982301537668339719e+00
4.233733733733734184e+00 4.674590329844874326e+00 8.982190081607363652e+00
4.244744744744744835e+00 4.706976987184708250e+00 8.982074429876670152e+00
4.255755755755755487e+00 4.740513497362620399e+00 8.981954319158285571e+00
4.266766766766766139e+00 4.775277827264615915e+00 8.981829455646741067e+00
4.277777777777778567e+00 4.811356625609132465e+00 8.981699511294674920e+00
4.288788788788789219e+00 4.848846394639074298e+00 8.981564119344204400e+00
4.299799799799799871e+00 4.887854885047364206e+00 8.981422868910115653e+00
4.310810810810810523e+00 4.928502759764904262e+00 8.981275298561316234e+00
4.321821821821821175e+00 4.970925588234780257e+00 8.981120888555405912e+00
4.332832832832833603e+00 5.015276243343675056e+00 8.980959051499587176e+00
4.343843843843844255e+00 5.061727803796157943e+00 8.980789120981413021e+00
4.354854854854854906e+00 5.110477085017187449e+00 8.980610337753068606e+00
4.365865865865865558e+00 5.161748968297803941e+00 8.980421832705403062e+00
4.376876876876876210e+00 5.215801743839770133e+00 8.980222605824774718e+00
4.387887887887888638e+00 5.272933764200860907e+00 8.980011499936550123e+00
4.398898898898899290e+00 5.333491800250978798e+00 8.979787167646955837e+00
4.409909909909909942e+00 5.397881640184809982e+00 8.979548029275523646e+00
4.420920920920920594e+00 5.466581678047391257e+00 8.979292218815938753e+00
4.431931931931931246e+00 5.540160541533476923e+00 8.979017513579968579e+00
4.442942942942943674e+00 5.619300257251230057e+00 8.978721241449628465e+00
4.453953953953954326e+00 5.704827133703143538e+00 8.978400156752449845e+00
4.464964964964964977e+00 5.797753597295451478e+00 8.978050271391133208e+00
4.475975975975975629e+00 5.899335885637862376e+00 8.977666620856167512e+00
4.486986986986986281e+00 6.011155229667842548e+00 8.977242933096173161e+00
4.497997997997998709e+00 6.135234730993045282e+00 8.976771148752845875e+00
4.509009009009009361e+00 6.274212097148229361e+00 8.976240706687388382e+00
4.520020020020020013e+00 6.431602795125500371e+00 8.975637445703478434e+00
4.531031031031030665e+00 6.612215459651133109e+00 8.974941851969234108e+00
4.542042042042041317e+00 6.822835951513345876e+00 8.974126134492342644e+00
4.553053053053053745e+00 7.073412877081235450e+00 8.973149071905879737e+00
4.564064064064064397e+00 7.379246184178451351e+00 8.971946294240176201e+00
4.575075075075075048e+00 7.765365419351269338e+00 8.970410284409538804e+00
4.586086086086085700e+00 8.276267186073066995e+00 8.968344122941941166e+00
4.597097097097096352e+00 9.001008445418863246e+00 8.965335186196517370e+00
4.608108108108108780e+00 1.015396655338047260e+01 8.960308332329924852e+00
4.619119119119119432e+00 1.245876629798152457e+01 8.948959549827179671e+00
4.630130130130130084e+00 2.231785621636402794e+01 8.845300769400999741e+00
4.641141141141140736e+00 4.078528796791832889e+00 6.993405590860377607e+00
4.652152152152151388e+00 3.540977419868561960e+00 6.988542665685611333e+00
4.663163163163163816e+00 3.448927593309519590e+00 6.987933583497635048e+00
4.674174174174174468e+00 3.422038097128662137e+00 6.987725207356517920e+00
4.685185185185185119e+00 3.415426140646781850e+00 6.987612061216181836e+00
4.696196196196195771e+00 3.417490957825123132e+00 6.987531608630945357e+00
4.707207207207206423e+00 3.424030537381785422e+00 6.987464807638120945e+00
4.718218218218218851e+00 3.433192970964447976e+00 6.987404362871493468e+00
4.729229229229229503e+00 3.444049117862820086e+00 6.987347016850922188e+00
4.740240240240240155e+00 3.456087887415405735e+00 6.987291143685766315e+00
4.751251251251250807e+00 3.469008332204440492e+00 6.987235858469778904e+00
4.762262262262261459e+00 3.482623870151311696e+00 6.987180643993314177e+00
4.773273273273273887e+00 3.496814204190404229e+00 6.987125178624681077e+00
4.784284284284284539e+00 3.511499481897855990e+00 6.987069250698389133e+00
4.795295295295295190e+00 3.526625614475157988e+00 6.987012713214781456e+00
4.806306306306305842e+00 3.542155541548355657e+00 6.986955458601436852e+00
4.817317317317316494e+00 3.558063828112680405e+00 6.986897404016698232e+00
4.828328328328328922e+00 3.574333209400260891e+00 6.986838482463744171e+00
4.839339339339339574e+00 3.590952317986034537e+00 6.986778637230899314e+00
4.850350350350350226e+00 3.607914151175827033e+00 6.986717818307478289e+00
4.861361361361360878e+00 3.625215015539541064e+00 6.986655980006777789e+00
4.872372372372371530e+00 3.642853786780022141e+00 6.986593079347318991e+00
4.883383383383383958e+00 3.660831382600147510e+00 6.986529074921258520e+00
4.894394394394394610e+00 3.679150382795236318e+00 6.986463926081109221e+00
4.905405405405405261e+00 3.697814752612032407e+00 6.986397592340608753e+00
4.916416416416415913e+00 3.716829640267711010e+00 6.986330032918088406e+00
4.927427427427426565e+00 3.736201228243515526e+00 6.986261206378816979e+00
4.938438438438438993e+00 3.755936624578874561e+00 6.986191070344540677e+00
4.949449449449449645e+00 3.776043784108895629e+00 6.986119581249290000e+00
4.960460460460460297e+00 3.796531452678671315e+00 6.986046694126653023e+00
4.971471471471470949e+00 3.817409129229381470e+00 6.985972362418142900e+00
4.982482482482481601e+00 3.838687041991811100e+00 6.985896537794744177e+00
4.993493493493494029e+00 3.860376136162385841e+00 6.985819169986089427e+00
5.004504504504504681e+00 3.882488070990923301e+00 6.985740206612665482e+00
5.015515515515515332e+00 3.905035224842611896e+00 6.985659593018049840e+00
5.026526526526525984e+00 3.928030707163842283e+00 6.985577272097901691e+00
5.037537537537536636e+00 3.951488376561748783e+00 6.985493184123658494e+00
5.048548548548549064e+00 3.975422864454925431e+00 6.985407266558957495e+00
5.059559559559559716e+00 3.999849603913376406e+00 6.985319453866603467e+00
5.070570570570570368e+00 4.024784863474737406e+00 6.985229677304749529e+00
5.081581581581581020e+00 4.050245785808170851e+00 6.985137864710216249e+00
5.092592592592591672e+00 4.076250431201849267e+00 6.985043940267636309e+00
5.103603603603604100e+00 4.102817825953239961e+00 6.984947824262408567e+00
5.114614614614614752e+00 4.129968015762383260e+00 6.984849432815941839e+00
5.125625625625625403e+00 4.157722124359636950e+00 6.984748677600967959e+00
5.136636636636636055e+00 4.186102417593972724e+00 6.984645465535330722e+00
5.147647647647646707e+00 4.215132373290995993e+00 6.984539698451854406e+00
5.158658658658659135e+00 4.244836757262276272e+00 6.984431272741984387e+00
5.169669669669669787e+00 4.275241705854622154e+00 6.984320078970918111e+00
5.180680680680680439e+00 4.306374815535374267e+00 6.984206001461159552e+00
5.191691691691691091e+00 4.338265239989325117e+00 6.984088917842040445e+00
5.202702702702701743e+00 4.370943795346493133e+00 6.983968698561543675e+00
5.213713713713714171e+00 4.404443074119507529e+00 6.983845206357386814e+00
5.224724724724724823e+00 4.438797568541792415e+00 6.983718295683328137e+00
5.235735735735735474e+00 4.474043804049218309e+00 6.983587812086883062e+00
5.246746746746746126e+00 4.510220483618494036e+00 6.983453591534004801e+00
5.257757757757756778e+00 4.547368643842056635e+00 6.983315459676098236e+00
5.268768768768769206e+00 4.585531823538239848e+00 6.983173231054484731e+00
5.279779779779779858e+00 4.624756245778950614e+00 6.983026708237050961e+00
5.290790790790790510e+00 4.665091014225249744e+00 6.982875680881644342e+00
5.301801801801801162e+00 4.706588324608243390e+00 6.982719924720595550e+00
5.312812812812813590e+00 4.749303692189232429e+00 6.982559200460714877e+00
5.323823823823824242e+00 4.793296195901248780e+00 6.982393252593115385e+00
5.334834834834834894e+00 4.838628739757124819e+00 6.982221808107617278e+00
5.345845845845845545e+00 4.885368331870046710e+00 6.982044575106883144e+00
5.356856856856856197e+00 4.933586381082029959e+00 6.981861241316789091e+00
5.367867867867868625e+00 4.983359010856742266e+00 6.981671472490374342e+00
5.378878878878879277e+00 5.034767389142572824e+00 6.981474910706054970e+00
5.389889889889889929e+00 5.087898072668877170e+00 6.981271172562305338e+00
5.400900900900900581e+00 5.142843362295259624e+00 6.981059847277185426e+00
5.411911911911911233e+00 5.199701665177314247e+00 6.980840494705515376e+00
5.422922922922923661e+00 5.258577857288428525e+00 6.980612643295254216e+00
5.433933933933934313e+00 5.319583637630970863e+00 6.980375788014677951e+00
5.444944944944944965e+00 5.382837862342012336e+00 6.980129388295360116e+00
5.455955955955955616e+00 5.448466843274280436e+00 6.979872866053234759e+00
5.466966966966966268e+00 5.516604591060794149e+00 6.979605603871682717e+00
5.477977977977978696e+00 5.587392977324847188e+00 6.979326943456942267e+00
5.488988988988989348e+00 5.660981784495766611e+00 6.979036184508520257e+00
5.500000000000000000e+00 5.737528604831344303e+00 6.978732584185125098e+00
