-1.50000 62.48221883 3.90395595
-1.49700 59.86242221 3.91083074
-1.49399 56.24520227 3.70936432
-1.49099 51.77164022 3.45725731
-1.48799 53.51320925 3.55664407
-1.48498 43.43564998 3.46328110
-1.48198 40.65880010 3.46349483
-1.47898 43.34552571 3.44254270
-1.47598 41.28325834 3.58468023
-1.47297 38.61378245 3.87158186
-1.46997 38.85335185 4.55041421
-1.46697 38.07752454 4.72017548
-1.46396 40.13575694 5.32206233
-1.46096 39.76010531 5.54542425
-1.45796 39.56162305 5.58284888
-1.45495 39.50080366 5.59607554
-1.45195 39.51675381 5.60143650
-1.44895 39.58638034 5.60287294
-1.44595 39.69791974 5.60172585
-1.44294 39.84393591 5.59852075
-1.43994 40.01890319 5.59345255
-1.43694 40.21815108 5.58655069
-1.43393 40.43729769 5.57774401
-1.43093 40.67188420 5.56688831
-1.42793 40.91709943 5.55377817
-1.42492 41.16754709 5.53815147
-1.42192 41.41703347 5.51969026
-1.41892 41.65836624 5.49801999
-1.41592 41.88316175 5.47270798
-1.41291 42.08166375 5.44326235
-1.40991 42.24258055 5.40913181
-1.40691 42.35295162 5.36970747
-1.40390 42.39805747 5.32432734
-1.40090 42.36138737 5.27228440
-1.39790 42.22467553 5.21283885
-1.39489 41.96800314 5.14523469
-1.39189 41.56993562 5.06871985
-1.38889 41.00760832 4.98256777
-1.38589 40.25657408 4.88609672
-1.38288 39.29004721 4.77868216
-1.37988 38.07687796 4.65976273
-1.37688 36.57729361 4.52887932
-1.37387 34.73909190 4.38615581
-1.37087 32.70143108 4.24412985
-1.36787 27.24825799 3.96279559
-1.36486 22.27474862 3.86227616
-1.36186 21.85023273 3.85303951
-1.35886 22.32475814 3.84553709
-1.35586 23.40850241 3.83448044
-1.35285 25.39828567 3.81623359
-1.34985 29.23641323 3.78311916
-1.34685 37.98600725 3.71263096
-1.34384 64.99893318 3.51210560
-1.34084 142.46238801 2.95321173
-1.33784 93.44136073 3.17651287
-1.33483 75.61660298 3.12421295
-1.33183 80.31721963 2.92882731
-1.32883 66.42047882 3.10462557
-1.32583 47.62471674 3.40134655
-1.32282 36.43407056 3.58632381
-1.31982 30.54147229 3.68772942
-1.31682 27.39233889 3.74576224
-1.31381 25.76434824 3.78108335
-1.31081 25.17053206 3.80351743
-1.30781 25.58868986 3.81772204
-1.30480 27.63900890 3.82544078
-1.30180 34.16472456 3.82515906
-1.29880 65.87271534 3.80072926
-1.29580 301.78403994 3.62897239
-1.29279 95.88132406 3.67083192
-1.28979 204.43927830 3.20581105
-1.28679 67.80719143 3.70736058
-1.28378 35.33763387 3.82444396
-1.28078 26.99559622 3.85424454
-1.27778 23.69263408 3.86642525
-1.27477 22.04139501 3.87290014
-1.27177 21.09243004 3.87691840
-1.26877 20.49530535 3.87965249
-1.26577 20.09550222 3.88160999
-1.26276 19.81587406 3.88303993
-1.25976 19.61419576 3.88407557
-1.25676 19.46565755 3.88479227
-1.25375 19.35483603 3.88523372
-1.25075 19.27169415 3.88542484
-1.24775 19.20945637 3.88537857
-1.24474 19.16343818 3.88509958
-1.24174 19.13050110 3.88458627
-1.23874 19.11078331 3.88383134
-1.23574 19.10727145 3.88283504
-1.23273 19.10650335 3.88158630
-1.22973 19.10930710 3.88006972
-1.22673 19.11565492 3.87827039
-1.22372 19.12515263 3.87617204
-1.22072 19.13736761 3.87375756
-1.21772 19.15191465 3.87100961
-1.21471 19.16853240 3.86791147
-1.21171 19.18751154 3.86444751
-1.20871 19.21496706 3.86061093
-1.20571 19.24473555 3.85643068
-1.20270 19.27203235 3.85191350
-1.19970 19.29841675 3.84710435
-1.19670 19.32437964 3.84209287
-1.19369 19.35025477 3.83703702
-1.19069 19.37654428 3.83220151
-1.18769 19.40427337 3.82800764
-1.18468 19.43575303 3.82504041
-1.18168 19.47690521 3.82356687
-1.17868 19.54838338 3.81815871
-1.17568 19.83310641 3.69888553
-1.17267 20.13441168 3.30904962
-1.16967 19.56404506 3.11968586
-1.16667 19.43794200 3.04362255
-1.16366 31.59578891 3.31695146
-1.16066 17.39893061 2.91588845
-1.15766 16.57283078 2.91442188
-1.15465 17.25852279 2.58094822
-1.15165 16.21451620 2.25762399
-1.14865 15.84663684 2.15117660
-1.14565 18.41189244 2.20632693
-1.14264 21.49538116 2.56684319
-1.13964 17.08463817 2.88540122
-1.13664 16.36015142 2.84704556
-1.13363 16.13405829 2.76808728
-1.13063 16.25955096 2.68932467
-1.12763 19.43524547 2.73489608
-1.12462 20.48476980 3.06683361
-1.12162 19.28603427 3.02506846
-1.11862 17.80574201 2.62158097
-1.11562 15.89940771 2.18505540
-1.11261 14.14088795 2.01465120
-1.10961 13.66712743 1.98300799
-1.10661 14.01096216 1.97692949
-1.10360 14.81797341 1.97537714
-1.10060 16.47316370 1.97660422
-1.09760 20.40464112 1.98212045
-1.09459 33.91932487 2.00225532
-1.09159 133.73888134 2.13647515
-1.08859 85.48707050 2.05023594
-1.08559 186.50736091 2.15167477
-1.08258 46.35603838 1.98893170
-1.07958 22.06902304 1.96603141
-1.07658 16.53212938 1.96156830
-1.07357 14.42401062 1.96009889
-1.07057 13.39491067 1.95946938
-1.06757 12.81447440 1.95914999
-1.06456 12.45464905 1.95896498
-1.06156 12.21619858 1.95884437
-1.05856 12.05015138 1.95875663
-1.05556 11.93002263 1.95868623
-1.05255 11.84045212 1.95862496
-1.04955 11.77202604 1.95856829
-1.04655 11.71871079 1.95851354
-1.04354 11.67649310 1.95845912
-1.04054 11.64261881 1.95840403
-1.03754 11.61514669 1.95834761
-1.03453 11.59267663 1.95828942
-1.03153 11.57417822 1.95822915
-1.02853 11.55887971 1.95816657
-1.02553 11.54619397 1.95810150
-1.02252 11.53566815 1.95803377
-1.01952 11.52694866 1.95796327
-1.01652 11.51975642 1.95788985
-1.01351 11.51386906 1.95781340
-1.01051 11.50910792 1.95773378
-1.00751 11.50532841 1.95765086
-1.00450 11.50241286 1.95756450
-1.00150 11.50026505 1.95747455
-0.99850 11.49880601 1.95738084
-0.99550 11.49797087 1.95728322
-0.99249 11.49770631 1.95718148
-0.98949 11.49796865 1.95707543
-0.98649 11.49872227 1.95696485
-0.98348 11.49993844 1.95684951
-0.98048 11.50159434 1.95672915
-0.97748 11.50367231 1.95660348
-0.97447 11.50615924 1.95647222
-0.97147 11.50904615 1.95633503
-0.96847 11.51232780 1.95619155
-0.96547 11.51600245 1.95604141
-0.96246 11.52007164 1.95588417
-0.95946 11.52454016 1.95571938
-0.95646 11.52941592 1.95554654
-0.95345 11.53470999 1.95536510
-0.95045 11.54043671 1.95517445
-0.94745 11.54661374 1.95497394
-0.94444 11.55326231 1.95476283
-0.94144 11.56040743 1.95454034
-0.93844 11.56807824 1.95430559
-0.93544 11.57630836 1.95405759
-0.93243 11.58513640 1.95379527
-0.92943 11.59460651 1.95351743
-0.92643 11.60476913 1.95322274
-0.92342 11.61568172 1.95290971
-0.92042 11.62740986 1.95257667
-0.91742 11.64002836 1.95222175
-0.91441 11.65362272 1.95184285
-0.91141 11.66829083 1.95143756
-0.90841 11.68414504 1.95100319
-0.90541 11.70131470 1.95053667
-0.90240 11.71994913 1.95003445
-0.89940 11.74022146 1.94949250
-0.89640 11.76233317 1.94890615
-0.89339 11.78651981 1.94826997
-0.89039 11.81305813 1.94757767
-0.88739 11.84227501 1.94682183
-0.88438 11.87455881 1.94599374
-0.88138 11.91037380 1.94508302
-0.87838 11.95027887 1.94407730
-0.87538 11.99495170 1.94296166
-0.87237 12.04522074 1.94171797
-0.86937 12.10210756 1.94032404
-0.86637 12.16688394 1.93875240
-0.86336 12.24114969 1.93696871
-0.86036 12.32694035 1.93492955
-0.85736 12.42687844 1.93257928
-0.85435 12.54438977 1.92984566
-0.85135 12.68401844 1.92663338
-0.84835 12.85189523 1.92281458
-0.84535 13.05645026 1.91821437
-0.84234 13.30952490 1.91258839
-0.83934 13.62815610 1.90558687
-0.83634 14.03753045 1.89669538
-0.83333 14.57604614 1.88513360
-0.83033 15.30431933 1.86967605
-0.82733 16.32186080 1.84832143
-0.82432 17.79918349 1.81765959
-0.82132 20.04141817 1.77162588
-0.81832 23.61286092 1.69908916
-0.81532 29.54046447 1.58001457
-0.81231 39.30396707 1.38626148
-0.80931 52.45074404 1.12983780
-0.80631 59.17691953 1.00675072
-0.80330 50.50183624 1.18682652
-0.80030 37.74173600 1.44069707
-0.79730 28.87058081 1.61403758
-0.79429 23.61809346 1.71486445
-0.79129 20.53928433 1.77254964
-0.78829 18.70761229 1.80552123
-0.78529 17.62713824 1.82349654
-0.78228 17.04061941 1.83140963
-0.77928 16.82055297 1.83158688
-0.77628 16.91762169 1.82475093
-0.77327 17.34102580 1.81037364
-0.77027 18.15960488 1.78659494
-0.76727 19.52284915 1.74971612
-0.76426 21.70832842 1.69313822
-0.76126 25.20181037 1.60570170
-0.75826 30.76056373 1.47089493
-0.75526 39.06665783 1.27672455
-0.75225 48.58272162 1.06755480
-0.74925 52.37467752 1.00922695
-0.74625 46.05189957 1.18638355
-0.74324 36.26360842 1.42833525
-0.74024 28.54620455 1.61037297
-0.73724 23.45906548 1.72655401
-0.73423 20.19109540 1.79917834
-0.73123 18.04408369 1.84570829
-0.72823 16.58377973 1.87660483
-0.72523 15.55512587 1.89786475
-0.72222 14.80706226 1.91297278
-0.71922 14.24761397 1.92401618
-0.71622 13.81894128 1.93228820
-0.71321 13.48349383 1.93861683
-0.71021 13.21616077 1.94354847
-0.70721 12.99969199 1.94745365
-0.70420 12.82194696 1.95058986
-0.70120 12.67419350 1.95314005
-0.69820 12.55002711 1.95523673
-0.69520 12.44466724 1.95697762
-0.69219 12.35448850 1.95843594
-0.68919 12.27670177 1.95966733
-0.68619 12.20913312 1.96071463
-0.68318 12.15006790 1.96161125
-0.68018 12.09813887 1.96238347
-0.67718 12.05224494 1.96305223
-0.67417 12.01149119 1.96363433
-0.67117 11.97514405 1.96414337
-0.66817 11.94259752 1.96459045
-0.66517 11.91334733 1.96498471
-0.66216 11.88697104 1.96533369
-0.65916 11.86311249 1.96564368
-0.65616 11.84146968 1.96591994
-0.65315 11.82178511 1.96616691
-0.65015 11.80383809 1.96638834
-0.64715 11.78743856 1.96658741
-0.64414 11.77242210 1.96676686
-0.64114 11.75864586 1.96692901
-0.63814 11.74598523 1.96707588
-0.63514 11.73433111 1.96720921
-0.63213 11.72358759 1.96733049
-0.62913 11.71367011 1.96744104
-0.62613 11.70450386 1.96754201
-0.62312 11.69602244 1.96763438
-0.62012 11.68816675 1.96771904
-0.61712 11.68088403 1.96779674
-0.61411 11.67412704 1.96786816
-0.61111 11.66785340 1.96793389
-0.60811 11.66202494 1.96799444
-0.60511 11.65660723 1.96805027
-0.60210 11.65156911 1.96810174
-0.59910 11.64688228 1.96814917
-0.59610 11.64252096 1.96819281
-0.59309 11.63846159 1.96823282
-0.59009 11.63468248 1.96826922
-0.58709 11.63116353 1.96830190
-0.58408 11.62788596 1.96833041
-0.58108 11.62483190 1.96835380
-0.57808 11.62198397 1.96837009
-0.57508 11.61932477 1.96837507
-0.57207 11.61683613 1.96835939
-0.56907 11.61449859 1.96830022
-0.56607 11.61229320 1.96813390
-0.56306 11.61021877 1.96764452
-0.56006 11.60842146 1.96583767
-0.55706 11.60849714 1.95465120
-0.55405 11.63289725 1.77349486
-0.55105 11.52497822 1.54820566
-0.54805 11.14842224 1.48047393
-0.54505 11.24066731 1.63856427
-0.54204 11.58383022 1.92676456
-0.53904 11.60194286 1.96523850
-0.53604 11.60000272 1.96769450
-0.53303 11.59920865 1.96792335
-0.53003 11.59873810 1.95950442
-0.52703 11.59625240 1.93571682
-0.52402 11.59095131 1.94685189
-0.52102 11.62018303 1.93297498
-0.51802 11.57762252 1.93979384
-0.51502 11.60798268 1.91949003
-0.51201 11.59680870 1.96760605
-0.50901 11.59606083 1.96848959
-0.50601 11.59598670 1.96858746
-0.50300 11.59602867 1.96861300
-0.50000 11.59613496 1.96862160
-0.49700 11.59629651 1.96862359
-0.49399 11.59651067 1.96862196
-0.49099 11.59677601 1.96861787
-0.48799 11.59709133 1.96861181
-0.48498 11.59745547 1.96860405
-0.48198 11.59786729 1.96859469
-0.47898 11.59832568 1.96858379
-0.47598 11.59882956 1.96857138
-0.47297 11.59937787 1.96855744
-0.46997 11.59996964 1.96854195
-0.46697 11.60060392 1.96852487
-0.46396 11.60127982 1.96850617
-0.46096 11.60199653 1.96848579
-0.45796 11.60275328 1.96846367
-0.45495 11.60354934 1.96843975
-0.45195 11.60438407 1.96841396
-0.44895 11.60525686 1.96838622
-0.44595 11.60616717 1.96835646
-0.44294 11.60711452 1.96832458
-0.43994 11.60809845 1.96829050
-0.43694 11.60911859 1.96825413
-0.43393 11.61017461 1.96821535
-0.43093 11.61126624 1.96817408
-0.42793 11.61239324 1.96813018
-0.42492 11.61355546 1.96808355
-0.42192 11.61475277 1.96803406
-0.41892 11.61598511 1.96798158
-0.41592 11.61725248 1.96792597
-0.41291 11.61855492 1.96786709
-0.40991 11.61989253 1.96780478
-0.40691 11.62126548 1.96773889
-0.40390 11.62267400 1.96766924
-0.40090 11.62411837 1.96759566
-0.39790 11.62559893 1.96751797
-0.39489 11.62711610 1.96743596
-0.39189 11.62867037 1.96734943
-0.38889 11.63026229 1.96725816
-0.38589 11.63189249 1.96716194
-0.38288 11.63356168 1.96706051
-0.37988 11.63527067 1.96695362
-0.37688 11.63702032 1.96684102
-0.37387 11.63881162 1.96672241
-0.37087 11.64064563 1.96659751
-0.36787 11.64252353 1.96646600
-0.36486 11.64444662 1.96632756
-0.36186 11.64641629 1.96618184
-0.35886 11.64843408 1.96602847
-0.35586 11.65050165 1.96586707
-0.35285 11.65262081 1.96569723
-0.34985 11.65479352 1.96551852
-0.34685 11.65702191 1.96533048
-0.34384 11.65930829 1.96513265
-0.34084 11.66165514 1.96492449
-0.33784 11.66406516 1.96470548
-0.33483 11.66654128 1.96447504
-0.33183 11.66908665 1.96423256
-0.32883 11.67170468 1.96397740
-0.32583 11.67439907 1.96370887
-0.32282 11.67717381 1.96342625
-0.31982 11.68003322 1.96312875
-0.31682 11.68298197 1.96281557
-0.31381 11.68602512 1.96248581
-0.31081 11.68916815 1.96213853
-0.30781 11.69241700 1.96177276
-0.30480 11.69577809 1.96138740
-0.30180 11.69925841 1.96098132
-0.29880 11.70286553 1.96055331
-0.29580 11.70660767 1.96010204
-0.29279 11.71049377 1.95962612
-0.28979 11.71453356 1.95912405
-0.28679 11.71873763 1.95859420
-0.28378 11.72311751 1.95803482
-0.28078 11.72768581 1.95744406
-0.27778 11.73245628 1.95681988
-0.27477 11.73744396 1.95616009
-0.27177 11.74266532 1.95546235
-0.26877 11.74813842 1.95472409
-0.26577 11.75388309 1.95394255
-0.26276 11.75992113 1.95311471
-0.25976 11.76627654 1.95223730
-0.25676 11.77297581 1.95130676
-0.25375 11.78004818 1.95031920
-0.25075 11.78752605 1.94927038
-0.24775 11.79544533 1.94815565
-0.24474 11.80384593 1.94696991
-0.24174 11.81277231 1.94570754
-0.23874 11.82227408 1.94436239
-0.23574 11.83240675 1.94292764
-0.23273 11.84323257 1.94139575
-0.22973 11.85482157 1.93975837
-0.22673 11.86725272 1.93800622
-0.22372 11.88061534 1.93612895
-0.22072 11.89501079 1.93411499
-0.21772 11.91055450 1.93195139
-0.21471 11.92737833 1.92962357
-0.21171 11.94563355 1.92711510
-0.20871 11.96549440 1.92440737
-0.20571 11.98716241 1.92147922
-0.20270 12.01087181 1.91830656
-0.19970 12.03689621 1.91486172
-0.19670 12.06555693 1.91111292
-0.19369 12.09723354 1.90702335
-0.19069 12.13237730 1.90255022
-0.18769 12.17152836 1.89764348
-0.18468 12.21533819 1.89224421
-0.18168 12.26459896 1.88628255
-0.17868 12.32028267 1.87967505
-0.17568 12.38359396 1.87232121
-0.17267 12.45604232 1.86409877
-0.16967 12.53954283 1.85485748
-0.16667 12.63655904 1.84441045
-0.16366 12.75031029 1.83252196
-0.16066 12.88507989 1.81889005
-0.15766 13.04668618 1.80312050
-0.15465 13.24322688 1.78468717
-0.15165 13.48630184 1.76286840
-0.14865 13.79311852 1.73664005
-0.14565 14.19033705 1.70448268
-0.14264 14.72164475 1.66400178
-0.13964 15.46430838 1.61108043
-0.13664 16.57146597 1.53761396
-0.13363 18.41692044 1.42349727
-0.13063 23.09423544 1.20552626
-0.12763 74.84099348 1.29663077
-0.12462 19.95229829 0.72072946
-0.12162 19.83626981 0.58910117
-0.11862 34.02622468 0.40410265
-0.11562 203.19955604 0.18795085
-0.11261 75.31743727 0.54733549
-0.10961 22.83886539 0.08729141
-0.10661 12.20282136 0.01674794
-0.10360 9.65165650 0.00669631
-0.10060 8.62180337 0.00364465
-0.09760 8.10914479 0.00234803
-0.09459 7.82844957 0.00168306
-0.09159 7.67331897 0.00129945
-0.08859 7.59888395 0.00106045
-0.08559 7.58742040 0.00090414
-0.08258 7.63758727 0.00079949
-0.07958 7.76380784 0.00072999
-0.07658 8.00505385 0.00068695
-0.07357 8.45326980 0.00066685
-0.07057 9.34440336 0.00067150
-0.06757 11.41830177 0.00071313
-0.06456 18.01924344 0.00084287
-0.06156 62.37721380 0.00142741
-0.05856 172.89586896 0.00110435
-0.05556 25.44468614 0.00039157
-0.05255 13.06536422 0.00047561
-0.04955 9.91724209 0.00057849
-0.04655 8.68548200 0.00071016
-0.04354 8.09273383 0.00090460
-0.04054 7.78164951 0.00123533
-0.03754 7.63472838 0.00192299
-0.03453 7.66523360 0.00413604
-0.03153 8.58313138 0.03194681
-0.02853 10.35622416 0.17772802
-0.02553 11.76968534 0.35641432
-0.02252 13.64464207 0.72901163
-0.01952 14.12029216 1.00825858
-0.01652 14.15449660 1.18899662
-0.01351 14.06100035 1.31728628
-0.01051 13.92775797 1.41364025
-0.00751 13.78610037 1.48876489
-0.00450 13.64831077 1.54892548
-0.00150 13.51916076 1.59809229
0.00150 13.40019171 1.63892939
0.00450 13.29150533 1.67330214
0.00751 13.19257136 1.70256028
0.01051 13.10260867 1.72770633
0.01351 13.02076814 1.74950099
0.01652 12.94621958 1.76853192
0.01952 12.87819044 1.78526011
0.02252 12.81598042 1.80005203
0.02553 12.75896389 1.81320241
0.02853 12.70658650 1.82495081
0.03153 12.65835919 1.83549372
0.03453 12.61385136 1.84499373
0.03754 12.57268410 1.85358637
0.04054 12.53452382 1.86138544
0.04354 12.49907648 1.86848713
0.04655 12.46608250 1.87497318
0.04955 12.43531230 1.88091350
0.05255 12.40656244 1.88636815
0.05556 12.37965221 1.89138902
0.05856 12.35442078 1.89602109
0.06156 12.33072468 1.90030357
0.06456 12.30843566 1.90427073
0.06757 12.28743877 1.90795269
0.07057 12.26763085 1.91137595
0.07357 12.24891904 1.91456397
0.07658 12.23121962 1.91753754
0.07958 12.21445697 1.92031516
0.08258 12.19856262 1.92291333
0.08559 12.18347449 1.92534681
0.08859 12.16913617 1.92762886
0.09159 12.15549632 1.92977137
0.09459 12.14250812 1.93178509
0.09760 12.13012882 1.93367971
0.10060 12.11831933 1.93546401
0.10360 12.10704382 1.93714597
0.10661 12.09626942 1.93873282
0.10961 12.08596592 1.94023118
0.11261 12.07610555 1.94164705
0.11562 12.06666268 1.94298596
0.11862 12.05761369 1.94425295
0.12162 12.04893676 1.94545265
0.12462 12.04061169 1.94658930
0.12763 12.03261978 1.94766685
0.13063 12.02494369 1.94868888
0.13363 12.01756732 1.94965874
0.13664 12.01047572 1.95057952
0.13964 12.00365495 1.95145406
0.14264 11.99709206 1.95228502
0.14565 11.99077495 1.95307485
0.14865 11.98469234 1.95382584
0.15165 11.97883367 1.95454012
0.15465 11.97318909 1.95521967
0.15766 11.96774935 1.95586633
0.16066 11.96250582 1.95648185
0.16366 11.95745035 1.95706783
0.16667 11.95257534 1.95762579
0.16967 11.94787361 1.95815715
0.17267 11.94333842 1.95866323
0.17568 11.93896342 1.95914530
0.17868 11.93474264 1.95960452
0.18168 11.93067042 1.96004201
0.18468 11.92674144 1.96045880
0.18769 11.92295066 1.96085589
0.19069 11.91929331 1.96123419
0.19369 11.91576488 1.96159458
0.19670 11.91236110 1.96193790
0.19970 11.90907791 1.96226492
0.20270 11.90591146 1.96257640
0.20571 11.90285810 1.96287304
0.20871 11.89991433 1.96315550
0.21171 11.89707685 1.96342442
0.21471 11.89434251 1.96368040
0.21772 11.89170829 1.96392401
0.22072 11.88917133 1.96415581
0.22372 11.88672887 1.96437631
0.22673 11.88437830 1.96458601
0.22973 11.88211710 1.96478537
0.23273 11.87994288 1.96497486
0.23574 11.87785332 1.96515489
0.23874 11.87584622 1.96532588
0.24174 11.87391946 1.96548822
0.24474 11.87207099 1.96564229
0.24775 11.87029886 1.96578844
0.25075 11.86860118 1.96592702
0.25375 11.86697612 1.96605836
0.25676 11.86542195 1.96618278
0.25976 11.86393697 1.96630057
0.26276 11.86251955 1.96641203
0.26577 11.86116812 1.96651743
0.26877 11.85988115 1.96661704
0.27177 11.85865718 1.96671112
0.27477 11.85749479 1.96679992
0.27778 11.85639258 1.96688366
0.28078 11.85534924 1.96696258
0.28378 11.85436347 1.96703689
0.28679 11.85343401 1.96710681
0.28979 11.85255966 1.96717253
0.29279 11.85173923 1.96723426
0.29580 11.85097158 1.96729216
0.29880 11.85025560 1.96734644
0.30180 11.84959021 1.96739725
0.30480 11.84897438 1.96744476
0.30781 11.84840708 1.96748914
0.31081 11.84788733 1.96753053
0.31381 11.84741417 1.96756908
0.31682 11.84698668 1.96760494
0.31982 11.84660395 1.96763824
0.32282 11.84626511 1.96766912
0.32583 11.84596931 1.96769769
0.32883 11.84571572 1.96772408
0.33183 11.84550355 1.96774841
0.33483 11.84533203 1.96777079
0.33784 11.84520040 1.96779132
0.34084 11.84510795 1.96781010
0.34384 11.84505397 1.96782725
0.34685 11.84503779 1.96784285
0.34985 11.84505876 1.96785699
0.35285 11.84511624 1.96786976
0.35586 11.84520963 1.96788125
0.35886 11.84533836 1.96789152
0.36186 11.84550186 1.96790067
0.36486 11.84569960 1.96790876
0.36787 11.84593108 1.96791586
0.37087 11.84619581 1.96792204
0.37387 11.84649333 1.96792737
0.37688 11.84682320 1.96793189
0.37988 11.84718501 1.96793568
0.38288 11.84757839 1.96793878
0.38589 11.84800296 1.96794125
0.38889 11.84845841 1.96794313
0.39189 11.84894441 1.96794448
0.39489 11.84946070 1.96794533
0.39790 11.85000701 1.96794573
0.40090 11.85058313 1.96794571
0.40390 11.85118886 1.96794532
0.40691 11.85182403 1.96794458
0.40991 11.85248851 1.96794353
0.41291 11.85318219 1.96794220
0.41592 11.85390500 1.96794062
0.41892 11.85465690 1.96793880
0.42192 11.85543787 1.96793678
0.42492 11.85624794 1.96793458
0.42793 11.85708718 1.96793221
0.43093 11.85795568 1.96792970
0.43393 11.85885357 1.96792705
0.43694 11.85978103 1.96792429
0.43994 11.86073826 1.96792142
0.44294 11.86172553 1.96791846
0.44595 11.86274313 1.96791541
0.44895 11.86379140 1.96791228
0.45195 11.86487073 1.96790908
0.45495 11.86598155 1.96790581
0.45796 11.86712435 1.96790248
0.46096 11.86829967 1.96789908
0.46396 11.86950810 1.96789562
0.46697 11.87075028 1.96789208
0.46997 11.87202693 1.96788848
0.47297 11.87333882 1.96788480
0.47598 11.87468678 1.96788105
0.47898 11.87607172 1.96787720
0.48198 11.87749463 1.96787326
0.48498 11.87895654 1.96786922
0.48799 11.88045861 1.96786506
0.49099 11.88200205 1.96786077
0.49399 11.88358817 1.96785634
0.49700 11.88521838 1.96785176
0.50000 11.88689418 1.96784701
0.50300 11.88861721 1.96784207
0.50601 11.89038917 1.96783692
0.50901 11.89221194 1.96783155
0.51201 11.89408750 1.96782594
0.51502 11.89601797 1.96782006
0.51802 11.89800562 1.96781390
0.52102 11.90005289 1.96780742
0.52402 11.90216239 1.96780060
0.52703 11.90433691 1.96779343
0.53003 11.90657945 1.96778586
0.53303 11.90889320 1.96777787
0.53604 11.91128161 1.96776943
0.53904 11.91374838 1.96776051
0.54204 11.91629746 1.96775108
0.54505 11.91893313 1.96774109
0.54805 11.92165995 1.96773052
0.55105 11.92448287 1.96771932
0.55405 11.92740720 1.96770745
0.55706 11.93043867 1.96769487
0.56006 11.93358348 1.96768153
0.56306 11.93684833 1.96766738
0.56607 11.94024044 1.96765238
0.56907 11.94376769 1.96763647
0.57207 11.94743859 1.96761959
0.57508 11.95126239 1.96760168
0.57808 11.95524919 1.96758267
0.58108 11.95940998 1.96756250
0.58408 11.96375674 1.96754108
0.58709 11.96830262 1.96751834
0.59009 11.97306200 1.96749420
0.59309 11.97805069 1.96746855
0.59610 11.98328606 1.96744129
0.59910 11.98878730 1.96741232
0.60210 11.99457559 1.96738151
0.60511 12.00067439 1.96734872
0.60811 12.00710978 1.96731383
0.61111 12.01391079 1.96727666
0.61411 12.02110981 1.96723704
0.61712 12.02874313 1.96719477
0.62012 12.03685153 1.96714965
0.62312 12.04548093 1.96710142
0.62613 12.05468329 1.96704981
0.62913 12.06451758 1.96699453
0.63213 12.07505101 1.96693524
0.63514 12.08636047 1.96687153
0.63814 12.09853438 1.96680298
0.64114 12.11167484 1.96672908
0.64414 12.12590044 1.96664924
0.64715 12.14134964 1.96656281
0.65015 12.15818511 1.96646901
0.65315 12.17659925 1.96636694
0.65616 12.19682128 1.96625553
0.65916 12.21912644 1.96613353
0.66216 12.24384825 1.96599946
0.66517 12.27139476 1.96585153
0.66817 12.30227089 1.96568758
0.67117 12.33710923 1.96550499
0.67417 12.37671396 1.96530053
0.67718 12.42212473 1.96507019
0.68018 12.47471282 1.96480894
0.68318 12.53633134 1.96451041
0.68619 12.60956153 1.96416645
0.68919 12.69814253 1.96376663
0.69219 12.80778535 1.96329765
0.69520 12.94790114 1.96274351
0.69820 13.13593270 1.96208956
0.70120 13.41145298 1.96135158
0.70420 13.91066735 1.96085095
0.70721 15.83221239 1.97005900
0.71021 20.33522676 2.06156226
0.71321 23.54407077 2.17742137
0.71622 26.23049985 2.29005561
0.71922 28.99654764 2.39708456
0.72222 32.49780040 2.49610514
0.72523 38.08926988 2.58085747
0.72823 49.71493854 2.62915887
0.73123 80.89114238 2.54800163
0.73423 131.55184994 2.23315454
0.73724 86.11448353 2.51701320
0.74024 55.59596263 2.82269342
0.74324 47.34885918 2.98776044
0.74625 47.23208567 3.08812336
0.74925 52.18455908 3.12884359
0.75225 61.98490025 3.06267836
0.75526 72.85968633 2.82823551
0.75826 72.40408343 2.56822877
0.76126 60.12709052 2.54248325
0.76426 48.68945023 2.66948100
0.76727 41.72567726 2.81231173
0.77027 38.05682841 2.93159436
0.77327 36.61601360 3.02477531
0.77628 37.21335159 3.09409829
0.77928 41.02748640 3.13602990
0.78228 53.56386171 3.12366315
0.78529 100.04749340 2.91958001
0.78829 141.13951370 2.70058684
0.79129 67.73625791 3.11849186
0.79429 44.94751501 3.26920366
0.79730 38.49866985 3.32087587
0.80030 37.16362184 3.33158854
0.80330 38.72818819 3.30767213
0.80631 43.37811100 3.23675851
0.80931 52.43551286 3.09500776
0.81231 65.71261310 2.89139295
0.81532 72.68801307 2.81160748
0.81832 62.72504020 3.01847859
0.82132 48.69356504 3.27749886
0.82432 39.17703289 3.45050480
0.82733 33.52810100 3.55503726
0.83033 30.10027154 3.62113298
0.83333 27.89969678 3.66613367
0.83634 26.40267668 3.69897733
0.83934 25.33023080 3.72436007
0.84234 24.52717996 3.74487302
0.84535 23.90297963 3.76202409
0.84835 23.40238490 3.77673656
0.85135 22.99033296 3.78960271
0.85435 22.64380823 3.80101909
0.85736 22.34728311 3.81126168
0.86036 22.09007327 3.82052963
0.86336 21.86476895 3.82897155
0.86637 21.66631076 3.83670191
0.86937 21.49149938 3.84381187
0.87237 21.33888140 3.85037671
0.87538 21.20914019 3.85646195
0.87838 21.10657453 3.86213028
0.88138 21.04397982 3.86745644
0.88438 21.06327585 3.87259174
0.88739 21.40626423 3.87853349
0.89039 23.72234915 3.91047662
0.89339 25.90134025 3.98511802
0.89640 27.13391025 4.05959615
0.89940 27.91915103 4.13083277
0.90240 28.42914341 4.19815261
0.90541 28.74858948 4.26125347
0.90841 28.92844848 4.32001915
0.91141 29.00312562 4.37445685
0.91441 28.99753283 4.42466151
0.91742 28.93050716 4.47079012
0.92042 28.81668338 4.51304168
0.92342 28.66762754 4.55164153
0.92643 28.49258203 4.58682905
0.92943 28.29898943 4.61884843
0.93243 28.09288145 4.64794181
0.93544 27.87918150 4.67434442
0.93844 27.66195035 4.69828131
0.94144 27.44459579 4.71996532
0.94444 27.23006401 4.73959598
0.94745 27.02103228 4.75735914
0.95045 26.82013057 4.77342722
0.95345 26.63024079 4.78795988
0.95646 26.45497212 4.80110526
0.95946 26.29953921 4.81300202
0.96246 26.17263635 4.82378326
0.96547 26.09112885 4.83358627
0.96847 26.09455193 4.84258735
0.97147 26.30778505 4.85120565
0.97447 27.48555861 4.86331768
0.97748 34.20802775 4.99268817
0.98048 38.14659637 5.22554495
0.98348 39.34738679 5.39072950
0.98649 39.63354654 5.50716802
0.98949 39.58766600 5.59516115
0.99249 39.46668245 5.66735650
0.99550 39.35182745 5.73040252
0.99850 39.27384299 5.78827864
1.00150 39.24614798 5.84362940
1.00450 39.27632466 5.89840035
1.00751 39.37112966 5.95418991
1.01051 39.53970042 6.01248937
1.01351 39.79726676 6.07491451
1.01652 40.17230578 6.14355859
1.01952 40.72590115 6.22182201
1.02252 41.62849025 6.31745472
1.02553 43.57212513 6.45669540
1.02853 45.32642250 6.59893929
1.03153 45.79917301 6.69459966
1.03453 45.93667135 6.77326767
1.03754 45.93896318 6.84275760
1.04054 45.87117449 6.90600497
1.04354 45.76316092 6.96455416
1.04655 45.63126971 7.01936257
1.04955 45.48556595 7.07108628
1.05255 45.33283678 7.12020812
1.05556 45.17803464 7.16710425
1.05856 45.02504823 7.21208253
1.06156 44.87715302 7.25540649
1.06456 44.73729852 7.29731137
1.06757 44.60831060 7.33801567
1.07057 44.49305126 7.37772997
1.07357 44.39456208 7.41666426
1.07658 44.31620944 7.45503457
1.07958 44.26184723 7.49306945
1.08258 44.23601247 7.53101675
1.08559 44.24417212 7.56915114
1.08859 44.29304371 7.60778270
1.09159 44.39102001 7.64726687
1.09459 44.54873658 7.68801583
1.09760 44.77983238 7.73051076
1.10060 45.10196144 7.77531351
1.10360 45.53810762 7.82307313
1.10661 46.11820400 7.87451742
1.10961 46.88088533 7.93040756
1.11261 47.87472563 7.99140995
1.11562 49.15713830 8.05779488
1.11862 50.78652370 8.12880003
1.12162 52.79848517 8.20142898
1.12462 55.15162271 8.26856627
1.12763 57.63490028 8.31710167
1.13063 59.78011994 8.32887904
1.13363 60.92995394 8.28889077
1.13664 60.59657694 8.19901587
1.13964 58.86086368 8.08237316
1.14264 56.31465909 7.96885797
1.14565 53.61708753 7.87789397
1.14865 51.18419019 7.81474748
1.15165 49.17369572 7.77628312
1.15465 47.59160480 7.75681510
1.15766 46.38365104 7.75103048
1.16066 45.48371806 7.75483120
1.16366 44.83296929 7.76529331
1.16667 44.38488207 7.78038628
1.16967 44.10480594 7.79869162
1.17267 43.96788630 7.81918023
1.17568 43.95679004 7.84104748
1.17868 44.05963265 7.86359074
1.18168 44.26809657 7.88611488
1.18468 44.57557967 7.90785665
1.18769 44.97516770 7.92792547
1.19069 45.45724713 7.94526675
1.19369 46.00669180 7.95866370
1.19670 46.59983398 7.96680458
1.19970 47.20193019 7.96844686
1.20270 47.76649162 7.96269672
1.20571 48.23830617 7.94937599
1.20871 48.56150136 7.92936879
1.21171 48.69194190 7.90476793
1.21471 48.61015789 7.87865752
1.21772 48.32917706 7.85452297
1.22072 47.89351394 7.83549672
1.22372 47.37061338 7.82375063
1.22673 46.84057175 7.82023984
1.22973 46.39116010 7.82478634
1.23273 46.12442874 7.83633047
1.23574 46.18350363 7.85313447
1.23874 46.82296821 7.87270544
1.24174 48.60281857 7.89099077
1.24474 53.01809189 7.89927066
1.24775 64.98477071 7.87161473
1.25075 102.15489277 7.71850721
1.25375 142.45060697 7.55747872
1.25676 84.96271483 7.88980514
1.25976 58.18245169 8.06272081
1.26276 48.82734672 8.14756966
1.26577 44.74079451 8.20581121
1.26877 42.61525474 8.25386615
1.27177 41.38100722 8.29690981
1.27477 40.62511388 8.33686388
1.27778 40.17002573 8.37451236
1.28078 39.94021603 8.41016765
1.28378 39.91648544 8.44389715
1.28679 40.12512596 8.47557318
1.28979 40.65092319 8.50479168
1.29279 41.68613574 8.53056619
1.29580 43.66968044 8.55039787
1.29880 47.71460843 8.55716337
1.30180 57.12567461 8.52679255
1.30480 82.82409661 8.36466117
1.30781 130.54393605 7.92066071
1.31081 97.89953811 8.05901735
1.31381 63.13369226 8.36535183
1.31682 50.66873230 8.50737480
1.31982 45.80173928 8.58109293
1.32282 43.76280687 8.62666439
1.32583 43.04895499 8.65850895
1.32883 43.12448210 8.68258924
1.33183 43.80049419 8.70172925
1.33483 45.05061682 8.71742280
1.33784 46.98105829 8.73053406
1.34084 50.05496824 8.74160226
1.34384 55.81498612 8.75104658
1.34685 61.07132064 8.75919936
1.34985 64.87160467 8.76628988
1.35285 67.54298165 8.77237763
1.35586 69.63595583 8.77757069
1.35886 71.35329389 8.78196171
1.36186 72.80820190 8.78562806
1.36486 74.08170131 8.78863642
1.36787 75.24496937 8.79104900
1.37087 76.37349382 8.79293543
1.37387 77.56182973 8.79440138
1.37688 78.94593382 8.79566171
1.37988 80.74441204 8.79723646
1.38288 83.34251334 8.80049865
1.38589 87.46869956 8.80927875
1.38889 94.52542591 8.83465281
1.39189 106.71369093 8.90722748
1.39489 123.30058840 9.08064857
1.39790 129.58847645 9.29998673
1.40090 119.88841295 9.36990483
1.40390 114.47154654 9.34342039
1.40691 126.86645471 9.34613678
1.40991 161.63379090 9.49401541
1.41291 144.92254703 9.62168474
1.41592 107.86320696 9.57079310
1.41892 91.50901061 9.54515381
1.42192 84.19920206 9.55442429
1.42492 80.37233320 9.58505013
1.42793 78.08355938 9.62948852
1.43093 76.55790178 9.68359815
1.43393 75.43705523 9.74471427
1.43694 74.53299022 9.81079346
1.43994 73.73686167 9.88003985
1.44294 72.98166993 9.95075520
1.44595 72.22563319 10.02130806
1.44895 71.44408605 10.09016994
1.45195 70.62491723 10.15598281
1.45495 69.76540217 10.21762889
1.45796 68.86956656 10.27428091
1.46096 67.94583153 10.32542104
1.46396 67.00495974 10.37082722
1.46697 66.05839160 10.41053370
1.46997 65.11702825 10.44477657
1.47297 64.19045392 10.47393494
1.47598 63.28653581 10.49847606
1.47898 62.41131142 10.51890927
1.48198 61.56906962 10.53575055
1.48498 60.76254476 10.54949762
1.48799 59.99316229 10.56061388
1.49099 59.26129429 10.56951950
1.49399 58.56649972 10.57658775
1.49700 57.90773631 10.58214483
1.50000 57.28353930 10.58647204
