-1.50000 21.75514598 5.96822059
-1.49700 21.74730140 5.96820337
-1.49399 21.73995087 5.96818599
-1.49099 21.73304394 5.96816843
-1.48799 21.72653687 5.96815066
-1.48498 21.72039161 5.96813266
-1.48198 21.71457488 5.96811442
-1.47898 21.70905753 5.96809591
-1.47598 21.70381390 5.96807711
-1.47297 21.69882137 5.96805801
-1.46997 21.69405989 5.96803858
-1.46697 21.68951172 5.96801881
-1.46396 21.68516103 5.96799867
-1.46096 21.68099376 5.96797813
-1.45796 21.67699732 5.96795717
-1.45495 21.67316045 5.96793577
-1.45195 21.66947306 5.96791389
-1.44895 21.66592608 5.96789149
-1.44595 21.66251137 5.96786855
-1.44294 21.65922161 5.96784501
-1.43994 21.65605018 5.96782084
-1.43694 21.65299114 5.96779597
-1.43393 21.65003913 5.96777035
-1.43093 21.64718932 5.96774389
-1.42793 21.64443735 5.96771654
-1.42492 21.64177931 5.96768817
-1.42192 21.63921167 5.96765869
-1.41892 21.63673129 5.96762796
-1.41592 21.63433532 5.96759579
-1.41291 21.63202068 5.96756194
-1.40991 21.62978794 5.96752599
-1.40691 21.62763070 5.96748680
-1.40390 21.62556462 5.96743655
-1.40090 21.62341956 5.96730645
-1.39790 21.62159802 5.96734764
-1.39489 21.61977730 5.96723859
-1.39189 21.61796800 5.96725052
-1.38889 21.61628408 5.96717157
-1.38589 21.61495083 5.96682987
-1.38288 21.61299003 5.96704864
-1.37988 21.61151431 5.96698736
-1.37688 21.61008019 5.96690137
-1.37387 21.60871144 5.96680015
-1.37087 21.60740977 5.96668188
-1.36787 21.60617434 5.96654248
-1.36486 21.60500295 5.96637608
-1.36186 21.60389198 5.96617451
-1.35886 21.60283513 5.96592636
-1.35586 21.60182206 5.96561542
-1.35285 21.60083545 5.96521821
-1.34985 21.59984682 5.96469996
-1.34685 21.59880843 5.96400782
-1.34384 21.59763909 5.96305897
-1.34084 21.59619770 5.96171911
-1.33784 21.59423139 5.95976137
-1.33483 21.59126882 5.95678334
-1.33183 21.58638506 5.95202726
-1.32883 21.57763838 5.94395466
-1.32583 21.56056392 5.92911725
-1.32282 21.52348056 5.89864334
-1.31982 21.42906251 5.82431184
-1.31682 21.10524351 5.57367589
-1.31381 19.94224820 4.72318988
-1.31081 19.17234300 4.37976775
-1.30781 26.53488738 4.68395366
-1.30480 27.94401408 4.63600197
-1.30180 17.23165172 4.08615957
-1.29880 16.17374539 4.03660788
-1.29580 16.14660068 4.03839580
-1.29279 17.26461490 4.10865771
-1.28979 29.80141511 5.10126084
-1.28679 23.53749240 4.94125932
-1.28378 21.16281450 5.23152372
-1.28078 21.27288044 5.73258877
-1.27778 21.40493310 5.86495693
-1.27477 21.46254863 5.91238592
-1.27177 21.49173838 5.93408557
-1.26877 21.50810371 5.94547200
-1.26577 21.51787316 5.95201705
-1.26276 21.52386569 5.95603630
-1.25976 21.52745790 5.95863197
-1.25676 21.52932248 5.96037586
-1.25375 21.52970041 5.96158503
-1.25075 21.52836759 5.96244492
-1.24775 21.52481850 5.96306888
-1.24474 21.52201018 5.96352884
-1.24174 21.52235190 5.96387186
-1.23874 21.52459700 5.96412965
-1.23574 21.52812584 5.96432405
-1.23273 21.53184590 5.96447047
-1.22973 21.53565313 5.96457993
-1.22673 21.53952980 5.96466053
-1.22372 21.54347477 5.96471822
-1.22072 21.54749256 5.96475752
-1.21772 21.55158909 5.96478184
-1.21471 21.55577053 5.96479381
-1.21171 21.56004310 5.96479549
-1.20871 21.56441255 5.96478849
-1.20571 21.56888427 5.96477407
-1.20270 21.57346393 5.96475325
-1.19970 21.57815674 5.96472685
-1.19670 21.58296859 5.96469552
-1.19369 21.58790424 5.96465980
-1.19069 21.59296700 5.96462013
-1.18769 21.59816463 5.96457685
-1.18468 21.60350041 5.96453026
-1.18168 21.60897945 5.96448060
-1.17868 21.61460743 5.96442805
-1.17568 21.62038933 5.96437278
-1.17267 21.62633049 5.96431492
-1.16967 21.63243635 5.96425456
-1.16667 21.63871255 5.96419178
-1.16366 21.64516487 5.96412665
-1.16066 21.65179930 5.96405922
-1.15766 21.65862202 5.96398950
-1.15465 21.66563949 5.96391753
-1.15165 21.67285837 5.96384331
-1.14865 21.68028563 5.96376684
-1.14565 21.68792852 5.96368811
-1.14264 21.69579461 5.96360710
-1.13964 21.70389182 5.96352377
-1.13664 21.71222843 5.96343811
-1.13363 21.72081311 5.96335006
-1.13063 21.72965497 5.96325957
-1.12763 21.73876355 5.96316660
-1.12462 21.74814889 5.96307107
-1.12162 21.75782156 5.96297293
-1.11862 21.76779268 5.96287209
-1.11562 21.77807397 5.96276847
-1.11261 21.78867780 5.96266199
-1.10961 21.79961725 5.96255255
-1.10661 21.81090614 5.96244004
-1.10360 21.82255908 5.96232436
-1.10060 21.83459158 5.96220537
-1.09760 21.84702008 5.96208296
-1.09459 21.85986203 5.96195699
-1.09159 21.87313600 5.96182730
-1.08859 21.88686174 5.96169373
-1.08559 21.90106030 5.96155612
-1.08258 21.91575414 5.96141428
-1.07958 21.93096726 5.96126802
-1.07658 21.94672531 5.96111712
-1.07357 21.96305579 5.96096135
-1.07057 21.97998820 5.96080047
-1.06757 21.99755421 5.96063421
-1.06456 22.01578790 5.96046229
-1.06156 22.03472600 5.96028439
-1.05856 22.05440816 5.96010018
-1.05556 22.07487724 5.95990929
-1.05255 22.09617966 5.95971131
-1.04955 22.11836582 5.95950582
-1.04655 22.14149048 5.95929230
-1.04354 22.16561336 5.95907023
-1.04054 22.19079962 5.95883897
-1.03754 22.21712059 5.95859776
-1.03453 22.24465451 5.95834565
-1.03153 22.27348733 5.95808122
-1.02853 22.30371349 5.95780178
-1.02553 22.33543513 5.95749914
-1.02252 22.36873892 5.95711706
-1.01952 22.40321519 5.95412761
-1.01652 22.44065443 5.95630319
-1.01351 22.47946786 5.95599128
-1.01051 22.52094956 5.95340475
-1.00751 22.56493269 5.95519322
-1.00450 22.61121229 5.95503182
-1.00150 22.66052552 5.95462772
-0.99850 22.71308355 5.95417622
-0.99550 22.76923639 5.95368937
-0.99249 22.82939082 5.95316694
-0.98949 22.89402103 5.95260597
-0.98649 22.96368384 5.95200223
-0.98348 23.03903815 5.95135039
-0.98048 23.12087036 5.95064398
-0.97748 23.21012797 5.94987514
-0.97447 23.30796459 5.94903426
-0.97147 23.41580139 5.94810951
-0.96847 23.53541252 5.94708611
-0.96547 23.66904636 5.94594537
-0.96246 23.81960200 5.94466316
-0.95946 23.99089303 5.94320780
-0.95646 24.18805525 5.94153663
-0.95345 24.41820077 5.93959054
-0.95045 24.69151681 5.93728476
-0.94745 25.02321661 5.93449219
-0.94444 25.43725260 5.93101107
-0.94144 25.97404367 5.92649529
-0.93844 26.70860472 5.92028079
-0.93544 27.80099876 5.91084668
-0.93243 29.67965727 5.89338328
-0.92943 34.12056393 5.83524434
-0.92643 39.21487994 4.80048050
-0.92342 22.34049265 4.01998460
-0.92042 20.73828845 3.98735276
-0.91742 20.31614791 3.98128460
-0.91441 20.13798563 3.97924550
-0.91141 20.04395560 3.97833729
-0.90841 19.98736631 3.97785808
-0.90541 19.95023059 3.97757405
-0.90240 19.92431942 3.97739036
-0.89940 19.90539586 3.97726300
-0.89640 19.89108112 3.97716945
-0.89339 19.87994813 3.97709726
-0.89039 19.87109464 3.97703912
-0.88739 19.86392538 3.97699056
-0.88438 19.85803356 3.97694869
-0.88138 19.85313280 3.97691161
-0.87838 19.84901635 3.97687801
-0.87538 19.84553162 3.97684697
-0.87237 19.84256387 3.97681785
-0.86937 19.84002537 3.97679018
-0.86637 19.83784803 3.97676358
-0.86336 19.83597832 3.97673780
-0.86036 19.83437369 3.97671264
-0.85736 19.83299992 3.97668792
-0.85435 19.83182927 3.97666353
-0.85135 19.83083904 3.97663937
-0.84835 19.83001055 3.97661535
-0.84535 19.82932828 3.97659142
-0.84234 19.82877929 3.97656751
-0.83934 19.82835273 3.97654359
-0.83634 19.82803947 3.97651961
-0.83333 19.82783176 3.97649554
-0.83033 19.82772305 3.97647136
-0.82733 19.82770775 3.97644705
-0.82432 19.82778111 3.97642258
-0.82132 19.82793905 3.97639793
-0.81832 19.82817813 3.97637309
-0.81532 19.82849537 3.97634805
-0.81231 19.82888826 3.97632279
-0.80931 19.82935465 3.97629730
-0.80631 19.82989273 3.97627157
-0.80330 19.83050097 3.97624560
-0.80030 19.83117809 3.97621936
-0.79730 19.83192304 3.97619285
-0.79429 19.83273497 3.97616607
-0.79129 19.83361320 3.97613900
-0.78829 19.83455719 3.97611164
-0.78529 19.83556658 3.97608397
-0.78228 19.83664110 3.97605600
-0.77928 19.83778063 3.97602772
-0.77628 19.83898512 3.97599911
-0.77327 19.84025464 3.97597017
-0.77027 19.84158935 3.97594089
-0.76727 19.84298949 3.97591128
-0.76426 19.84445536 3.97588131
-0.76126 19.84598737 3.97585098
-0.75826 19.84758597 3.97582028
-0.75526 19.84925167 3.97578922
-0.75225 19.85098507 3.97575777
-0.74925 19.85278680 3.97572594
-0.74625 19.85465757 3.97569371
-0.74324 19.85659812 3.97566108
-0.74024 19.85860927 3.97562803
-0.73724 19.86069188 3.97559457
-0.73423 19.86284684 3.97556069
-0.73123 19.86507514 3.97552636
-0.72823 19.86737776 3.97549160
-0.72523 19.86975579 3.97545638
-0.72222 19.87221031 3.97542071
-0.71922 19.87474249 3.97538456
-0.71622 19.87735354 3.97534794
-0.71321 19.88004470 3.97531082
-0.71021 19.88281729 3.97527321
-0.70721 19.88567266 3.97523510
-0.70420 19.88861221 3.97519646
-0.70120 19.89163740 3.97515730
-0.69820 19.89474975 3.97511760
-0.69520 19.89795082 3.97507734
-0.69219 19.90124222 3.97503653
-0.68919 19.90462563 3.97499515
-0.68619 19.90810278 3.97495318
-0.68318 19.91167547 3.97491061
-0.68018 19.91534554 3.97486743
-0.67718 19.91911492 3.97482364
-0.67417 19.92298557 3.97477920
-0.67117 19.92695955 3.97473412
-0.66817 19.93103897 3.97468837
-0.66517 19.93522601 3.97464195
-0.66216 19.93952293 3.97459483
-0.65916 19.94393206 3.97454700
-0.65616 19.94845582 3.97449845
-0.65315 19.95309669 3.97444916
-0.65015 19.95785726 3.97439911
-0.64715 19.96274019 3.97434829
-0.64414 19.96774824 3.97429667
-0.64114 19.97288424 3.97424424
-0.63814 19.97815117 3.97419098
-0.63514 19.98355205 3.97413687
-0.63213 19.98909006 3.97408188
-0.62913 19.99476846 3.97402600
-0.62613 20.00059064 3.97396921
-0.62312 20.00656010 3.97391147
-0.62012 20.01268047 3.97385278
-0.61712 20.01895552 3.97379310
-0.61411 20.02538914 3.97373240
-0.61111 20.03198539 3.97367067
-0.60811 20.03874845 3.97360787
-0.60511 20.04568268 3.97354398
-0.60210 20.05279259 3.97347897
-0.59910 20.06008288 3.97341280
-0.59610 20.06755842 3.97334545
-0.59309 20.07522426 3.97327688
-0.59009 20.08308568 3.97320705
-0.58709 20.09114814 3.97313594
-0.58408 20.09941733 3.97306351
-0.58108 20.10789918 3.97298971
-0.57808 20.11659985 3.97291451
-0.57508 20.12552576 3.97283786
-0.57207 20.13468361 3.97275973
-0.56907 20.14408037 3.97268006
-0.56607 20.15372332 3.97259881
-0.56306 20.16362006 3.97251593
-0.56006 20.17377851 3.97243138
-0.55706 20.18420696 3.97234508
-0.55405 20.19491407 3.97225700
-0.55105 20.20590889 3.97216706
-0.54805 20.21720090 3.97207522
-0.54505 20.22880000 3.97198139
-0.54204 20.24071660 3.97188553
-0.53904 20.25296158 3.97178755
-0.53604 20.26554637 3.97168738
-0.53303 20.27848296 3.97158495
-0.53003 20.29178393 3.97148017
-0.52703 20.30546252 3.97137295
-0.52402 20.31953266 3.97126321
-0.52102 20.33400898 3.97115085
-0.51802 20.34890691 3.97103577
-0.51502 20.36424273 3.97091786
-0.51201 20.38003358 3.97079702
-0.50901 20.39629758 3.97067312
-0.50601 20.41305387 3.97054603
-0.50300 20.43032269 3.97041564
-0.50000 20.44812547 3.97028179
-0.49700 20.46648491 3.97014434
-0.49399 20.48542509 3.97000313
-0.49099 20.50497157 3.96985800
-0.48799 20.52515153 3.96970876
-0.48498 20.54599385 3.96955523
-0.48198 20.56752932 3.96939721
-0.47898 20.58979076 3.96923448
-0.47598 20.61281321 3.96906681
-0.47297 20.63663411 3.96889395
-0.46997 20.66129355 3.96871564
-0.46697 20.68683447 3.96853161
-0.46396 20.71330297 3.96834154
-0.46096 20.74074859 3.96814511
-0.45796 20.76922464 3.96794196
-0.45495 20.79878859 3.96773173
-0.45195 20.82950252 3.96751399
-0.44895 20.86143356 3.96728831
-0.44595 20.89465443 3.96705420
-0.44294 20.92924412 3.96681114
-0.43994 20.96528851 3.96655856
-0.43694 21.00288125 3.96629583
-0.43393 21.04212460 3.96602228
-0.43093 21.08313055 3.96573716
-0.42793 21.12602199 3.96543964
-0.42492 21.17093413 3.96512883
-0.42192 21.21801616 3.96480372
-0.41892 21.26743311 3.96446320
-0.41592 21.31936811 3.96410605
-0.41291 21.37402501 3.96373087
-0.40991 21.43163152 3.96333615
-0.40691 21.49244287 3.96292014
-0.40390 21.55674627 3.96248089
-0.40090 21.62486626 3.96201619
-0.39790 21.69717111 3.96152351
-0.39489 21.77408078 3.96099998
-0.39189 21.85607657 3.96044227
-0.38889 21.94371313 3.95984655
-0.38589 22.03763348 3.95920834
-0.38288 22.13858797 3.95852239
-0.37988 22.24745835 3.95778251
-0.37688 22.36528900 3.95698131
-0.37387 22.49332746 3.95610989
-0.37087 22.63307824 3.95515745
-0.36787 22.78637499 3.95411070
-0.36486 22.95547911 3.95295310
-0.36186 23.14321701 3.95166370
-0.35886 23.35317520 3.95021560
-0.35586 23.58998462 3.94857350
-0.35285 23.85974632 3.94669001
-0.34985 24.17069019 3.94449980
-0.34685 24.53423355 3.94190977
-0.34384 24.96676172 3.93878178
-0.34084 25.49279318 3.93490028
-0.33784 26.15100726 3.92990610
-0.33483 27.00677976 3.92314570
-0.33183 28.18148863 3.91327210
-0.32883 29.93316482 3.89692654
-0.32583 32.93908702 3.86247138
-0.32282 39.65425277 3.72687394
-0.31982 31.03662932 2.29096184
-0.31682 19.59420251 2.01005367
-0.31381 18.28802006 1.99516533
-0.31081 17.87745779 1.99189649
-0.30781 17.68947866 1.99071907
-0.30480 17.58542183 1.99017175
-0.30180 17.52080906 1.98987232
-0.29880 17.47748050 1.98968793
-0.29580 17.44678605 1.98956329
-0.29279 17.42413663 1.98947229
-0.28979 17.40689533 1.98940142
-0.28679 17.39345071 1.98934314
-0.28378 17.38276857 1.98929302
-0.28078 17.37415823 1.98924831
-0.27778 17.36714293 1.98920724
-0.27477 17.36138436 1.98916863
-0.27177 17.35663674 1.98913168
-0.26877 17.35271794 1.98909580
-0.26577 17.34949062 1.98906059
-0.26276 17.34684975 1.98902573
-0.25976 17.34471394 1.98899100
-0.25676 17.34301952 1.98895620
-0.25375 17.34171620 1.98892121
-0.25075 17.34076405 1.98888589
-0.24775 17.34013118 1.98885015
-0.24474 17.33979206 1.98881391
-0.24174 17.33972625 1.98877710
-0.23874 17.33991744 1.98873964
-0.23574 17.34035269 1.98870149
-0.23273 17.34102183 1.98866258
-0.22973 17.34191707 1.98862286
-0.22673 17.34303254 1.98858229
-0.22372 17.34436414 1.98854082
-0.22072 17.34590918 1.98849838
-0.21772 17.34766631 1.98845495
-0.21471 17.34963532 1.98841047
-0.21171 17.35181705 1.98836488
-0.20871 17.35421329 1.98831815
-0.20571 17.35682674 1.98827020
-0.20270 17.35966092 1.98822100
-0.19970 17.36272017 1.98817048
-0.19670 17.36600961 1.98811858
-0.19369 17.36953510 1.98806524
-0.19069 17.37330330 1.98801040
-0.18769 17.37732163 1.98795399
-0.18468 17.38159826 1.98789593
-0.18168 17.38614221 1.98783614
-0.17868 17.39096328 1.98777456
-0.17568 17.39607218 1.98771108
-0.17267 17.40148050 1.98764562
-0.16967 17.40720081 1.98757808
-0.16667 17.41324670 1.98750836
-0.16366 17.41963283 1.98743635
-0.16066 17.42637506 1.98736193
-0.15766 17.43349049 1.98728497
-0.15465 17.44099762 1.98720533
-0.15165 17.44891638 1.98712288
-0.14865 17.45726834 1.98703746
-0.14565 17.46607684 1.98694890
-0.14264 17.47536711 1.98685701
-0.13964 17.48516653 1.98676161
-0.13664 17.49550478 1.98666248
-0.13363 17.50641412 1.98655939
-0.13063 17.51792965 1.98645210
-0.12763 17.53008964 1.98634033
-0.12462 17.54293587 1.98622379
-0.12162 17.55651403 1.98610216
-0.11862 17.57087424 1.98597508
-0.11562 17.58607153 1.98584217
-0.11261 17.60216651 1.98570300
-0.10961 17.61922610 1.98555711
-0.10661 17.63732436 1.98540397
-0.10360 17.65654350 1.98524301
-0.10060 17.67697504 1.98507358
-0.09760 17.69872121 1.98489498
-0.09459 17.72189657 1.98470640
-0.09159 17.74663002 1.98450693
-0.08859 17.77306711 1.98429556
-0.08559 17.80137289 1.98407113
-0.08258 17.83173544 1.98383233
-0.07958 17.86437005 1.98357764
-0.07658 17.89952454 1.98330533
-0.07357 17.93748576 1.98301338
-0.07057 17.97858786 1.98269945
-0.06757 18.02322273 1.98236077
-0.06456 18.07185341 1.98199408
-0.06156 18.12503157 1.98159549
-0.05856 18.18342042 1.98116028
-0.05556 18.24782538 1.98068273
-0.05255 18.31923568 1.98015578
-0.04955 18.39888180 1.97957059
-0.04655 18.48831650 1.97891592
-0.04354 18.58953177 1.97817725
-0.04054 18.70513200 1.97733538
-0.03754 18.83859861 1.97636427
-0.03453 18.99470900 1.97522753
-0.03153 19.18022874 1.97387235
-0.02853 19.40511596 1.97221835
-0.02553 19.68475442 1.97013547
-0.02252 20.04444346 1.96739515
-0.01952 20.52944081 1.96354599
-0.01652 21.23099429 1.95752583
-0.01351 22.37036679 1.94599030
-0.01051 24.68836052 1.91021244
-0.00751 30.75101751 1.40966148
-0.00450 18.11704438 0.08160921
-0.00150 16.22191060 0.01510380
0.00150 15.82468434 0.00583331
0.00450 15.66865350 0.00300321
0.00751 15.58803037 0.00180199
0.01051 15.53926876 0.00118942
0.01351 15.50653795 0.00083802
0.01652 15.48285494 0.00061919
0.01952 15.46471294 0.00047439
0.02252 15.45017820 0.00037400
0.02553 15.43810616 0.00030176
0.02853 15.42778061 0.00024819
0.03153 15.41873285 0.00020745
0.03453 15.41064459 0.00017581
0.03754 15.40329289 0.00015079
0.04054 15.39651739 0.00013070
0.04354 15.39020013 0.00011433
0.04655 15.38425256 0.00010084
0.04955 15.37860709 0.00008960
0.05255 15.37321128 0.00008015
0.05556 15.36802392 0.00007213
0.05856 15.36301218 0.00006527
0.06156 15.35814965 0.00005937
0.06456 15.35341487 0.00005425
0.06757 15.34879020 0.00004979
0.07057 15.34426107 0.00004588
0.07357 15.33981530 0.00004243
0.07658 15.33544268 0.00003938
0.07958 15.33113457 0.00003667
0.08258 15.32688361 0.00003425
0.08559 15.32268353 0.00003208
0.08859 15.31852890 0.00003013
0.09159 15.31441505 0.00002837
0.09459 15.31033793 0.00002678
0.09760 15.30629397 0.00002533
0.10060 15.30228009 0.00002401
0.10360 15.29829355 0.00002281
0.10661 15.29433194 0.00002171
0.10961 15.29039312 0.00002071
0.11261 15.28647521 0.00001978
0.11562 15.28257652 0.00001893
0.11862 15.27869552 0.00001814
0.12162 15.27483087 0.00001741
0.12462 15.27098136 0.00001674
0.12763 15.26714587 0.00001611
0.13063 15.26332343 0.00001553
0.13363 15.25951314 0.00001499
0.13664 15.25571418 0.00001449
0.13964 15.25192581 0.00001402
0.14264 15.24814736 0.00001358
0.14565 15.24437821 0.00001316
0.14865 15.24061779 0.00001278
0.15165 15.23686560 0.00001241
0.15465 15.23312116 0.00001207
0.15766 15.22938402 0.00001175
0.16066 15.22565380 0.00001145
0.16366 15.22193012 0.00001117
0.16667 15.21821263 0.00001090
0.16967 15.21450103 0.00001064
0.17267 15.21079502 0.00001040
0.17568 15.20709433 0.00001018
0.17868 15.20339870 0.00000996
0.18168 15.19970790 0.00000976
0.18468 15.19602171 0.00000957
0.18769 15.19233994 0.00000938
0.19069 15.18866238 0.00000921
0.19369 15.18498886 0.00000904
0.19670 15.18131922 0.00000889
0.19970 15.17765330 0.00000874
0.20270 15.17399096 0.00000859
0.20571 15.17033206 0.00000846
0.20871 15.16667646 0.00000833
0.21171 15.16302406 0.00000821
0.21471 15.15937474 0.00000809
0.21772 15.15572839 0.00000797
0.22072 15.15208491 0.00000787
0.22372 15.14844422 0.00000776
0.22673 15.14480621 0.00000767
0.22973 15.14117081 0.00000757
0.23273 15.13753794 0.00000748
0.23574 15.13390752 0.00000740
0.23874 15.13027949 0.00000732
0.24174 15.12665378 0.00000724
0.24474 15.12303031 0.00000716
0.24775 15.11940905 0.00000709
0.25075 15.11578992 0.00000702
0.25375 15.11217288 0.00000696
0.25676 15.10855787 0.00000689
0.25976 15.10494486 0.00000683
0.26276 15.10133378 0.00000678
0.26577 15.09772461 0.00000672
0.26877 15.09411729 0.00000667
0.27177 15.09051180 0.00000662
0.27477 15.08690810 0.00000657
0.27778 15.08330614 0.00000652
0.28078 15.07970591 0.00000648
0.28378 15.07610736 0.00000644
0.28679 15.07251047 0.00000640
0.28979 15.06891522 0.00000636
0.29279 15.06532157 0.00000632
0.29580 15.06172950 0.00000629
0.29880 15.05813899 0.00000625
0.30180 15.05455002 0.00000622
0.30480 15.05096257 0.00000619
0.30781 15.04737661 0.00000616
0.31081 15.04379214 0.00000614
0.31381 15.04020912 0.00000611
0.31682 15.03662756 0.00000609
0.31982 15.03304742 0.00000607
0.32282 15.02946871 0.00000604
0.32583 15.02589140 0.00000602
0.32883 15.02231549 0.00000601
0.33183 15.01874096 0.00000599
0.33483 15.01516781 0.00000597
0.33784 15.01159603 0.00000596
0.34084 15.00802560 0.00000595
0.34384 15.00445653 0.00000594
0.34685 15.00088881 0.00000592
0.34985 14.99732242 0.00000592
0.35285 14.99375737 0.00000591
0.35586 14.99019366 0.00000590
0.35886 14.98663128 0.00000590
0.36186 14.98307023 0.00000589
0.36486 14.97951052 0.00000589
0.36787 14.97595213 0.00000589
0.37087 14.97239507 0.00000589
0.37387 14.96883935 0.00000589
0.37688 14.96528496 0.00000589
0.37988 14.96173192 0.00000589
0.38288 14.95818022 0.00000590
0.38589 14.95462987 0.00000590
0.38889 14.95108088 0.00000591
0.39189 14.94753325 0.00000592
0.39489 14.94398701 0.00000593
0.39790 14.94044214 0.00000594
0.40090 14.93689867 0.00000595
0.40390 14.93335661 0.00000597
0.40691 14.92981597 0.00000598
0.40991 14.92627676 0.00000600
0.41291 14.92273901 0.00000602
0.41592 14.91920272 0.00000604
0.41892 14.91566791 0.00000606
0.42192 14.91213461 0.00000609
0.42492 14.90860284 0.00000611
0.42793 14.90507261 0.00000614
0.43093 14.90154395 0.00000617
0.43393 14.89801690 0.00000620
0.43694 14.89449146 0.00000623
0.43994 14.89096768 0.00000627
0.44294 14.88744558 0.00000630
0.44595 14.88392520 0.00000634
0.44895 14.88040657 0.00000639
0.45195 14.87688972 0.00000643
0.45495 14.87337471 0.00000648
0.45796 14.86986156 0.00000652
0.46096 14.86635033 0.00000658
0.46396 14.86284106 0.00000663
0.46697 14.85933380 0.00000669
0.46997 14.85582860 0.00000675
0.47297 14.85232553 0.00000681
0.47598 14.84882463 0.00000688
0.47898 14.84532598 0.00000695
0.48198 14.84182964 0.00000702
0.48498 14.83833568 0.00000710
0.48799 14.83484419 0.00000719
0.49099 14.83135523 0.00000727
0.49399 14.82786891 0.00000736
0.49700 14.82438530 0.00000746
0.50000 14.82090451 0.00000756
0.50300 14.81742664 0.00000767
0.50601 14.81395180 0.00000778
0.50901 14.81048012 0.00000790
0.51201 14.80701172 0.00000802
0.51502 14.80354673 0.00000815
0.51802 14.80008530 0.00000829
0.52102 14.79662759 0.00000844
0.52402 14.79317376 0.00000859
0.52703 14.78972399 0.00000876
0.53003 14.78627847 0.00000893
0.53303 14.78283741 0.00000911
0.53604 14.77940102 0.00000930
0.53904 14.77596955 0.00000951
0.54204 14.77254326 0.00000973
0.54505 14.76912242 0.00000996
0.54805 14.76570732 0.00001020
0.55105 14.76229830 0.00001046
0.55405 14.75889570 0.00001074
0.55706 14.75549991 0.00001103
0.56006 14.75211133 0.00001135
0.56306 14.74873041 0.00001168
0.56607 14.74535766 0.00001204
0.56907 14.74199359 0.00001242
0.57207 14.73863879 0.00001283
0.57508 14.73529391 0.00001327
0.57808 14.73195965 0.00001375
0.58108 14.72863677 0.00001425
0.58408 14.72532612 0.00001480
0.58709 14.72202866 0.00001539
0.59009 14.71874540 0.00001602
0.59309 14.71547751 0.00001671
0.59610 14.71222627 0.00001746
0.59910 14.70899309 0.00001827
0.60210 14.70577959 0.00001915
0.60511 14.70258753 0.00002011
0.60811 14.69941894 0.00002116
0.61111 14.69627607 0.00002232
0.61411 14.69316150 0.00002358
0.61712 14.69007813 0.00002497
0.62012 14.68702927 0.00002651
0.62312 14.68401873 0.00002821
0.62613 14.68105086 0.00003011
0.62913 14.67813069 0.00003222
0.63213 14.67526403 0.00003458
0.63514 14.67245780 0.00003723
0.63814 14.66971986 0.00004022
0.64114 14.66705964 0.00004361
0.64414 14.66448829 0.00004747
0.64715 14.66201914 0.00005189
0.65015 14.65966822 0.00005697
0.65315 14.65745498 0.00006285
0.65616 14.65540321 0.00006971
0.65916 14.65354232 0.00007777
0.66216 14.65190900 0.00008731
0.66517 14.65054962 0.00009871
0.66817 14.64952350 0.00011246
0.67117 14.64890764 0.00012925
0.67417 14.64880365 0.00015000
0.67718 14.64934802 0.00017603
0.68018 14.65072810 0.00020921
0.68318 14.65320721 0.00025236
0.68619 14.65716614 0.00030974
0.68919 14.66317416 0.00038815
0.69219 14.67211708 0.00049887
0.69520 14.68544236 0.00066176
0.69820 14.70566485 0.00091419
0.70120 14.73751413 0.00133322
0.70420 14.79088472 0.00209816
0.70721 14.88986656 0.00370543
0.71021 15.10869052 0.00795791
0.71321 15.79756432 0.02565936
0.71622 21.45206848 0.29172864
0.71922 27.27832590 1.84555921
0.72222 23.09955433 1.93975864
0.72523 21.39139809 1.95727426
0.72823 20.42860672 1.96480702
0.73123 19.79404843 1.96918040
0.73423 19.33677078 1.97211953
0.73724 18.98769900 1.97426920
0.74024 18.71027324 1.97592972
0.74324 18.48312565 1.97726205
0.74625 18.29283428 1.97836132
0.74925 18.13049334 1.97928788
0.75225 17.98993322 1.98008219
0.75526 17.86672829 1.98077250
0.75826 17.75761140 1.98137927
0.76126 17.66011173 1.98191771
0.76426 17.57232192 1.98239942
0.76727 17.49274329 1.98283342
0.77027 17.42017999 1.98322683
0.77327 17.35366480 1.98358539
0.77628 17.29240595 1.98391376
0.77928 17.23574838 1.98421576
0.78228 17.18314485 1.98449459
0.78529 17.13413425 1.98475292
0.78829 17.08832497 1.98499302
0.79129 17.04538202 1.98521683
0.79429 17.00501700 1.98542599
0.79730 16.96698007 1.98562196
0.80030 16.93105363 1.98580597
0.80330 16.89704717 1.98597912
0.80631 16.86479310 1.98614236
0.80931 16.83414335 1.98629654
0.81231 16.80496655 1.98644240
0.81532 16.77714569 1.98658062
0.81832 16.75057621 1.98671179
0.82132 16.72516431 1.98683644
0.82432 16.70082559 1.98695505
0.82733 16.67748391 1.98706806
0.83033 16.65507035 1.98717585
0.83333 16.63352238 1.98727877
0.83634 16.61278311 1.98737716
0.83934 16.59280068 1.98747131
0.84234 16.57352768 1.98756148
0.84535 16.55492070 1.98764792
0.84835 16.53693989 1.98773086
0.85135 16.51954862 1.98781050
0.85435 16.50271313 1.98788703
0.85736 16.48640227 1.98796063
0.86036 16.47058726 1.98803147
0.86336 16.45524143 1.98809969
0.86637 16.44034005 1.98816544
0.86937 16.42586018 1.98822884
0.87237 16.41178046 1.98829001
0.87538 16.39808100 1.98834908
0.87838 16.38474327 1.98840614
0.88138 16.37174997 1.98846129
0.88438 16.35908491 1.98851462
0.88739 16.34673298 1.98856622
0.89039 16.33467999 1.98861617
0.89339 16.32291265 1.98866454
0.89640 16.31141851 1.98871142
0.89940 16.30018583 1.98875685
0.90240 16.28920362 1.98880091
0.90541 16.27846151 1.98884366
0.90841 16.26794975 1.98888515
0.91141 16.25765914 1.98892543
0.91441 16.24758104 1.98896455
0.91742 16.23770725 1.98900256
0.92042 16.22803008 1.98903951
0.92342 16.21854223 1.98907544
0.92643 16.20923683 1.98911039
0.92943 16.20010737 1.98914439
0.93243 16.19114772 1.98917748
0.93544 16.18235206 1.98920970
0.93844 16.17371490 1.98924107
0.94144 16.16523105 1.98927164
0.94444 16.15689562 1.98930142
0.94745 16.14870395 1.98933046
0.95045 16.14065169 1.98935876
0.95345 16.13273469 1.98938637
0.95646 16.12494906 1.98941330
0.95946 16.11729113 1.98943958
0.96246 16.10975745 1.98946523
0.96547 16.10234478 1.98949027
0.96847 16.09505009 1.98951472
0.97147 16.08787052 1.98953861
0.97447 16.08080344 1.98956194
0.97748 16.07384640 1.98958475
0.98048 16.06699712 1.98960704
0.98348 16.06025354 1.98962883
0.98649 16.05361376 1.98965015
0.98949 16.04707608 1.98967100
0.99249 16.04063899 1.98969140
0.99550 16.03430117 1.98971136
0.99850 16.02806151 1.98973090
1.00150 16.02191908 1.98975004
1.00450 16.01587319 1.98976878
1.00751 16.00992337 1.98978714
1.01051 16.00406938 1.98980513
1.01351 15.99831123 1.98982277
1.01652 15.99264923 1.98984006
1.01952 15.98708393 1.98985702
1.02252 15.98161626 1.98987367
1.02553 15.97624745 1.98989000
1.02853 15.97097916 1.98990604
1.03153 15.96581345 1.98992179
1.03453 15.96075286 1.98993727
1.03754 15.95580050 1.98995250
1.04054 15.95096007 1.98996748
1.04354 15.94623599 1.98998222
1.04655 15.94163346 1.98999674
1.04955 15.93715862 1.99001107
1.05255 15.93281869 1.99002520
1.05556 15.92862215 1.99003916
1.05856 15.92457895 1.99005298
1.06156 15.92070079 1.99006666
1.06456 15.91700145 1.99008024
1.06757 15.91349722 1.99009374
1.07057 15.91020738 1.99010720
1.07357 15.90715489 1.99012065
1.07658 15.90436721 1.99013415
1.07958 15.90187734 1.99014774
1.08258 15.89972521 1.99016150
1.08559 15.89795949 1.99017552
1.08859 15.89663998 1.99018989
1.09159 15.89584079 1.99020476
1.09459 15.89565470 1.99022031
1.09760 15.89619919 1.99023678
1.10060 15.89762491 1.99025448
1.10360 15.90012781 1.99027386
1.10661 15.90396688 1.99029551
1.10961 15.90949084 1.99032030
1.11261 15.91717924 1.99034951
1.11562 15.92770789 1.99038505
1.11862 15.94205695 1.99042989
1.12162 15.96169743 1.99048889
1.12462 15.98892986 1.99057031
1.12763 16.02753960 1.99068909
1.13063 16.08416816 1.99087439
1.13363 16.17148763 1.99118895
1.13664 16.31661195 1.99178723
1.13964 16.58811172 1.99313212
1.14264 17.21337852 1.99713945
1.14565 19.48343251 2.01916142
1.14865 39.76702196 2.54431347
1.15165 41.60101590 3.66556148
1.15465 35.14308646 3.81613729
1.15766 31.84638706 3.86284530
1.16066 29.81057663 3.88605968
1.16366 28.40139167 3.90023544
1.16667 27.35407440 3.90993748
1.16967 26.53729179 3.91707319
1.17267 25.87779631 3.92258689
1.17568 25.33116765 3.92700277
1.17868 24.86872465 3.93063680
1.18168 24.47102484 3.93369172
1.18468 24.12436595 3.93630408
1.18769 23.81877932 3.93856954
1.19069 23.54681812 3.94055732
1.19369 23.30279346 3.94231883
1.19670 23.08227535 3.94389318
1.19970 22.88175631 3.94531068
1.20270 22.69841870 3.94659522
1.20571 22.52996983 3.94776593
1.20871 22.37452287 3.94883831
1.21171 22.23050911 3.94982509
1.21471 22.09661241 3.95073681
1.21772 21.97171935 3.95158231
1.22072 21.85488095 3.95236902
1.22372 21.74528291 3.95310328
1.22673 21.64222210 3.95379053
1.22973 21.54508800 3.95443544
1.23273 21.45334771 3.95504206
1.23574 21.36653389 3.95561395
1.23874 21.28423496 3.95615419
1.24174 21.20608702 3.95666554
1.24474 21.13176720 3.95715040
1.24775 21.06098815 3.95761093
1.25075 20.99349347 3.95804905
1.25375 20.92905386 3.95846649
1.25676 20.86746392 3.95886479
1.25976 20.80853947 3.95924535
1.26276 20.75211533 3.95960944
1.26577 20.69804344 3.95995822
1.26877 20.64619138 3.96029275
1.27177 20.59644119 3.96061400
1.27477 20.54868844 3.96092287
1.27778 20.50284166 3.96122021
1.28078 20.45882206 3.96150679
1.28378 20.41656355 3.96178338
1.28679 20.37601327 3.96205068
1.28979 20.33713252 3.96230942
1.29279 20.29989847 3.96256030
1.29580 20.26430669 3.96280406
1.29880 20.23037499 3.96304148
1.30180 20.19814917 3.96327342
1.30480 20.16771150 3.96350092
1.30781 20.13919353 3.96372521
1.31081 20.11279574 3.96394791
1.31381 20.08881846 3.96417122
1.31682 20.06771199 3.96439830
1.31982 20.05016088 3.96463394
1.32282 20.03723231 3.96488578
1.32583 20.03065152 3.96516683
1.32883 20.03334848 3.96550070
1.33183 20.05063684 3.96593405
1.33483 20.09304544 3.96656935
1.33784 20.18418209 3.96766651
1.34084 20.38763952 3.97004115
1.34384 20.93534238 3.97733600
1.34685 23.39359498 4.02369968
1.34985 46.44742455 5.26212544
1.35285 35.63584724 5.87297937
1.35586 31.22641936 5.90288713
1.35886 29.15998306 5.91420713
1.36186 27.90416063 5.92087743
1.36486 27.03691176 5.92548633
1.36787 26.39075604 5.92894514
1.37087 25.88447545 5.93167783
1.37387 25.47333740 5.93391489
1.37688 25.13042878 5.93579479
1.37988 24.83847114 5.93740683
1.38288 24.58580771 5.93881170
1.38589 24.36426380 5.94005243
1.38889 24.16792948 5.94116054
1.39189 23.99243114 5.94215987
1.39489 23.83447871 5.94306893
1.39790 23.69157795 5.94390255
1.40090 23.56184851 5.94467297
1.40390 23.44391693 5.94539086
1.40691 23.33687303 5.94606612
1.40991 23.24029598 5.94670904
1.41291 23.15438383 5.94733191
1.41592 23.08027807 5.94795231
1.41892 23.02082488 5.94860047
1.42192 22.98246875 5.94933837
1.42492 22.98060599 5.95031913
1.42793 23.05809636 5.95201859
1.43093 23.37381071 5.95653406
1.43393 24.98491774 5.98222618
1.43694 44.56339684 6.67360074
1.43994 31.11430233 6.85568776
1.44294 28.38493866 6.88226009
1.44595 27.21008158 6.89657760
1.44895 26.50232364 6.90550184
1.45195 26.00950107 6.91168466
1.45495 25.63734609 6.91627897
1.45796 25.34150464 6.91986513
1.46096 25.09803212 6.92276848
1.46396 24.89279220 6.92518678
1.46697 24.71694664 6.92724824
1.46997 24.56481682 6.92904083
1.47297 24.43281633 6.93062853
1.47598 24.31895132 6.93206135
1.47898 24.22271142 6.93338292
1.48198 24.14537330 6.93463838
1.48498 24.09099340 6.93588671
1.48799 24.06897392 6.93722804
1.49099 24.10105373 6.93888001
1.49399 24.24366198 6.94144760
1.49700 24.68150594 6.94722825
1.50000 26.36213162 6.97113352
