-2.50000 37.84473421 12.66056378
-2.49499 37.39944907 12.81797295
-2.48999 37.18637548 12.82784254
-2.48498 37.03860866 12.82645841
-2.47998 37.06674478 12.83352802
-2.47497 37.05203222 12.83156278
-2.46997 37.05339694 12.82846120
-2.46496 37.06861600 12.82467572
-2.45996 37.09569497 12.82020175
-2.45495 37.13381507 12.81480149
-2.44995 37.18315527 12.80771414
-2.44494 37.24507969 12.79580903
-2.43994 37.32449844 12.75466776
-2.43493 37.48961792 12.06819131
-2.42993 37.56205318 11.59360360
-2.42492 37.55919022 11.58127704
-2.41992 37.72144912 12.07374054
-2.41491 37.97923888 12.68557713
-2.40991 38.25209115 12.68434586
-2.40490 38.63960322 12.63351595
-2.39990 39.29866877 12.50784558
-2.39489 41.80548581 12.07135299
-2.38989 47.08884923 11.60257592
-2.38488 41.87283355 10.97031269
-2.37988 37.57815491 11.19102458
-2.37487 37.72862723 11.42252367
-2.36987 36.78578809 11.42512327
-2.36486 35.21627660 11.39715700
-2.35986 35.18383387 11.65611680
-2.35485 35.61654116 11.77685887
-2.34985 35.75112767 11.79797776
-2.34484 35.84053846 11.80383692
-2.33984 35.92264612 11.80454718
-2.33483 36.00912855 11.80274052
-2.32983 36.10586095 11.79932939
-2.32482 36.21767977 11.79464871
-2.31982 36.35042078 11.78877719
-2.31481 36.51290308 11.78164085
-2.30981 36.72055096 11.77303661
-2.30480 37.00426739 11.76260815
-2.29980 37.43713090 11.74976026
-2.29479 38.23774044 11.73341025
-2.28979 40.36863212 11.70947115
-2.28478 53.65251477 11.66428577
-2.27978 132.21055712 11.19394352
-2.27477 44.76450947 11.19906488
-2.26977 43.05617994 11.15624022
-2.26476 39.33994556 10.36804299
-2.25976 41.75175944 10.71878008
-2.25475 47.86969796 10.38456040
-2.24975 73.01845318 10.42213255
-2.24474 45.31756978 9.99695255
-2.23974 34.36424909 9.88790001
-2.23473 33.46047657 9.88401752
-2.22973 33.17194151 9.88276250
-2.22472 33.03890964 9.88178240
-2.21972 32.96817732 9.88074684
-2.21471 32.92905636 9.87939938
-2.20971 32.90886111 9.87689380
-2.20470 32.90224288 9.86795598
-2.19970 32.91399252 9.74172162
-2.19469 32.92236106 9.32755644
-2.18969 32.90266616 9.29596294
-2.18468 32.90637801 9.43743116
-2.17968 32.93917022 9.84707566
-2.17467 32.96626886 9.87004804
-2.16967 32.99674337 9.87290140
-2.16466 33.03174337 9.87332007
-2.15966 33.07215506 9.87317684
-2.15465 33.11916242 9.87287071
-2.14965 33.17455276 9.87251368
-2.14464 33.24113205 9.87202827
-2.13964 33.32289014 9.87036473
-2.13463 33.42963740 9.84665066
-2.12963 33.50536144 9.41918625
-2.12462 33.79747852 9.42807852
-2.11962 34.18711394 9.83927653
-2.11461 34.97388911 9.86570281
-2.10961 37.48655469 9.86170230
-2.10460 57.44675383 9.83566221
-2.09960 91.58074461 9.79465497
-2.09459 39.51847493 9.85553486
-2.08959 35.97910615 9.85596811
-2.08458 35.29473653 9.80367089
-2.07958 35.35469902 9.45527760
-2.07457 36.06460865 9.71643392
-2.06957 38.04292152 9.83587729
-2.06456 46.05624246 9.81747583
-2.05956 186.11586386 9.67276287
-2.05455 149.67737345 9.47466702
-2.04955 44.95321882 9.28015406
-2.04454 38.61089896 9.27052395
-2.03954 37.20617260 9.26374778
-2.03453 36.81710380 8.97742321
-2.02953 36.30669040 9.21740001
-2.02452 35.90915905 9.30780698
-2.01952 35.50497475 9.31739087
-2.01451 35.37352705 9.40696550
-2.00951 36.01615224 9.75665020
-2.00450 36.54702690 9.81192996
-1.99950 37.35051540 9.82732698
-1.99449 38.94254402 9.82701545
-1.98949 43.38435698 9.61151859
-1.98448 69.15772358 9.43598741
-1.97948 470.99341006 9.57639677
-1.97447 57.07669974 9.78778400
-1.96947 43.20282755 9.83575506
-1.96446 41.06512603 9.83559003
-1.95946 41.95972899 9.83164186
-1.95445 50.02660820 9.81627269
-1.94945 239.21840168 9.51762945
-1.94444 54.35232108 9.46436222
-1.93944 62.39998677 9.79070538
-1.93443 135.32680791 9.78084157
-1.92943 155.90237507 9.63675382
-1.92442 50.32237424 9.80036037
-1.91942 45.04304507 9.80112571
-1.91441 45.52144393 9.79082749
-1.90941 50.93222442 9.71813386
-1.90440 90.22426305 9.63222914
-1.89940 205.14861137 9.40726499
-1.89439 70.51594850 9.33299781
-1.88939 51.26048655 9.62047964
-1.88438 49.92036575 9.72813314
-1.87938 54.33291972 9.70832104
-1.87437 88.97368461 9.61833026
-1.86937 246.40029274 9.32651081
-1.86436 64.17540679 9.60623029
-1.85936 55.84839281 9.54603625
-1.85435 56.56426824 9.50329015
-1.84935 59.57731219 9.34614967
-1.84434 72.56068773 8.61586304
-1.83934 110.11556490 8.26990207
-1.83433 67.35272226 6.24806133
-1.82933 107.19821079 5.93311266
-1.82432 82.67605202 5.91709335
-1.81932 45.58344939 5.94697544
-1.81431 196.61585161 5.88107881
-1.80931 70.49145269 5.93716414
-1.80430 33.47222433 5.95360308
-1.79930 28.50382162 5.95583420
-1.79429 26.85783293 5.95656828
-1.78929 26.09122913 5.95689787
-1.78428 25.66685196 5.95706643
-1.77928 25.40916311 5.95715475
-1.77427 25.24708308 5.95719622
-1.76927 25.14871285 5.95720631
-1.76426 25.10056403 5.95719222
-1.75926 25.10082906 5.95715611
-1.75425 25.15934521 5.95709565
-1.74925 25.30458708 5.95700182
-1.74424 25.60668652 5.95685115
-1.73924 26.25564314 5.95657886
-1.73423 27.90695333 5.95595883
-1.72923 34.28479689 5.95368913
-1.72422 147.31611786 5.91336779
-1.71922 288.81214998 5.87234255
-1.71421 37.81842729 5.95240531
-1.70921 28.46426278 5.95540760
-1.70420 26.36187632 5.95603095
-1.69920 25.56095166 5.95621530
-1.69419 25.17872532 5.95625161
-1.68919 24.97729014 5.95621710
-1.68418 24.87230725 5.95613582
-1.67918 24.83055658 5.95600998
-1.67417 24.84158740 5.95582154
-1.66917 24.91063524 5.95550735
-1.66416 25.06323636 5.95483650
-1.65916 25.36991473 5.95260589
-1.65415 26.04616458 5.93511153
-1.64915 28.00932949 5.55305828
-1.64414 39.65182349 5.43416569
-1.63914 179.58501172 5.58777308
-1.63413 33.64311452 5.91556406
-1.62913 29.44562620 5.49842680
-1.62412 33.60627496 5.48554054
-1.61912 99.04984364 5.85160803
-1.61411 121.24158430 5.88784336
-1.60911 53.56401541 5.93300389
-1.60410 36.97695124 5.94690177
-1.59910 96.67218002 5.92269595
-1.59409 56.97256300 5.93991685
-1.58909 96.30165470 5.93390431
-1.58408 51.67363929 5.94393524
-1.57908 29.74068320 5.94870028
-1.57407 26.79597682 5.94818900
-1.56907 25.85520631 5.94630807
-1.56406 25.49016318 5.94234511
-1.55906 25.40727746 5.93242486
-1.55405 25.56273601 5.89392504
-1.54905 26.09729615 5.41674604
-1.54404 27.32290885 4.65190611
-1.53904 31.39200345 4.53601922
-1.53403 77.11446097 4.52612646
-1.52903 67.69948894 4.65116527
-1.52402 309.20169029 5.44178099
-1.51902 201.68129330 5.30693480
-1.51401 36.40185914 5.27251023
-1.50901 28.45446077 5.21944123
-1.50400 26.55040384 4.79199975
-1.49900 25.68479624 4.49655124
-1.49399 25.25281875 4.44942416
-1.48899 25.02928261 4.45052396
-1.48398 24.87862714 4.49026389
-1.47898 24.72169156 4.65185351
-1.47397 24.49122173 5.20808652
-1.46897 24.26185889 5.29688320
-1.46396 24.03431227 5.34898548
-1.45896 23.95507643 5.63244944
-1.45395 24.00690919 5.85857958
-1.44895 24.00059940 5.90426165
-1.44394 23.98628772 5.92196448
-1.43894 23.97113086 5.93068181
-1.43393 23.95670933 5.93556297
-1.42893 23.94248270 5.93851796
-1.42392 23.93227327 5.94039421
-1.41892 23.92550927 5.94161543
-1.41391 23.92053719 5.94241272
-1.40891 23.91716863 5.94292072
-1.40390 23.91528688 5.94322211
-1.39890 23.91480200 5.94336976
-1.39389 23.91564344 5.94339868
-1.38889 23.91775701 5.94333260
-1.38388 23.92110289 5.94318798
-1.37888 23.92565400 5.94297632
-1.37387 23.93139477 5.94270573
-1.36887 23.93832005 5.94238187
-1.36386 23.94643442 5.94200859
-1.35886 23.95575158 5.94158838
-1.35385 23.96629406 5.94112265
-1.34885 23.97809307 5.94061196
-1.34384 23.99118851 5.94005611
-1.33884 24.00562921 5.93945425
-1.33383 24.02147335 5.93880492
-1.32883 24.03878898 5.93810611
-1.32382 24.05765488 5.93735521
-1.31882 24.07816150 5.93654900
-1.31381 24.10041232 5.93568361
-1.30881 24.12452539 5.93475447
-1.30380 24.15063534 5.93375616
-1.29880 24.17889584 5.93268226
-1.29379 24.20948271 5.93152516
-1.28879 24.24259794 5.93027566
-1.28378 24.27847504 5.92892235
-1.27878 24.31738646 5.92745030
-1.27377 24.35965522 5.92583809
-1.26877 24.40567556 5.92404900
-1.26376 24.45595937 5.92199873
-1.25876 24.51127925 5.91938836
-1.25375 24.57335931 5.91418567
-1.24875 24.64900190 5.84474769
-1.24374 24.79995106 5.46971560
-1.23874 25.01020121 5.65389460
-1.23373 24.86873526 5.89843542
-1.22873 24.96703278 5.90097806
-1.22372 25.07669981 5.89738027
-1.21872 25.20071772 5.89245420
-1.21371 25.34205220 5.88650800
-1.20871 25.50471243 5.87939504
-1.20370 25.69418378 5.87079400
-1.19870 25.91817853 5.86019679
-1.19369 26.18794874 5.84680418
-1.18869 26.52070797 5.82929880
-1.18368 26.94447471 5.80534406
-1.17868 27.50889559 5.77033919
-1.17367 28.31365178 5.71369161
-1.16867 29.60579637 5.60364126
-1.16366 32.48799918 5.27050158
-1.15866 58.48893845 4.72068655
-1.15365 37.72959581 4.23405713
-1.14865 23.65265260 3.98541286
-1.14364 21.97353327 3.97223571
-1.13864 21.62675793 3.97048610
-1.13363 21.48363104 3.96993258
-1.12863 21.40697088 3.96968211
-1.12362 21.35947459 3.96953951
-1.11862 21.32709229 3.96944308
-1.11361 21.30345044 3.96936875
-1.10861 21.28527946 3.96930571
-1.10360 21.27074726 3.96924863
-1.09860 21.25875628 3.96919463
-1.09359 21.24861360 3.96914205
-1.08859 21.23986282 3.96908991
-1.08358 21.23219265 3.96903756
-1.07858 21.22538449 3.96898457
-1.07357 21.21928098 3.96893062
-1.06857 21.21376643 3.96887549
-1.06356 21.20875418 3.96881896
-1.05856 21.20417834 3.96876086
-1.05355 21.19998803 3.96870104
-1.04855 21.19614353 3.96863933
-1.04354 21.19261349 3.96857556
-1.03854 21.18937287 3.96850957
-1.03353 21.18640153 3.96844115
-1.02853 21.18368309 3.96837009
-1.02352 21.18120412 3.96829615
-1.01852 21.17895346 3.96821905
-1.01351 21.17692173 3.96813847
-1.00851 21.17510092 3.96805404
-1.00350 21.17348401 3.96796530
-0.99850 21.17206472 3.96787173
-0.99349 21.17083718 3.96777269
-0.98849 21.16979570 3.96766740
-0.98348 21.16893450 3.96755490
-0.97848 21.16824741 3.96743401
-0.97347 21.16772756 3.96730320
-0.96847 21.16736697 3.96716055
-0.96346 21.16715605 3.96700354
-0.95846 21.16708299 3.96682885
-0.95345 21.16713292 3.96663200
-0.94845 21.16728669 3.96640683
-0.94344 21.16751929 3.96614469
-0.93844 21.16779744 3.96583306
-0.93343 21.16807606 3.96545336
-0.92843 21.16829279 3.96497699
-0.92342 21.16835929 3.96435820
-0.91842 21.16814657 3.96352020
-0.91341 21.16745922 3.96232655
-0.90841 21.16598644 3.96051668
-0.90340 21.16320092 3.95754442
-0.89840 21.15812214 3.95210952
-0.89339 21.14865204 3.94047265
-0.88839 21.12903681 3.90773116
-0.88338 21.07137039 3.72118819
-0.87838 21.08655366 3.38286617
-0.87337 21.18201252 3.34011953
-0.86837 21.27359265 3.32813245
-0.86336 21.35119283 3.32593668
-0.85836 21.40893359 3.32872740
-0.85335 21.44217725 3.33531346
-0.84835 21.44727061 3.34676874
-0.84334 21.42180156 3.36904649
-0.83834 21.36595055 3.43860471
-0.83333 21.33765423 3.83163382
-0.82833 21.34382633 3.92144551
-0.82332 21.34896831 3.94220060
-0.81832 21.35451074 3.94978399
-0.81331 21.36037943 3.95285096
-0.80831 21.36609260 3.95357875
-0.80330 21.37062384 3.95204410
-0.79830 21.37140332 3.94521773
-0.79329 21.36059074 3.90350237
-0.78829 21.54983384 3.55615536
-0.78328 21.63300764 3.48775027
-0.77828 21.45788634 3.48087724
-0.77327 21.33968744 3.60323083
-0.76827 21.48834276 3.92408317
-0.76326 21.51454737 3.94849612
-0.75826 21.53333689 3.95376695
-0.75325 21.55180333 3.95552648
-0.74825 21.57104905 3.95615530
-0.74324 21.59136137 3.95629430
-0.73824 21.61285193 3.95617404
-0.73323 21.63558972 3.95589349
-0.72823 21.65963656 3.95550017
-0.72322 21.68505830 3.95501846
-0.71822 21.71192882 3.95446111
-0.71321 21.74033186 3.95383440
-0.70821 21.77036221 3.95314074
-0.70320 21.80212683 3.95237999
-0.69820 21.83574620 3.95155014
-0.69319 21.87135581 3.95064770
-0.68819 21.90910806 3.94966790
-0.68318 21.94917459 3.94860471
-0.67818 21.99174904 3.94745087
-0.67317 22.03705040 3.94619774
-0.66817 22.08532712 3.94483521
-0.66316 22.13686205 3.94335141
-0.65816 22.19197855 3.94173250
-0.65315 22.25104794 3.93996226
-0.64815 22.31449878 3.93802162
-0.64314 22.38282843 3.93588805
-0.63814 22.45661760 3.93353478
-0.63313 22.53654890 3.93092980
-0.62813 22.62343066 3.92803448
-0.62312 22.71822788 3.92480181
-0.61812 22.82210312 3.92117401
-0.61311 22.93647105 3.91707923
-0.60811 23.06307276 3.91242697
-0.60310 23.20407840 3.90710158
-0.59810 23.36223242 3.90095276
-0.59309 23.54106334 3.89378143
-0.58809 23.74519570 3.88531798
-0.58308 23.98082764 3.87518760
-0.57808 24.25649033 3.86285273
-0.57307 24.58430863 3.84751281
-0.56807 24.98220801 3.82791839
-0.56306 25.47804082 3.80199980
-0.55806 26.11798030 3.76604818
-0.55305 26.98563049 3.71265097
-0.54805 28.25306849 3.62436818
-0.54304 30.35694850 3.44707248
-0.53804 35.52442116 2.88909312
-0.53303 84.32260690 2.46827169
-0.52803 21.62032642 1.99614503
-0.52302 19.02474608 1.98599513
-0.51802 18.40318717 1.98417738
-0.51301 18.16353734 1.98352364
-0.50801 18.05247994 1.98316794
-0.50300 18.00077923 1.98291399
-0.49800 17.98500538 1.98270017
-0.49299 17.99855250 1.98250257
-0.48799 18.04493502 1.98231028
-0.48298 18.13972917 1.98211725
-0.47798 18.32330151 1.98191886
-0.47297 18.70655753 1.98170855
-0.46797 19.67335362 1.98146753
-0.46296 23.33907401 1.98108930
-0.45796 71.93836855 1.97823047
-0.45295 47.47928807 1.97883193
-0.44795 22.18609418 1.98024129
-0.44294 19.40697307 1.98019849
-0.43794 18.59229573 1.98000645
-0.43293 18.24879602 1.97976685
-0.42793 18.07361702 1.97950093
-0.42292 17.97352199 1.97921491
-0.41792 17.91215440 1.97891070
-0.41291 17.87297296 1.97858855
-0.40791 17.84758631 1.97824796
-0.40290 17.83138179 1.97788798
-0.39790 17.82166539 1.97750733
-0.39289 17.81679081 1.97710447
-0.38789 17.81571902 1.97667760
-0.38288 17.81778168 1.97622467
-0.37788 17.82254749 1.97574333
-0.37287 17.82974369 1.97523091
-0.36787 17.83920850 1.97468435
-0.36286 17.85086171 1.97410019
-0.35786 17.86468650 1.97347443
-0.35285 17.88071829 1.97280247
-0.34785 17.89903855 1.97207899
-0.34284 17.91977204 1.97129780
-0.33784 17.94308682 1.97045166
-0.33283 17.96919668 1.96953203
-0.32783 17.99836595 1.96852875
-0.32282 18.03091684 1.96742970
-0.31782 18.06723980 1.96622020
-0.31281 18.10780774 1.96488238
-0.30781 18.15319509 1.96339417
-0.30280 18.20410383 1.96172804
-0.29780 18.26139882 1.95984909
-0.29279 18.32615685 1.95771247
-0.28779 18.39973572 1.95525938
-0.28278 18.48387381 1.95241118
-0.27778 18.58083712 1.94905998
-0.27277 18.69364360 1.94505343
-0.26777 18.82641795 1.94016860
-0.26276 18.98497855 1.93406458
-0.25776 19.17786432 1.92619034
-0.25275 19.41826471 1.91558775
-0.24775 19.72801511 1.90041504
-0.24274 20.14710777 1.87656929
-0.23774 20.76217267 1.83240253
-0.23273 21.84694760 1.71338384
-0.22773 25.33973365 1.25420877
-0.22272 29.56564359 1.10121874
-0.21772 25.37622319 0.44448161
-0.21271 22.52644856 0.15717429
-0.20771 15.88111463 0.00698605
-0.20270 15.45332527 0.00208358
-0.19770 15.31565043 0.00097500
-0.19269 15.24675623 0.00055441
-0.18769 15.20420741 0.00035241
-0.18268 15.17432179 0.00024101
-0.17768 15.15141610 0.00017364
-0.17267 15.13273483 0.00013012
-0.16767 15.11679347 0.00010054
-0.16266 15.10272845 0.00007964
-0.15766 15.09000746 0.00006439
-0.15265 15.07828736 0.00005297
-0.14765 15.06733928 0.00004422
-0.14264 15.05700666 0.00003739
-0.13764 15.04718067 0.00003198
-0.13263 15.03778530 0.00002762
-0.12763 15.02876794 0.00002406
-0.12262 15.02009352 0.00002113
-0.11762 15.01174068 0.00001869
-0.11261 15.00369954 0.00001664
-0.10761 14.99597042 0.00001491
-0.10260 14.98856344 0.00001343
-0.09760 14.98149887 0.00001216
-0.09259 14.97480822 0.00001106
-0.08759 14.96853618 0.00001010
-0.08258 14.96274368 0.00000926
-0.07758 14.95751241 0.00000853
-0.07257 14.95295146 0.00000788
-0.06757 14.94920698 0.00000731
-0.06256 14.94647651 0.00000680
-0.05756 14.94503010 0.00000634
-0.05255 14.94524123 0.00000593
-0.04755 14.94762771 0.00000557
-0.04254 14.95286262 0.00000524
-0.03754 14.96089845 0.00000494
-0.03253 14.97619789 0.00000467
-0.02753 15.00303286 0.00000442
-0.02252 15.04705983 0.00000420
-0.01752 15.12094717 0.00000400
-0.01251 15.25271191 0.00000381
-0.00751 15.51410676 0.00000364
-0.00250 16.13761789 0.00000348
0.00250 18.26521067 0.00000334
0.00751 37.46252288 0.00000321
0.01251 58.01023325 0.00000308
0.01752 19.22521056 0.00000297
0.02252 16.36124269 0.00000287
0.02753 15.61627202 0.00000277
0.03253 15.33273966 0.00000269
0.03754 15.21463332 0.00000260
0.04254 15.18233684 0.00000253
0.04755 15.21776908 0.00000246
0.05255 15.33774777 0.00000239
0.05756 15.61174858 0.00000233
0.06256 16.26669672 0.00000228
0.06757 18.28522878 0.00000223
0.07257 30.61423339 0.00000219
0.07758 227.25025399 0.00000221
0.08258 24.05780439 0.00000210
0.08759 17.37924075 0.00000206
0.09259 15.91879213 0.00000202
0.09760 15.37083139 0.00000199
0.10260 15.10413900 0.00000197
0.10761 14.95216336 0.00000194
0.11261 14.85566530 0.00000192
0.11762 14.78928246 0.00000190
0.12262 14.74067746 0.00000188
0.12763 14.70325867 0.00000186
0.13263 14.67324120 0.00000185
0.13764 14.64832392 0.00000183
0.14264 14.62704111 0.00000182
0.14765 14.60842243 0.00000182
0.15265 14.59180417 0.00000181
0.15766 14.57671954 0.00000181
0.16266 14.56283223 0.00000180
0.16767 14.54989474 0.00000180
0.17267 14.53772158 0.00000181
0.17768 14.52617136 0.00000181
0.18268 14.51513477 0.00000182
0.18769 14.50452612 0.00000182
0.19269 14.49427747 0.00000183
0.19770 14.48433438 0.00000185
0.20270 14.47465276 0.00000186
0.20771 14.46519658 0.00000188
0.21271 14.45593621 0.00000190
0.21772 14.44684705 0.00000192
0.22272 14.43790854 0.00000194
0.22773 14.42910342 0.00000197
0.23273 14.42041708 0.00000200
0.23774 14.41183711 0.00000203
0.24274 14.40335291 0.00000206
0.24775 14.39495540 0.00000210
0.25275 14.38663676 0.00000214
0.25776 14.37839024 0.00000219
0.26276 14.37020999 0.00000224
0.26777 14.36209093 0.00000229
0.27277 14.35402866 0.00000235
0.27778 14.34601935 0.00000241
0.28278 14.33805967 0.00000248
0.28779 14.33014671 0.00000256
0.29279 14.32227799 0.00000264
0.29780 14.31445134 0.00000272
0.30280 14.30666491 0.00000282
0.30781 14.29891714 0.00000292
0.31281 14.29120673 0.00000304
0.31782 14.28353261 0.00000316
0.32282 14.27589396 0.00000329
0.32783 14.26829016 0.00000344
0.33283 14.26072082 0.00000360
0.33784 14.25318575 0.00000378
0.34284 14.24568499 0.00000397
0.34785 14.23821878 0.00000418
0.35285 14.23078762 0.00000442
0.35786 14.22339227 0.00000468
0.36286 14.21603372 0.00000496
0.36787 14.20871329 0.00000528
0.37287 14.20143264 0.00000564
0.37788 14.19419382 0.00000604
0.38288 14.18699931 0.00000649
0.38789 14.17985212 0.00000699
0.39289 14.17275588 0.00000756
0.39790 14.16571494 0.00000821
0.40290 14.15873457 0.00000895
0.40791 14.15182104 0.00000980
0.41291 14.14498206 0.00001078
0.41792 14.13822691 0.00001192
0.42292 14.13156699 0.00001325
0.42793 14.12501634 0.00001482
0.43293 14.11859240 0.00001668
0.43794 14.11231712 0.00001891
0.44294 14.10621832 0.00002161
0.44795 14.10033185 0.00002490
0.45295 14.09470446 0.00002899
0.45796 14.08939828 0.00003411
0.46296 14.08449738 0.00004066
0.46797 14.08011816 0.00004917
0.47297 14.07642599 0.00006047
0.47798 14.07366318 0.00007590
0.48298 14.07219817 0.00009760
0.48799 14.07261683 0.00012935
0.49299 14.07590479 0.00017810
0.49800 14.08384402 0.00025788
0.50300 14.09998247 0.00040037
0.50801 14.13241389 0.00068940
0.51301 14.20390462 0.00140940
0.51802 14.40775880 0.00408056
0.52302 15.79778458 0.03913222
0.52803 25.40511331 1.30995666
0.53303 22.70445451 1.75704465
0.53804 21.12861301 1.85059749
0.54304 20.19078200 1.89056262
0.54805 19.55849890 1.91273106
0.55305 19.09727337 1.92684256
0.55806 18.74255080 1.93662631
0.56306 18.45922613 1.94381609
0.56807 18.22642152 1.94932735
0.57307 18.03086399 1.95368924
0.57808 17.86366937 1.95722900
0.58308 17.71864259 1.96016003
0.58809 17.59131742 1.96262747
0.59309 17.47838382 1.96473354
0.59810 17.37733081 1.96655230
0.60310 17.28621532 1.96813880
0.60811 17.20350768 1.96953480
0.61311 17.12798542 1.97077255
0.61812 17.05865866 1.97187739
0.62312 16.99471636 1.97286948
0.62813 16.93548705 1.97376509
0.63313 16.88040955 1.97457748
0.63814 16.82901090 1.97531759
0.64314 16.78088936 1.97599450
0.64815 16.73570134 1.97661582
0.65315 16.69315106 1.97718800
0.65816 16.65298242 1.97771651
0.66316 16.61497246 1.97820604
0.66817 16.57892613 1.97866063
0.67317 16.54467196 1.97908377
0.67818 16.51205863 1.97947851
0.68318 16.48095202 1.97984752
0.68819 16.45123286 1.98019313
0.69319 16.42279470 1.98051740
0.69820 16.39554225 1.98082218
0.70320 16.36938995 1.98110907
0.70821 16.34426080 1.98137954
0.71321 16.32008529 1.98163488
0.71822 16.29680056 1.98187625
0.72322 16.27434966 1.98210470
0.72823 16.25268088 1.98232118
0.73323 16.23174717 1.98252654
0.73824 16.21150588 1.98272156
0.74324 16.19191789 1.98290695
0.74825 16.17294765 1.98308335
0.75325 16.15456276 1.98325134
0.75826 16.13673320 1.98341147
0.76326 16.11943341 1.98356423
0.76827 16.10263751 1.98371007
0.77327 16.08632366 1.98384940
0.77828 16.07047168 1.98398262
0.78328 16.05506311 1.98411007
0.78829 16.04008264 1.98423208
0.79329 16.02551486 1.98434896
0.79830 16.01134744 1.98446098
0.80330 15.99756949 1.98456841
0.80831 15.98417188 1.98467148
0.81331 15.97114729 1.98477043
0.81832 15.95849028 1.98486546
0.82332 15.94619737 1.98495677
0.82833 15.93426721 1.98504453
0.83333 15.92270085 1.98512893
0.83834 15.91150189 1.98521011
0.84334 15.90067701 1.98528822
0.84835 15.89023631 1.98536340
0.85335 15.88019408 1.98543578
0.85836 15.87056962 1.98550548
0.86336 15.86138830 1.98557262
0.86837 15.85268323 1.98563729
0.87337 15.84449724 1.98569961
0.87838 15.83688581 1.98575967
0.88338 15.82992110 1.98581756
0.88839 15.82369776 1.98587338
0.89339 15.81834151 1.98592723
0.89840 15.81402195 1.98597922
0.90340 15.81097271 1.98602950
0.90841 15.80952394 1.98607828
0.91341 15.81015763 1.98612587
0.91842 15.81360709 1.98617281
0.92342 15.82105086 1.98622016
0.92843 15.83453154 1.98627014
0.93343 15.85801621 1.98632817
0.93844 15.90088670 1.98641069
0.94344 15.99804835 1.98659855
0.94845 16.72366372 1.98881771
0.95345 17.93193798 1.99498962
0.95846 19.29741067 2.00921491
0.96346 24.28232114 2.15404107
0.96847 31.09474205 2.86129303
0.97347 30.95611584 3.19533329
0.97848 30.14551213 3.37598461
0.98348 29.32353922 3.49134762
0.98849 28.58304744 3.57209279
0.99349 27.93062854 3.63200077
0.99850 27.35675135 3.67828375
1.00350 26.85005487 3.71512112
1.00851 26.40051409 3.74511831
1.01351 25.99996378 3.76999155
1.01852 25.64198616 3.79092106
1.02352 25.32169889 3.80874716
1.02853 25.03559932 3.82408544
1.03353 24.78152446 3.83739780
1.03854 24.55878008 3.84903795
1.04354 24.36853793 3.85928146
1.04855 24.21471748 3.86834624
1.05355 24.10585307 3.87640676
1.05856 24.05919455 3.88360397
1.06356 24.11049560 3.89005208
1.06857 24.34053558 3.89584248
1.07357 24.96167049 3.90104291
1.07858 26.69607366 3.90568101
1.08358 33.62543048 3.90961534
1.08859 160.36549021 3.90807449
1.09359 126.19837239 3.90546414
1.09860 57.65111990 3.91735123
1.10360 29.08048174 3.92352993
1.10861 25.02345045 3.92665320
1.11361 23.61831216 3.92928922
1.11862 22.92991116 3.93165913
1.12362 22.52045267 3.93382374
1.12863 22.24477707 3.93581366
1.13363 22.04334498 3.93765048
1.13864 21.88844177 3.93935277
1.14364 21.76656301 3.94093926
1.14865 21.67210382 3.94243316
1.15365 21.60604698 3.94387271
1.15866 21.57977939 3.94534713
1.16366 21.63487884 3.94716649
1.16867 21.97131227 3.95128321
1.17367 26.19928181 4.03477713
1.17868 36.88309857 5.36602723
1.18368 33.34361126 5.66789389
1.18869 31.27481567 5.76116264
1.19369 29.94358892 5.80672433
1.19870 28.99781200 5.83398729
1.20370 28.28027811 5.85228919
1.20871 27.71071985 5.86551946
1.21371 27.24365729 5.87558910
1.21872 26.85126683 5.88354859
1.22372 26.51553712 5.89002463
1.22873 26.22433580 5.89541533
1.23373 25.96931563 5.89998679
1.23874 25.74479482 5.90392497
1.24374 25.54727090 5.90736602
1.24875 25.37557751 5.91041682
1.25375 25.23227931 5.91317536
1.25876 25.12905429 5.91577473
1.26376 25.11164231 5.91859294
1.26877 25.46875180 5.92465142
1.27377 35.91742330 6.32523822
1.27878 32.97712107 6.82241542
1.28378 30.72822776 6.86615778
1.28879 29.56619376 6.88252970
1.29379 28.82097868 6.89169441
1.29880 28.28817351 6.89784867
1.30380 27.88399655 6.90242819
1.30881 27.56859322 6.90606949
1.31381 27.32290905 6.90911041
1.31882 27.14186538 6.91176841
1.32382 27.03760247 6.91424646
1.32883 27.06592321 6.91694645
1.33383 27.50399655 6.92204437
1.33884 33.62764345 7.02256785
1.34384 45.74402183 8.26308488
1.34885 40.09368935 8.66649643
1.35385 37.47011548 8.75110615
1.35886 36.06515258 8.79040366
1.36386 35.35101191 8.81416050
1.36887 35.30242964 8.83059663
1.37387 36.44754382 8.84295473
1.37888 41.70233845 8.85260176
1.38388 90.93182671 8.85485783
1.38889 341.34996109 8.85939389
1.39389 74.85039336 9.82127046
1.39890 51.38649046 10.50904867
1.40390 44.56778178 10.63651877
1.40891 41.35227900 10.69419721
1.41391 39.40856351 10.72884013
1.41892 38.06370423 10.75269389
1.42392 37.05304334 10.77048710
1.42893 36.25090210 10.78447016
1.43393 35.58948459 10.79586701
1.43894 35.02869019 10.80540832
1.44394 34.54308940 10.81356141
1.44895 34.11565507 10.82064144
1.45395 33.73447869 10.82687008
1.45896 33.39092998 10.83240867
1.46396 33.07856696 10.83737795
1.46897 32.79246001 10.84187048
1.47397 32.52875609 10.84595863
1.47898 32.28438821 10.84969999
1.48398 32.05687619 10.85314110
1.48899 31.84418639 10.85632001
1.49399 31.64463081 10.85926825
1.49900 31.45679316 10.86201221
1.50400 31.27947339 10.86457415
1.50901 31.11164615 10.86697304
1.51401 30.95242815 10.86922513
1.51902 30.80105324 10.87134450
1.52402 30.65685249 10.87334335
1.52903 30.51923852 10.87523236
1.53403 30.38769263 10.87702091
1.53904 30.26175456 10.87871729
1.54404 30.14101403 10.88032885
1.54905 30.02510374 10.88186213
1.55405 29.91369364 10.88332300
1.55906 29.80648593 10.88471669
1.56406 29.70321115 10.88604795
1.56907 29.60362458 10.88732105
1.57407 29.50750338 10.88853985
1.57908 29.41464408 10.88970788
1.58408 29.32486024 10.89082833
1.58909 29.23798093 10.89190415
1.59409 29.15384876 10.89293800
1.59910 29.07231862 10.89393234
1.60410 28.99325648 10.89488944
1.60911 28.91653825 10.89581138
1.61411 28.84204882 10.89670008
1.61912 28.76968127 10.89755731
1.62412 28.69933611 10.89838473
1.62913 28.63092060 10.89918387
1.63413 28.56434818 10.89995615
1.63914 28.49953784 10.90070288
1.64414 28.43641418 10.90142531
1.64915 28.37490593 10.90212459
1.65415 28.31494671 10.90280180
1.65916 28.25647399 10.90345794
1.66416 28.19942926 10.90409396
1.66917 28.14375648 10.90471075
1.67417 28.08940447 10.90530915
1.67918 28.03632430 10.90588994
1.68418 27.98446915 10.90645386
1.68919 27.93379572 10.90700161
1.69419 27.88426282 10.90753385
1.69920 27.83583165 10.90805120
1.70420 27.78846591 10.90855425
1.70921 27.74213075 10.90904355
1.71421 27.69679388 10.90951964
1.71922 27.65242436 10.90998301
1.72422 27.60899334 10.91043415
1.72923 27.56647344 10.91087349
1.73423 27.52483905 10.91130148
1.73924 27.48406621 10.91171852
1.74424 27.44413273 10.91212499
1.74925 27.40501811 10.91252127
1.75425 27.36670291 10.91290771
1.75926 27.32916873 10.91328464
1.76426 27.29239934 10.91365239
1.76927 27.25638098 10.91401125
1.77427 27.22110014 10.91436153
1.77928 27.18654466 10.91470349
1.78428 27.15270626 10.91503741
1.78929 27.11957601 10.91536354
1.79429 27.08714883 10.91568211
1.79930 27.05542069 10.91599336
1.80430 27.02439085 10.91629751
1.80931 26.99405993 10.91659477
1.81431 26.96443339 10.91688533
1.81932 26.93551819 10.91716939
1.82432 26.90732572 10.91744712
1.82933 26.87987217 10.91771869
1.83433 26.85317828 10.91798427
1.83934 26.82727025 10.91824400
1.84434 26.80218067 10.91849802
1.84935 26.77794906 10.91874647
1.85435 26.75462186 10.91898945
1.85936 26.73225044 10.91922707
1.86436 26.71088477 10.91945943
1.86937 26.69055189 10.91968661
1.87437 26.67116155 10.91990865
1.87938 26.65186840 10.92012562
1.88438 26.63655532 10.92033753
1.88939 26.62572850 10.92054438
1.89439 26.61786078 10.92074614
1.89940 26.61342510 10.92094277
1.90440 26.61303411 10.92113419
1.90941 26.61675819 10.92132029
1.91441 26.63201276 10.92150102
1.91942 26.65927492 10.92167645
1.92442 26.70214743 10.92184703
1.92943 26.76811795 10.92201434
1.93443 26.87053546 10.92218321
1.93944 27.03536973 10.92236850
1.94444 27.32050075 10.92262148
1.94945 27.88749119 10.92316651
1.95445 29.47352389 10.92572925
1.95946 43.95302581 10.99221129
1.96446 67.28195602 11.44934447
1.96947 80.91020578 12.60046811
1.97447 78.30460208 13.28016386
1.97948 74.26604142 13.46769842
1.98448 71.40529251 13.29594109
1.98949 70.82794129 12.96579031
1.99449 67.10074212 13.95792843
1.99950 64.15849106 14.12522288
2.00450 61.97205737 13.93266219
2.00951 60.97407592 13.88009112
2.01451 60.64915243 14.09945355
2.01952 58.28432754 14.45372948
2.02452 56.86929129 14.48648946
2.02953 55.68804338 14.50899567
2.03453 54.63540217 14.52592914
2.03954 53.68043037 14.53428735
2.04454 52.82743724 14.52355051
2.04955 52.29860944 14.44027070
2.05455 65.23782011 14.06141813
2.05956 43.81724662 13.11198928
2.06456 41.71348496 13.02164783
2.06957 42.17193558 12.99780617
2.07457 62.84754704 13.08615889
2.07958 48.45479105 13.01649556
2.08458 40.70014731 12.99606526
2.08959 43.29208750 13.05517965
2.09459 46.72991968 12.62535376
2.09960 48.10778656 12.51496120
2.10460 51.04992578 13.56141243
2.10961 46.90552105 14.18529554
2.11461 46.63187121 14.51884806
2.11962 46.33128030 14.61137353
2.12462 46.05329298 14.65053907
2.12963 45.79998246 14.66890812
2.13463 45.56852482 14.67560382
2.13964 45.35570031 14.67257470
2.14464 45.15793457 14.65685432
2.14965 44.96953669 14.61494391
2.15465 44.76870495 14.46980424
2.15966 44.91756906 13.93804161
2.16466 47.73723628 13.52026884
2.16967 42.67748724 12.94524938
2.17467 43.87759933 12.28211903
2.17968 45.76090561 11.90984808
2.18468 44.87358762 11.87449307
2.18969 44.35048013 12.42882487
2.19469 44.32585102 12.92554765
2.19970 43.98481379 13.33069401
2.20470 43.53778957 12.64790778
2.20971 43.61252052 12.59191513
2.21471 44.08494740 12.24242359
2.21972 45.23496391 12.67865488
2.22472 43.62483175 13.22318337
2.22973 43.91068885 13.56031108
2.23473 44.11684618 14.41504891
2.23974 44.20472257 14.61837852
2.24474 44.28142941 14.68671628
2.24975 44.35954140 14.72008465
2.25475 44.44247208 14.73889036
2.25976 44.53157712 14.74993621
2.26476 44.62744538 14.75595686
2.26977 44.73028915 14.75794089
2.27477 44.84006232 14.75559612
2.27978 44.95639715 14.74640522
2.28478 45.07803108 14.71956545
2.28979 45.19698738 14.59582188
2.29479 45.41770058 14.08168053
2.29980 45.59549257 13.96980461
2.30480 45.72117469 13.92433757
2.30981 45.82740787 13.89433352
2.31481 45.92687897 13.86971361
2.31982 46.03119550 13.84867124
2.32482 46.15643926 13.83888606
2.32983 46.33419143 13.91471910
2.33483 46.43968393 14.30151298
2.33984 46.25348148 14.16007882
2.34484 45.74879283 13.72374368
2.34985 47.58151584 13.49166459
2.35485 49.89139129 13.13247323
2.35986 56.24724754 13.00702142
2.36486 253.13773592 13.17227813
2.36987 68.54204408 12.91772196
2.37487 38.33139905 12.89170297
2.37988 34.01950529 12.88939447
2.38488 32.58584180 12.88894852
2.38989 31.91707734 12.88887187
2.39489 31.53989828 12.88889648
2.39990 31.29908084 12.88894829
2.40490 31.13115521 12.88899965
2.40991 31.00608739 12.88903663
2.41491 30.90809774 12.88904964
2.41992 30.82821470 12.88902991
2.42492 30.76101192 12.88896783
2.42993 30.70303944 12.88885177
2.43493 30.65201151 12.88866679
2.43994 30.60636012 12.88839310
2.44494 30.56497682 12.88800373
2.44995 30.52705665 12.88746101
2.45495 30.49200005 12.88671092
2.45996 30.45934840 12.88567377
2.46496 30.42873945 12.88422799
2.46997 30.39987355 12.88218070
2.47497 30.37248360 12.87921094
2.47998 30.34630039 12.87475155
2.48498 30.32099765 12.86771894
2.48999 30.29607596 12.85580667
2.49499 30.27054347 12.83323731
2.50000 30.24168159 12.78071124
