-0.25000 12.76389258 1.99086619
-0.24967 12.76430488 1.99086293
-0.24933 12.76472172 1.99085967
-0.24900 12.76514307 1.99085640
-0.24867 12.76556892 1.99085312
-0.24833 12.76599923 1.99084983
-0.24800 12.76643397 1.99084653
-0.24767 12.76687313 1.99084323
-0.24733 12.76731668 1.99083992
-0.24700 12.76776460 1.99083660
-0.24666 12.76821686 1.99083327
-0.24633 12.76867344 1.99082993
-0.24600 12.76913433 1.99082659
-0.24566 12.76959950 1.99082323
-0.24533 12.77006893 1.99081987
-0.24500 12.77054260 1.99081650
-0.24466 12.77102049 1.99081312
-0.24433 12.77150259 1.99080974
-0.24400 12.77198888 1.99080634
-0.24366 12.77247934 1.99080293
-0.24333 12.77297396 1.99079952
-0.24300 12.77347271 1.99079610
-0.24266 12.77397559 1.99079267
-0.24233 12.77448258 1.99078923
-0.24199 12.77499367 1.99078578
-0.24166 12.77550884 1.99078232
-0.24133 12.77602807 1.99077886
-0.24099 12.77655136 1.99077538
-0.24066 12.77707870 1.99077190
-0.24033 12.77761007 1.99076840
-0.23999 12.77814546 1.99076490
-0.23966 12.77868486 1.99076139
-0.23933 12.77922826 1.99075787
-0.23899 12.77977564 1.99075434
-0.23866 12.78032701 1.99075080
-0.23833 12.78088235 1.99074725
-0.23799 12.78144165 1.99074369
-0.23766 12.78200491 1.99074013
-0.23732 12.78257211 1.99073655
-0.23699 12.78314324 1.99073297
-0.23666 12.78371831 1.99072937
-0.23632 12.78429731 1.99072577
-0.23599 12.78488022 1.99072215
-0.23566 12.78546704 1.99071853
-0.23532 12.78605776 1.99071489
-0.23499 12.78665239 1.99071125
-0.23466 12.78725091 1.99070760
-0.23432 12.78785332 1.99070394
-0.23399 12.78845962 1.99070026
-0.23366 12.78906979 1.99069658
-0.23332 12.78968385 1.99069289
-0.23299 12.79030178 1.99068919
-0.23266 12.79092358 1.99068548
-0.23232 12.79154925 1.99068175
-0.23199 12.79217878 1.99067802
-0.23165 12.79281217 1.99067428
-0.23132 12.79344943 1.99067053
-0.23099 12.79409055 1.99066677
-0.23065 12.79473552 1.99066299
-0.23032 12.79538435 1.99065921
-0.22999 12.79603704 1.99065542
-0.22965 12.79669358 1.99065161
-0.22932 12.79735397 1.99064780
-0.22899 12.79801822 1.99064398
-0.22865 12.79868632 1.99064014
-0.22832 12.79935828 1.99063630
-0.22799 12.80003409 1.99063244
-0.22765 12.80071376 1.99062857
-0.22732 12.80139729 1.99062470
-0.22698 12.80208467 1.99062081
-0.22665 12.80277592 1.99061691
-0.22632 12.80347103 1.99061300
-0.22598 12.80417000 1.99060908
-0.22565 12.80487284 1.99060515
-0.22532 12.80557955 1.99060121
-0.22498 12.80629013 1.99059726
-0.22465 12.80700458 1.99059329
-0.22432 12.80772291 1.99058932
-0.22398 12.80844513 1.99058533
-0.22365 12.80917122 1.99058133
-0.22332 12.80990121 1.99057733
-0.22298 12.81063509 1.99057331
-0.22265 12.81137287 1.99056928
-0.22231 12.81211454 1.99056523
-0.22198 12.81286013 1.99056118
-0.22165 12.81360962 1.99055711
-0.22131 12.81436303 1.99055304
-0.22098 12.81512037 1.99054895
-0.22065 12.81588162 1.99054485
-0.22031 12.81664681 1.99054074
-0.21998 12.81741594 1.99053662
-0.21965 12.81818902 1.99053248
-0.21931 12.81896604 1.99052833
-0.21898 12.81974702 1.99052418
-0.21865 12.82053197 1.99052001
-0.21831 12.82132088 1.99051582
-0.21798 12.82211377 1.99051163
-0.21765 12.82291065 1.99050742
-0.21731 12.82371152 1.99050320
-0.21698 12.82451638 1.99049897
-0.21664 12.82532526 1.99049473
-0.21631 12.82613815 1.99049048
-0.21598 12.82695506 1.99048621
-0.21564 12.82777600 1.99048193
-0.21531 12.82860098 1.99047764
-0.21498 12.82943001 1.99047333
-0.21464 12.83026310 1.99046902
-0.21431 12.83110025 1.99046469
-0.21398 12.83194148 1.99046034
-0.21364 12.83278679 1.99045599
-0.21331 12.83363620 1.99045162
-0.21298 12.83448971 1.99044724
-0.21264 12.83534733 1.99044285
-0.21231 12.83620908 1.99043844
-0.21197 12.83707495 1.99043402
-0.21164 12.83794498 1.99042959
-0.21131 12.83881915 1.99042515
-0.21097 12.83969749 1.99042069
-0.21064 12.84058001 1.99041622
-0.21031 12.84146671 1.99041173
-0.20997 12.84235761 1.99040723
-0.20964 12.84325271 1.99040272
-0.20931 12.84415204 1.99039820
-0.20897 12.84505560 1.99039366
-0.20864 12.84596340 1.99038911
-0.20831 12.84687546 1.99038454
-0.20797 12.84779179 1.99037996
-0.20764 12.84871239 1.99037537
-0.20730 12.84963729 1.99037076
-0.20697 12.85056649 1.99036614
-0.20664 12.85150001 1.99036151
-0.20630 12.85243786 1.99035686
-0.20597 12.85338005 1.99035220
-0.20564 12.85432660 1.99034752
-0.20530 12.85527752 1.99034283
-0.20497 12.85623283 1.99033813
-0.20464 12.85719253 1.99033341
-0.20430 12.85815664 1.99032867
-0.20397 12.85912518 1.99032392
-0.20364 12.86009816 1.99031916
-0.20330 12.86107559 1.99031439
-0.20297 12.86205749 1.99030959
-0.20264 12.86304387 1.99030479
-0.20230 12.86403475 1.99029997
-0.20197 12.86503015 1.99029513
-0.20163 12.86603007 1.99029028
-0.20130 12.86703453 1.99028541
-0.20097 12.86804356 1.99028053
-0.20063 12.86905715 1.99027564
-0.20030 12.87007534 1.99027073
-0.19997 12.87109814 1.99026580
-0.19963 12.87212555 1.99026086
-0.19930 12.87315761 1.99025590
-0.19897 12.87419432 1.99025093
-0.19863 12.87523571 1.99024594
-0.19830 12.87628178 1.99024094
-0.19797 12.87733255 1.99023592
-0.19763 12.87838805 1.99023089
-0.19730 12.87944829 1.99022584
-0.19696 12.88051329 1.99022077
-0.19663 12.88158306 1.99021569
-0.19630 12.88265763 1.99021059
-0.19596 12.88373701 1.99020548
-0.19563 12.88482121 1.99020035
-0.19530 12.88591026 1.99019520
-0.19496 12.88700418 1.99019004
-0.19463 12.88810298 1.99018486
-0.19430 12.88920669 1.99017966
-0.19396 12.89031532 1.99017445
-0.19363 12.89142889 1.99016922
-0.19330 12.89254742 1.99016397
-0.19296 12.89367093 1.99015871
-0.19263 12.89479944 1.99015343
-0.19229 12.89593297 1.99014814
-0.19196 12.89707154 1.99014282
-0.19163 12.89821516 1.99013749
-0.19129 12.89936387 1.99013214
-0.19096 12.90051768 1.99012678
-0.19063 12.90167661 1.99012140
-0.19029 12.90284069 1.99011600
-0.18996 12.90400993 1.99011058
-0.18963 12.90518435 1.99010514
-0.18929 12.90636398 1.99009969
-0.18896 12.90754883 1.99009422
-0.18863 12.90873894 1.99008873
-0.18829 12.90993431 1.99008323
-0.18796 12.91113499 1.99007770
-0.18763 12.91234097 1.99007216
-0.18729 12.91355230 1.99006660
-0.18696 12.91476899 1.99006102
-0.18662 12.91599106 1.99005542
-0.18629 12.91721854 1.99004981
-0.18596 12.91845145 1.99004417
-0.18562 12.91968981 1.99003852
-0.18529 12.92093366 1.99003285
-0.18496 12.92218300 1.99002716
-0.18462 12.92343787 1.99002145
-0.18429 12.92469830 1.99001572
-0.18396 12.92596429 1.99000997
-0.18362 12.92723589 1.99000421
-0.18329 12.92851311 1.98999842
-0.18296 12.92979598 1.98999261
-0.18262 12.93108453 1.98998679
-0.18229 12.93237877 1.98998094
-0.18195 12.93367875 1.98997508
-0.18162 12.93498447 1.98996919
-0.18129 12.93629597 1.98996329
-0.18095 12.93761328 1.98995737
-0.18062 12.93893642 1.98995142
-0.18029 12.94026542 1.98994546
-0.17995 12.94160030 1.98993947
-0.17962 12.94294109 1.98993347
-0.17929 12.94428783 1.98992744
-0.17895 12.94564053 1.98992139
-0.17862 12.94699922 1.98991533
-0.17829 12.94836394 1.98990924
-0.17795 12.94973471 1.98990313
-0.17762 12.95111156 1.98989700
-0.17728 12.95249452 1.98989085
-0.17695 12.95388362 1.98988467
-0.17662 12.95527888 1.98987848
-0.17628 12.95668034 1.98987226
-0.17595 12.95808803 1.98986603
-0.17562 12.95950197 1.98985977
-0.17528 12.96092220 1.98985349
-0.17495 12.96234875 1.98984718
-0.17462 12.96378164 1.98984086
-0.17428 12.96522091 1.98983451
-0.17395 12.96666659 1.98982814
-0.17362 12.96811872 1.98982175
-0.17328 12.96957731 1.98981534
-0.17295 12.97104241 1.98980890
-0.17262 12.97251404 1.98980244
-0.17228 12.97399225 1.98979596
-0.17195 12.97547705 1.98978945
-0.17161 12.97696849 1.98978292
-0.17128 12.97846660 1.98977637
-0.17095 12.97997140 1.98976979
-0.17061 12.98148295 1.98976319
-0.17028 12.98300126 1.98975657
-0.16995 12.98452637 1.98974993
-0.16961 12.98605832 1.98974326
-0.16928 12.98759715 1.98973656
-0.16895 12.98914288 1.98972984
-0.16861 12.99069555 1.98972310
-0.16828 12.99225521 1.98971633
-0.16795 12.99382187 1.98970954
-0.16761 12.99539559 1.98970272
-0.16728 12.99697639 1.98969588
-0.16694 12.99856432 1.98968902
-0.16661 13.00015941 1.98968212
-0.16628 13.00176169 1.98967521
-0.16594 13.00337121 1.98966826
-0.16561 13.00498801 1.98966130
-0.16528 13.00661212 1.98965430
-0.16494 13.00824357 1.98964728
-0.16461 13.00988242 1.98964024
-0.16428 13.01152870 1.98963317
-0.16394 13.01318244 1.98962607
-0.16361 13.01484369 1.98961895
-0.16328 13.01651249 1.98961180
-0.16294 13.01818888 1.98960462
-0.16261 13.01987290 1.98959741
-0.16227 13.02156459 1.98959018
-0.16194 13.02326399 1.98958293
-0.16161 13.02497114 1.98957564
-0.16127 13.02668609 1.98956833
-0.16094 13.02840888 1.98956099
-0.16061 13.03013955 1.98955362
-0.16027 13.03187815 1.98954622
-0.15994 13.03362471 1.98953880
-0.15961 13.03537929 1.98953135
-0.15927 13.03714192 1.98952386
-0.15894 13.03891265 1.98951636
-0.15861 13.04069153 1.98950882
-0.15827 13.04247860 1.98950125
-0.15794 13.04427390 1.98949365
-0.15761 13.04607749 1.98948603
-0.15727 13.04788941 1.98947837
-0.15694 13.04970970 1.98947069
-0.15660 13.05153842 1.98946297
-0.15627 13.05337561 1.98945523
-0.15594 13.05522132 1.98944746
-0.15560 13.05707559 1.98943965
-0.15527 13.05893848 1.98943182
-0.15494 13.06081004 1.98942395
-0.15460 13.06269031 1.98941605
-0.15427 13.06457935 1.98940813
-0.15394 13.06647720 1.98940017
-0.15360 13.06838392 1.98939218
-0.15327 13.07029956 1.98938416
-0.15294 13.07222417 1.98937610
-0.15260 13.07415780 1.98936802
-0.15227 13.07610050 1.98935990
-0.15193 13.07805233 1.98935175
-0.15160 13.08001335 1.98934357
-0.15127 13.08198359 1.98933535
-0.15093 13.08396313 1.98932711
-0.15060 13.08595201 1.98931882
-0.15027 13.08795029 1.98931051
-0.14993 13.08995803 1.98930216
-0.14960 13.09197528 1.98929378
-0.14927 13.09400210 1.98928536
-0.14893 13.09603854 1.98927691
-0.14860 13.09808467 1.98926843
-0.14827 13.10014053 1.98925991
-0.14793 13.10220620 1.98925136
-0.14760 13.10428173 1.98924277
-0.14726 13.10636718 1.98923414
-0.14693 13.10846261 1.98922549
-0.14660 13.11056808 1.98921679
-0.14626 13.11268365 1.98920806
-0.14593 13.11480939 1.98919929
-0.14560 13.11694535 1.98919049
-0.14526 13.11909160 1.98918165
-0.14493 13.12124821 1.98917277
-0.14460 13.12341523 1.98916386
-0.14426 13.12559273 1.98915491
-0.14393 13.12778079 1.98914592
-0.14360 13.12997945 1.98913689
-0.14326 13.13218879 1.98912783
-0.14293 13.13440888 1.98911872
-0.14260 13.13663978 1.98910958
-0.14226 13.13888157 1.98910040
-0.14193 13.14113430 1.98909118
-0.14159 13.14339805 1.98908193
-0.14126 13.14567290 1.98907263
-0.14093 13.14795890 1.98906329
-0.14059 13.15025614 1.98905391
-0.14026 13.15256468 1.98904450
-0.13993 13.15488460 1.98903504
-0.13959 13.15721596 1.98902554
-0.13926 13.15955885 1.98901600
-0.13893 13.16191334 1.98900642
-0.13859 13.16427950 1.98899679
-0.13826 13.16665741 1.98898713
-0.13793 13.16904714 1.98897742
-0.13759 13.17144878 1.98896767
-0.13726 13.17386240 1.98895788
-0.13692 13.17628807 1.98894804
-0.13659 13.17872589 1.98893816
-0.13626 13.18117593 1.98892824
-0.13592 13.18363826 1.98891827
-0.13559 13.18611298 1.98890826
-0.13526 13.18860017 1.98889821
-0.13492 13.19109990 1.98888811
-0.13459 13.19361226 1.98887796
-0.13426 13.19613734 1.98886777
-0.13392 13.19867522 1.98885753
-0.13359 13.20122599 1.98884725
-0.13326 13.20378973 1.98883692
-0.13292 13.20636654 1.98882655
-0.13259 13.20895650 1.98881612
-0.13225 13.21155971 1.98880565
-0.13192 13.21417624 1.98879514
-0.13159 13.21680621 1.98878457
-0.13125 13.21944968 1.98877396
-0.13092 13.22210677 1.98876329
-0.13059 13.22477757 1.98875258
-0.13025 13.22746216 1.98874182
-0.12992 13.23016064 1.98873101
-0.12959 13.23287312 1.98872015
-0.12925 13.23559969 1.98870923
-0.12892 13.23834045 1.98869827
-0.12859 13.24109549 1.98868726
-0.12825 13.24386493 1.98867619
-0.12792 13.24664885 1.98866508
-0.12759 13.24944737 1.98865391
-0.12725 13.25226059 1.98864268
-0.12692 13.25508860 1.98863141
-0.12658 13.25793153 1.98862008
-0.12625 13.26078947 1.98860870
-0.12592 13.26366253 1.98859726
-0.12558 13.26655083 1.98858577
-0.12525 13.26945446 1.98857422
-0.12492 13.27237355 1.98856262
-0.12458 13.27530821 1.98855096
-0.12425 13.27825854 1.98853925
-0.12392 13.28122467 1.98852748
-0.12358 13.28420670 1.98851565
-0.12325 13.28720476 1.98850376
-0.12292 13.29021897 1.98849182
-0.12258 13.29324944 1.98847982
-0.12225 13.29629629 1.98846776
-0.12191 13.29935965 1.98845564
-0.12158 13.30243964 1.98844346
-0.12125 13.30553638 1.98843122
-0.12091 13.30865000 1.98841891
-0.12058 13.31178063 1.98840655
-0.12025 13.31492839 1.98839413
-0.11991 13.31809341 1.98838164
-0.11958 13.32127583 1.98836910
-0.11925 13.32447578 1.98835648
-0.11891 13.32769339 1.98834381
-0.11858 13.33092880 1.98833107
-0.11825 13.33418214 1.98831827
-0.11791 13.33745355 1.98830540
-0.11758 13.34074317 1.98829246
-0.11724 13.34405114 1.98827946
-0.11691 13.34737761 1.98826640
-0.11658 13.35072272 1.98825326
-0.11624 13.35408661 1.98824006
-0.11591 13.35746943 1.98822679
-0.11558 13.36087134 1.98821345
-0.11524 13.36429247 1.98820005
-0.11491 13.36773299 1.98818657
-0.11458 13.37119304 1.98817302
-0.11424 13.37467279 1.98815940
-0.11391 13.37817239 1.98814571
-0.11358 13.38169199 1.98813195
-0.11324 13.38523177 1.98811811
-0.11291 13.38879188 1.98810420
-0.11258 13.39237248 1.98809022
-0.11224 13.39597375 1.98807616
-0.11191 13.39959585 1.98806203
-0.11157 13.40323895 1.98804782
-0.11124 13.40690322 1.98803353
-0.11091 13.41058883 1.98801917
-0.11057 13.41429597 1.98800473
-0.11024 13.41802481 1.98799021
-0.10991 13.42177553 1.98797562
-0.10957 13.42554831 1.98796094
-0.10924 13.42934334 1.98794618
-0.10891 13.43316080 1.98793134
-0.10857 13.43700088 1.98791642
-0.10824 13.44086377 1.98790142
-0.10791 13.44474966 1.98788633
-0.10757 13.44865875 1.98787116
-0.10724 13.45259124 1.98785591
-0.10690 13.45654732 1.98784057
-0.10657 13.46052720 1.98782514
-0.10624 13.46453109 1.98780963
-0.10590 13.46855918 1.98779403
-0.10557 13.47261169 1.98777834
-0.10524 13.47668882 1.98776256
-0.10490 13.48079080 1.98774669
-0.10457 13.48491785 1.98773073
-0.10424 13.48907017 1.98771468
-0.10390 13.49324799 1.98769854
-0.10357 13.49745154 1.98768230
-0.10324 13.50168105 1.98766597
-0.10290 13.50593674 1.98764955
-0.10257 13.51021885 1.98763302
-0.10223 13.51452761 1.98761641
-0.10190 13.51886327 1.98759969
-0.10157 13.52322607 1.98758288
-0.10123 13.52761624 1.98756596
-0.10090 13.53203404 1.98754895
-0.10057 13.53647973 1.98753183
-0.10023 13.54095354 1.98751462
-0.09990 13.54545575 1.98749730
-0.09957 13.54998661 1.98747987
-0.09923 13.55454639 1.98746234
-0.09890 13.55913536 1.98744471
-0.09857 13.56375378 1.98742696
-0.09823 13.56840193 1.98740911
-0.09790 13.57308009 1.98739115
-0.09757 13.57778854 1.98737308
-0.09723 13.58252756 1.98735490
-0.09690 13.58729745 1.98733660
-0.09656 13.59209849 1.98731820
-0.09623 13.59693099 1.98729968
-0.09590 13.60179524 1.98728104
-0.09556 13.60669155 1.98726228
-0.09523 13.61162023 1.98724341
-0.09490 13.61658159 1.98722442
-0.09456 13.62157595 1.98720531
-0.09423 13.62660362 1.98718607
-0.09390 13.63166494 1.98716672
-0.09356 13.63676023 1.98714724
-0.09323 13.64188983 1.98712763
-0.09290 13.64705408 1.98710790
-0.09256 13.65225332 1.98708804
-0.09223 13.65748789 1.98706806
-0.09189 13.66275816 1.98704794
-0.09156 13.66806448 1.98702769
-0.09123 13.67340721 1.98700730
-0.09089 13.67878673 1.98698679
-0.09056 13.68420340 1.98696613
-0.09023 13.68965760 1.98694534
-0.08989 13.69514972 1.98692441
-0.08956 13.70068014 1.98690334
-0.08923 13.70624927 1.98688213
-0.08889 13.71185749 1.98686078
-0.08856 13.71750523 1.98683928
-0.08823 13.72319288 1.98681764
-0.08789 13.72892087 1.98679584
-0.08756 13.73468963 1.98677390
-0.08722 13.74049958 1.98675181
-0.08689 13.74635115 1.98672956
-0.08656 13.75224480 1.98670716
-0.08622 13.75818097 1.98668461
-0.08589 13.76416011 1.98666190
-0.08556 13.77018270 1.98663902
-0.08522 13.77624920 1.98661599
-0.08489 13.78236009 1.98659279
-0.08456 13.78851584 1.98656943
-0.08422 13.79471697 1.98654590
-0.08389 13.80096395 1.98652221
-0.08356 13.80725730 1.98649834
-0.08322 13.81359754 1.98647430
-0.08289 13.81998518 1.98645009
-0.08256 13.82642076 1.98642570
-0.08222 13.83290481 1.98640113
-0.08189 13.83943789 1.98637638
-0.08155 13.84602054 1.98635145
-0.08122 13.85265333 1.98632633
-0.08089 13.85933684 1.98630103
-0.08055 13.86607165 1.98627554
-0.08022 13.87285834 1.98624986
-0.07989 13.87969753 1.98622398
-0.07955 13.88658982 1.98619791
-0.07922 13.89353582 1.98617164
-0.07889 13.90053618 1.98614516
-0.07855 13.90759154 1.98611849
-0.07822 13.91470254 1.98609161
-0.07789 13.92186984 1.98606452
-0.07755 13.92909413 1.98603722
-0.07722 13.93637608 1.98600971
-0.07688 13.94371640 1.98598198
-0.07655 13.95111578 1.98595404
-0.07622 13.95857495 1.98592587
-0.07588 13.96609464 1.98589748
-0.07555 13.97367559 1.98586886
-0.07522 13.98131856 1.98584001
-0.07488 13.98902432 1.98581093
-0.07455 13.99679366 1.98578161
-0.07422 14.00462736 1.98575206
-0.07388 14.01252625 1.98572226
-0.07355 14.02049114 1.98569222
-0.07322 14.02852287 1.98566193
-0.07288 14.03662231 1.98563139
-0.07255 14.04479031 1.98560059
-0.07221 14.05302776 1.98556953
-0.07188 14.06133557 1.98553822
-0.07155 14.06971465 1.98550663
-0.07121 14.07816593 1.98547478
-0.07088 14.08669036 1.98544266
-0.07055 14.09528892 1.98541026
-0.07021 14.10396258 1.98537758
-0.06988 14.11271236 1.98534462
-0.06955 14.12153927 1.98531137
-0.06921 14.13044436 1.98527782
-0.06888 14.13942868 1.98524399
-0.06855 14.14849333 1.98520985
-0.06821 14.15763940 1.98517540
-0.06788 14.16686801 1.98514065
-0.06755 14.17618032 1.98510559
-0.06721 14.18557748 1.98507021
-0.06688 14.19506068 1.98503450
-0.06654 14.20463115 1.98499847
-0.06621 14.21429011 1.98496211
-0.06588 14.22403883 1.98492541
-0.06554 14.23387859 1.98488837
-0.06521 14.24381070 1.98485098
-0.06488 14.25383651 1.98481324
-0.06454 14.26395737 1.98477514
-0.06421 14.27417469 1.98473668
-0.06388 14.28448987 1.98469785
-0.06354 14.29490438 1.98465865
-0.06321 14.30541969 1.98461907
-0.06288 14.31603731 1.98457910
-0.06254 14.32675879 1.98453875
-0.06221 14.33758570 1.98449799
-0.06187 14.34851966 1.98445683
-0.06154 14.35956229 1.98441526
-0.06121 14.37071529 1.98437327
-0.06087 14.38198036 1.98433086
-0.06054 14.39335925 1.98428802
-0.06021 14.40485376 1.98424474
-0.05987 14.41646572 1.98420101
-0.05954 14.42819699 1.98415684
-0.05921 14.44004948 1.98411220
-0.05887 14.45202516 1.98406710
-0.05854 14.46412600 1.98402152
-0.05821 14.47635406 1.98397545
-0.05787 14.48871143 1.98392890
-0.05754 14.50120025 1.98388184
-0.05720 14.51382269 1.98383428
-0.05687 14.52658100 1.98378619
-0.05654 14.53947746 1.98373759
-0.05620 14.55251442 1.98368844
-0.05587 14.56569428 1.98363875
-0.05554 14.57901950 1.98358850
-0.05520 14.59249258 1.98353769
-0.05487 14.60611611 1.98348630
-0.05454 14.61989272 1.98343432
-0.05420 14.63382512 1.98338175
-0.05387 14.64791608 1.98332857
-0.05354 14.66216843 1.98327476
-0.05320 14.67658509 1.98322033
-0.05287 14.69116904 1.98316525
-0.05254 14.70592334 1.98310952
-0.05220 14.72085112 1.98305312
-0.05187 14.73595561 1.98299603
-0.05153 14.75124010 1.98293825
-0.05120 14.76670799 1.98287976
-0.05087 14.78236275 1.98282055
-0.05053 14.79820796 1.98276060
-0.05020 14.81424727 1.98269990
-0.04987 14.83048445 1.98263843
-0.04953 14.84692337 1.98257618
-0.04920 14.86356800 1.98251312
-0.04887 14.88042243 1.98244925
-0.04853 14.89749084 1.98238455
-0.04820 14.91477755 1.98231899
-0.04787 14.93228699 1.98225257
-0.04753 14.95002373 1.98218525
-0.04720 14.96799246 1.98211703
-0.04686 14.98619800 1.98204787
-0.04653 15.00464532 1.98197777
-0.04620 15.02333954 1.98190670
-0.04586 15.04228592 1.98183464
-0.04553 15.06148989 1.98176156
-0.04520 15.08095703 1.98168745
-0.04486 15.10069310 1.98161227
-0.04453 15.12070404 1.98153600
-0.04420 15.14099596 1.98145862
-0.04386 15.16157517 1.98138011
-0.04353 15.18244818 1.98130042
-0.04320 15.20362171 1.98121954
-0.04286 15.22510268 1.98113744
-0.04253 15.24689825 1.98105408
-0.04219 15.26901581 1.98096943
-0.04186 15.29146299 1.98088347
-0.04153 15.31424767 1.98079615
-0.04119 15.33737802 1.98070744
-0.04086 15.36086245 1.98061731
-0.04053 15.38470969 1.98052571
-0.04019 15.40892874 1.98043262
-0.03986 15.43352896 1.98033798
-0.03953 15.45852000 1.98024176
-0.03919 15.48391187 1.98014392
-0.03886 15.50971493 1.98004440
-0.03853 15.53593995 1.97994316
-0.03819 15.56259805 1.97984015
-0.03786 15.58970080 1.97973533
-0.03753 15.61726018 1.97962863
-0.03719 15.64528864 1.97952000
-0.03686 15.67379910 1.97940938
-0.03652 15.70280499 1.97929672
-0.03619 15.73232026 1.97918196
-0.03586 15.76235942 1.97906501
-0.03552 15.79293754 1.97894583
-0.03519 15.82407034 1.97882433
-0.03486 15.85577416 1.97870045
-0.03452 15.88806601 1.97857410
-0.03419 15.92096365 1.97844520
-0.03386 15.95448557 1.97831367
-0.03352 15.98865105 1.97817942
-0.03319 16.02348024 1.97804236
-0.03286 16.05899415 1.97790238
-0.03252 16.09521476 1.97775938
-0.03219 16.13216501 1.97761326
-0.03185 16.16986892 1.97746391
-0.03152 16.20835163 1.97731119
-0.03119 16.24763944 1.97715499
-0.03085 16.28775993 1.97699517
-0.03052 16.32874199 1.97683160
-0.03019 16.37061597 1.97666412
-0.02985 16.41341370 1.97649258
-0.02952 16.45716862 1.97631682
-0.02919 16.50191589 1.97613666
-0.02885 16.54769250 1.97595191
-0.02852 16.59453739 1.97576239
-0.02819 16.64249160 1.97556788
-0.02785 16.69159840 1.97536816
-0.02752 16.74190342 1.97516301
-0.02718 16.79345491 1.97495216
-0.02685 16.84630384 1.97473536
-0.02652 16.90050415 1.97451232
-0.02618 16.95611295 1.97428274
-0.02585 17.01319080 1.97404629
-0.02552 17.07180194 1.97380264
-0.02518 17.13201464 1.97355141
-0.02485 17.19390144 1.97329220
-0.02452 17.25753959 1.97302458
-0.02418 17.32301142 1.97274810
-0.02385 17.39040474 1.97246225
-0.02352 17.45981338 1.97216650
-0.02318 17.53133770 1.97186027
-0.02285 17.60508516 1.97154293
-0.02252 17.68117103 1.97121379
-0.02218 17.75971912 1.97087212
-0.02185 17.84086259 1.97051710
-0.02151 17.92474489 1.97014784
-0.02118 18.01152082 1.96976338
-0.02085 18.10135770 1.96936265
-0.02051 18.19443669 1.96894449
-0.02018 18.29095433 1.96850759
-0.01985 18.39112424 1.96805053
-0.01951 18.49517909 1.96757173
-0.01918 18.60337281 1.96706942
-0.01885 18.71598323 1.96654165
-0.01851 18.83331497 1.96598619
-0.01818 18.95570294 1.96540059
-0.01785 19.08351625 1.96478206
-0.01751 19.21716294 1.96412742
-0.01718 19.35709532 1.96343309
-0.01684 19.50381645 1.96269497
-0.01651 19.65788768 1.96190835
-0.01618 19.81993765 1.96106779
-0.01584 19.99067304 1.96016700
-0.01551 20.17089156 1.95919862
-0.01518 20.36149760 1.95815403
-0.01484 20.56352139 1.95702302
-0.01451 20.77814250 1.95579344
-0.01418 21.00671896 1.95445073
-0.01384 21.25082371 1.95297722
-0.01351 21.51229057 1.95135135
-0.01318 21.79327285 1.94954649
-0.01284 22.09631903 1.94752937
-0.01251 22.42447164 1.94525794
-0.01217 22.78139828 1.94267827
-0.01184 23.17156800 1.93972016
-0.01151 23.60049283 1.93629058
-0.01117 24.07506515 1.93226385
-0.01084 24.60403922 1.92746637
-0.01051 25.19873618 1.92165210
-0.01017 25.87410548 1.91446185
-0.00984 26.65037617 1.90535275
-0.00951 27.55572099 1.89346972
-0.00917 28.63073013 1.87739778
-0.00884 29.93622033 1.85465156
-0.00851 31.56711431 1.82054563
-0.00817 33.67476740 1.76556121
-0.00784 36.47273765 1.66986920
-0.00751 39.98675432 1.50341682
-0.00717 43.23564227 1.27128896
-0.00684 44.67189321 1.03473592
-0.00650 43.77768920 0.82560990
-0.00617 40.57334454 0.63316898
-0.00584 34.96685958 0.44445717
-0.00550 27.42434137 0.26560203
-0.00517 20.58575618 0.13731993
-0.00484 16.54219076 0.07371994
-0.00450 14.39679340 0.04439961
-0.00417 13.16315508 0.02935794
-0.00384 12.38568612 0.02074498
-0.00350 11.85963588 0.01538166
-0.00317 11.48421849 0.01182544
-0.00284 11.20515277 0.00935122
-0.00250 10.99096001 0.00756334
-0.00217 10.82226790 0.00623132
-0.00183 10.68656713 0.00521363
-0.00150 10.57545445 0.00441951
-0.00117 10.48309572 0.00378862
-0.00083 10.40532590 0.00327960
-0.00050 10.33909965 0.00286334
-0.00017 10.28214374 0.00251888
0.00017 10.23273034 0.00223084
0.00050 10.18952499 0.00198771
0.00083 10.15148237 0.00178076
0.00117 10.11777315 0.00160326
0.00150 10.08773182 0.00144997
0.00183 10.06081880 0.00131675
0.00217 10.03659243 0.00120031
0.00250 10.01468814 0.00109799
0.00284 9.99480256 0.00100765
0.00317 9.97668146 0.00092751
0.00350 9.96011033 0.00085613
0.00384 9.94490705 0.00079230
0.00417 9.93091613 0.00073502
0.00450 9.91800405 0.00068343
0.00484 9.90605564 0.00063683
0.00517 9.89497106 0.00059460
0.00550 9.88466338 0.00055623
0.00584 9.87505659 0.00052126
0.00617 9.86608398 0.00048933
0.00650 9.85768679 0.00046009
0.00684 9.84981307 0.00043326
0.00717 9.84241675 0.00040859
0.00751 9.83545684 0.00038585
0.00784 9.82889677 0.00036486
0.00817 9.82270381 0.00034545
0.00851 9.81684858 0.00032746
0.00884 9.81130469 0.00031076
0.00917 9.80604832 0.00029524
0.00951 9.80105793 0.00028078
0.00984 9.79631403 0.00026731
0.01017 9.79179892 0.00025472
0.01051 9.78749651 0.00024295
0.01084 9.78339211 0.00023194
0.01117 9.77947235 0.00022161
0.01151 9.77572495 0.00021192
0.01184 9.77213871 0.00020282
0.01217 9.76870330 0.00019425
0.01251 9.76540926 0.00018618
0.01284 9.76224786 0.00017858
0.01318 9.75921106 0.00017141
0.01351 9.75629145 0.00016463
0.01384 9.75348214 0.00015822
0.01418 9.75077678 0.00015216
0.01451 9.74816948 0.00014642
0.01484 9.74565476 0.00014098
0.01518 9.74322754 0.00013582
0.01551 9.74088308 0.00013092
0.01584 9.73861699 0.00012626
0.01618 9.73642514 0.00012183
0.01651 9.73430370 0.00011762
0.01684 9.73224909 0.00011361
0.01718 9.73025794 0.00010979
0.01751 9.72832712 0.00010614
0.01785 9.72645368 0.00010267
0.01818 9.72463487 0.00009935
0.01851 9.72286808 0.00009618
0.01885 9.72115088 0.00009315
0.01918 9.71948097 0.00009025
0.01951 9.71785621 0.00008748
0.01985 9.71627455 0.00008482
0.02018 9.71473408 0.00008228
0.02051 9.71323300 0.00007984
0.02085 9.71176958 0.00007750
0.02118 9.71034223 0.00007526
0.02151 9.70894941 0.00007310
0.02185 9.70758968 0.00007104
0.02218 9.70626167 0.00006905
0.02252 9.70496409 0.00006714
0.02285 9.70369571 0.00006530
0.02318 9.70245537 0.00006354
0.02352 9.70124195 0.00006184
0.02385 9.70005441 0.00006020
0.02418 9.69889176 0.00005862
0.02452 9.69775303 0.00005710
0.02485 9.69663733 0.00005564
0.02518 9.69554380 0.00005422
0.02552 9.69447161 0.00005286
0.02585 9.69342000 0.00005155
0.02618 9.69238821 0.00005028
0.02652 9.69137553 0.00004905
0.02685 9.69038130 0.00004786
0.02718 9.68940485 0.00004672
0.02752 9.68844557 0.00004561
0.02785 9.68750287 0.00004454
0.02819 9.68657620 0.00004351
0.02852 9.68566499 0.00004250
0.02885 9.68476875 0.00004153
0.02919 9.68388697 0.00004060
0.02952 9.68301918 0.00003969
0.02985 9.68216493 0.00003881
0.03019 9.68132378 0.00003795
0.03052 9.68049531 0.00003712
0.03085 9.67967913 0.00003632
0.03119 9.67887484 0.00003554
0.03152 9.67808208 0.00003479
0.03185 9.67730050 0.00003406
0.03219 9.67652975 0.00003335
0.03252 9.67576950 0.00003266
0.03286 9.67501945 0.00003199
0.03319 9.67427929 0.00003133
0.03352 9.67354872 0.00003070
0.03386 9.67282747 0.00003009
0.03419 9.67211527 0.00002949
0.03452 9.67141186 0.00002891
0.03486 9.67071698 0.00002835
0.03519 9.67003040 0.00002780
0.03552 9.66935188 0.00002726
0.03586 9.66868121 0.00002674
0.03619 9.66801815 0.00002624
0.03652 9.66736252 0.00002574
0.03686 9.66671409 0.00002526
0.03719 9.66607269 0.00002480
0.03753 9.66543811 0.00002434
0.03786 9.66481019 0.00002390
0.03819 9.66418874 0.00002347
0.03853 9.66357360 0.00002305
0.03886 9.66296460 0.00002264
0.03919 9.66236159 0.00002224
0.03953 9.66176441 0.00002185
0.03986 9.66117291 0.00002147
0.04019 9.66058695 0.00002110
0.04053 9.66000640 0.00002073
0.04086 9.65943111 0.00002038
0.04119 9.65886096 0.00002004
0.04153 9.65829583 0.00001970
0.04186 9.65773558 0.00001937
0.04219 9.65718011 0.00001905
0.04253 9.65662930 0.00001874
0.04286 9.65608303 0.00001843
0.04320 9.65554121 0.00001813
0.04353 9.65500372 0.00001784
0.04386 9.65447046 0.00001756
0.04420 9.65394135 0.00001728
0.04453 9.65341627 0.00001701
0.04486 9.65289515 0.00001674
0.04520 9.65237788 0.00001648
0.04553 9.65186439 0.00001623
0.04586 9.65135459 0.00001598
0.04620 9.65084839 0.00001573
0.04653 9.65034572 0.00001549
0.04686 9.64984650 0.00001526
0.04720 9.64935065 0.00001503
0.04753 9.64885811 0.00001481
0.04787 9.64836879 0.00001459
0.04820 9.64788263 0.00001438
0.04853 9.64739957 0.00001417
0.04887 9.64691953 0.00001396
0.04920 9.64644246 0.00001376
0.04953 9.64596829 0.00001357
0.04987 9.64549696 0.00001337
0.05020 9.64502842 0.00001319
0.05053 9.64456260 0.00001300
0.05087 9.64409945 0.00001282
0.05120 9.64363891 0.00001264
0.05153 9.64318094 0.00001247
0.05187 9.64272548 0.00001230
0.05220 9.64227249 0.00001213
0.05254 9.64182190 0.00001197
0.05287 9.64137369 0.00001181
0.05320 9.64092779 0.00001165
0.05354 9.64048416 0.00001149
0.05387 9.64004277 0.00001134
0.05420 9.63960356 0.00001119
0.05454 9.63916650 0.00001105
0.05487 9.63873154 0.00001091
0.05520 9.63829865 0.00001077
0.05554 9.63786778 0.00001063
0.05587 9.63743890 0.00001049
0.05620 9.63701197 0.00001036
0.05654 9.63658695 0.00001023
0.05687 9.63616382 0.00001010
0.05720 9.63574252 0.00000998
0.05754 9.63532304 0.00000985
0.05787 9.63490534 0.00000973
0.05821 9.63448939 0.00000961
0.05854 9.63407514 0.00000950
0.05887 9.63366259 0.00000938
0.05921 9.63325168 0.00000927
0.05954 9.63284241 0.00000916
0.05987 9.63243473 0.00000905
0.06021 9.63202861 0.00000894
0.06054 9.63162404 0.00000884
0.06087 9.63122099 0.00000874
0.06121 9.63081942 0.00000864
0.06154 9.63041931 0.00000854
0.06187 9.63002065 0.00000844
0.06221 9.62962340 0.00000834
0.06254 9.62922753 0.00000825
0.06288 9.62883304 0.00000815
0.06321 9.62843989 0.00000806
0.06354 9.62804806 0.00000797
0.06388 9.62765752 0.00000788
0.06421 9.62726827 0.00000780
0.06454 9.62688028 0.00000771
0.06488 9.62649352 0.00000763
0.06521 9.62610797 0.00000755
0.06554 9.62572363 0.00000746
0.06588 9.62534046 0.00000738
0.06621 9.62495845 0.00000731
0.06654 9.62457759 0.00000723
0.06688 9.62419784 0.00000715
0.06721 9.62381920 0.00000708
0.06755 9.62344165 0.00000700
0.06788 9.62306516 0.00000693
0.06821 9.62268974 0.00000686
0.06855 9.62231534 0.00000679
0.06888 9.62194197 0.00000672
0.06921 9.62156961 0.00000665
0.06955 9.62119824 0.00000658
0.06988 9.62082784 0.00000652
0.07021 9.62045840 0.00000645
0.07055 9.62008991 0.00000639
0.07088 9.61972235 0.00000632
0.07121 9.61935571 0.00000626
0.07155 9.61898997 0.00000620
0.07188 9.61862513 0.00000614
0.07221 9.61826116 0.00000608
0.07255 9.61789805 0.00000602
0.07288 9.61753580 0.00000596
0.07322 9.61717439 0.00000591
0.07355 9.61681381 0.00000585
0.07388 9.61645404 0.00000580
0.07422 9.61609508 0.00000574
0.07455 9.61573691 0.00000569
0.07488 9.61537952 0.00000563
0.07522 9.61502290 0.00000558
0.07555 9.61466705 0.00000553
0.07588 9.61431194 0.00000548
0.07622 9.61395756 0.00000543
0.07655 9.61360392 0.00000538
0.07688 9.61325100 0.00000533
0.07722 9.61289878 0.00000528
0.07755 9.61254726 0.00000524
0.07789 9.61219643 0.00000519
0.07822 9.61184628 0.00000514
0.07855 9.61149680 0.00000510
0.07889 9.61114798 0.00000505
0.07922 9.61079981 0.00000501
0.07955 9.61045228 0.00000497
0.07989 9.61010540 0.00000492
0.08022 9.60975913 0.00000488
0.08055 9.60941349 0.00000484
0.08089 9.60906845 0.00000480
0.08122 9.60872402 0.00000476
0.08155 9.60838018 0.00000472
0.08189 9.60803693 0.00000468
0.08222 9.60769425 0.00000464
0.08256 9.60735215 0.00000460
0.08289 9.60701061 0.00000456
0.08322 9.60666962 0.00000453
0.08356 9.60632919 0.00000449
0.08389 9.60598930 0.00000445
0.08422 9.60564994 0.00000442
0.08456 9.60531111 0.00000438
0.08489 9.60497281 0.00000435
0.08522 9.60463502 0.00000431
0.08556 9.60429774 0.00000428
0.08589 9.60396096 0.00000424
0.08622 9.60362468 0.00000421
0.08656 9.60328889 0.00000418
0.08689 9.60295358 0.00000414
0.08722 9.60261875 0.00000411
0.08756 9.60228439 0.00000408
0.08789 9.60195050 0.00000405
0.08823 9.60161708 0.00000402
0.08856 9.60128410 0.00000399
0.08889 9.60095158 0.00000396
0.08923 9.60061950 0.00000393
0.08956 9.60028786 0.00000390
0.08989 9.59995666 0.00000387
0.09023 9.59962588 0.00000384
0.09056 9.59929553 0.00000381
0.09089 9.59896560 0.00000378
0.09123 9.59863608 0.00000376
0.09156 9.59830697 0.00000373
0.09189 9.59797826 0.00000370
0.09223 9.59764995 0.00000368
0.09256 9.59732204 0.00000365
0.09290 9.59699452 0.00000362
0.09323 9.59666739 0.00000360
0.09356 9.59634063 0.00000357
0.09390 9.59601426 0.00000355
0.09423 9.59568826 0.00000352
0.09456 9.59536262 0.00000350
0.09490 9.59503735 0.00000347
0.09523 9.59471244 0.00000345
0.09556 9.59438789 0.00000343
0.09590 9.59406369 0.00000340
0.09623 9.59373984 0.00000338
0.09656 9.59341633 0.00000336
0.09690 9.59309316 0.00000333
0.09723 9.59277033 0.00000331
0.09757 9.59244784 0.00000329
0.09790 9.59212567 0.00000327
0.09823 9.59180383 0.00000325
0.09857 9.59148231 0.00000322
0.09890 9.59116112 0.00000320
0.09923 9.59084023 0.00000318
0.09957 9.59051966 0.00000316
0.09990 9.59019940 0.00000314
0.10023 9.58987945 0.00000312
0.10057 9.58955979 0.00000310
0.10090 9.58924044 0.00000308
0.10123 9.58892138 0.00000306
0.10157 9.58860261 0.00000304
0.10190 9.58828414 0.00000302
0.10223 9.58796595 0.00000300
0.10257 9.58764804 0.00000299
0.10290 9.58733042 0.00000297
0.10324 9.58701307 0.00000295
0.10357 9.58669600 0.00000293
0.10390 9.58637920 0.00000291
0.10424 9.58606267 0.00000290
0.10457 9.58574641 0.00000288
0.10490 9.58543041 0.00000286
0.10524 9.58511468 0.00000284
0.10557 9.58479920 0.00000283
0.10590 9.58448397 0.00000281
0.10624 9.58416900 0.00000279
0.10657 9.58385429 0.00000278
0.10690 9.58353982 0.00000276
0.10724 9.58322559 0.00000274
0.10757 9.58291161 0.00000273
0.10791 9.58259787 0.00000271
0.10824 9.58228437 0.00000270
0.10857 9.58197111 0.00000268
0.10891 9.58165808 0.00000267
0.10924 9.58134528 0.00000265
0.10957 9.58103271 0.00000264
0.10991 9.58072036 0.00000262
0.11024 9.58040825 0.00000261
0.11057 9.58009635 0.00000259
0.11091 9.57978468 0.00000258
0.11124 9.57947323 0.00000256
0.11157 9.57916199 0.00000255
0.11191 9.57885096 0.00000254
0.11224 9.57854015 0.00000252
0.11258 9.57822955 0.00000251
0.11291 9.57791916 0.00000249
0.11324 9.57760897 0.00000248
0.11358 9.57729899 0.00000247
0.11391 9.57698921 0.00000245
0.11424 9.57667963 0.00000244
0.11458 9.57637025 0.00000243
0.11491 9.57606107 0.00000242
0.11524 9.57575208 0.00000240
0.11558 9.57544329 0.00000239
0.11591 9.57513469 0.00000238
0.11624 9.57482627 0.00000237
0.11658 9.57451805 0.00000235
0.11691 9.57421001 0.00000234
0.11724 9.57390216 0.00000233
0.11758 9.57359449 0.00000232
0.11791 9.57328700 0.00000231
0.11825 9.57297969 0.00000229
0.11858 9.57267256 0.00000228
0.11891 9.57236560 0.00000227
0.11925 9.57205882 0.00000226
0.11958 9.57175222 0.00000225
0.11991 9.57144578 0.00000224
0.12025 9.57113952 0.00000223
0.12058 9.57083342 0.00000222
0.12091 9.57052750 0.00000221
0.12125 9.57022174 0.00000220
0.12158 9.56991614 0.00000219
0.12191 9.56961070 0.00000217
0.12225 9.56930543 0.00000216
0.12258 9.56900032 0.00000215
0.12292 9.56869536 0.00000214
0.12325 9.56839057 0.00000213
0.12358 9.56808593 0.00000212
0.12392 9.56778144 0.00000211
0.12425 9.56747711 0.00000210
0.12458 9.56717293 0.00000209
0.12492 9.56686890 0.00000208
0.12525 9.56656502 0.00000208
0.12558 9.56626129 0.00000207
0.12592 9.56595771 0.00000206
0.12625 9.56565427 0.00000205
0.12658 9.56535098 0.00000204
0.12692 9.56504783 0.00000203
0.12725 9.56474482 0.00000202
0.12759 9.56444195 0.00000201
0.12792 9.56413922 0.00000200
0.12825 9.56383663 0.00000199
0.12859 9.56353418 0.00000198
0.12892 9.56323187 0.00000198
0.12925 9.56292969 0.00000197
0.12959 9.56262765 0.00000196
0.12992 9.56232573 0.00000195
0.13025 9.56202395 0.00000194
0.13059 9.56172231 0.00000193
0.13092 9.56142079 0.00000193
0.13125 9.56111940 0.00000192
0.13159 9.56081813 0.00000191
0.13192 9.56051700 0.00000190
0.13225 9.56021599 0.00000189
0.13259 9.55991510 0.00000189
0.13292 9.55961434 0.00000188
0.13326 9.55931371 0.00000187
0.13359 9.55901319 0.00000186
0.13392 9.55871279 0.00000186
0.13426 9.55841252 0.00000185
0.13459 9.55811236 0.00000184
0.13492 9.55781232 0.00000183
0.13526 9.55751240 0.00000183
0.13559 9.55721260 0.00000182
0.13592 9.55691291 0.00000181
0.13626 9.55661333 0.00000180
0.13659 9.55631387 0.00000180
0.13692 9.55601453 0.00000179
0.13726 9.55571529 0.00000178
0.13759 9.55541616 0.00000178
0.13793 9.55511715 0.00000177
0.13826 9.55481824 0.00000176
0.13859 9.55451944 0.00000176
0.13893 9.55422075 0.00000175
0.13926 9.55392217 0.00000174
0.13959 9.55362369 0.00000174
0.13993 9.55332532 0.00000173
0.14026 9.55302705 0.00000172
0.14059 9.55272889 0.00000172
0.14093 9.55243083 0.00000171
0.14126 9.55213287 0.00000170
0.14159 9.55183501 0.00000170
0.14193 9.55153726 0.00000169
0.14226 9.55123960 0.00000169
0.14260 9.55094204 0.00000168
0.14293 9.55064458 0.00000167
0.14326 9.55034722 0.00000167
0.14360 9.55004996 0.00000166
0.14393 9.54975279 0.00000166
0.14426 9.54945572 0.00000165
0.14460 9.54915874 0.00000164
0.14493 9.54886186 0.00000164
0.14526 9.54856507 0.00000163
0.14560 9.54826837 0.00000163
0.14593 9.54797177 0.00000162
0.14626 9.54767526 0.00000162
0.14660 9.54737884 0.00000161
0.14693 9.54708251 0.00000160
0.14726 9.54678626 0.00000160
0.14760 9.54649011 0.00000159
0.14793 9.54619405 0.00000159
0.14827 9.54589807 0.00000158
0.14860 9.54560218 0.00000158
0.14893 9.54530638 0.00000157
0.14927 9.54501066 0.00000157
0.14960 9.54471503 0.00000156
0.14993 9.54441948 0.00000156
0.15027 9.54412402 0.00000155
0.15060 9.54382864 0.00000155
0.15093 9.54353335 0.00000154
0.15127 9.54323813 0.00000154
0.15160 9.54294300 0.00000153
0.15193 9.54264795 0.00000153
0.15227 9.54235298 0.00000152
0.15260 9.54205809 0.00000152
0.15294 9.54176329 0.00000151
0.15327 9.54146856 0.00000151
0.15360 9.54117391 0.00000150
0.15394 9.54087933 0.00000150
0.15427 9.54058484 0.00000149
0.15460 9.54029042 0.00000149
0.15494 9.53999608 0.00000148
0.15527 9.53970181 0.00000148
0.15560 9.53940762 0.00000147
0.15594 9.53911350 0.00000147
0.15627 9.53881946 0.00000147
0.15660 9.53852549 0.00000146
0.15694 9.53823160 0.00000146
0.15727 9.53793778 0.00000145
0.15761 9.53764403 0.00000145
0.15794 9.53735036 0.00000144
0.15827 9.53705675 0.00000144
0.15861 9.53676322 0.00000144
0.15894 9.53646976 0.00000143
0.15927 9.53617637 0.00000143
0.15961 9.53588305 0.00000142
0.15994 9.53558979 0.00000142
0.16027 9.53529661 0.00000141
0.16061 9.53500350 0.00000141
0.16094 9.53471045 0.00000141
0.16127 9.53441747 0.00000140
0.16161 9.53412456 0.00000140
0.16194 9.53383171 0.00000139
0.16227 9.53353893 0.00000139
0.16261 9.53324622 0.00000139
0.16294 9.53295357 0.00000138
0.16328 9.53266099 0.00000138
0.16361 9.53236847 0.00000138
0.16394 9.53207602 0.00000137
0.16428 9.53178363 0.00000137
0.16461 9.53149130 0.00000136
0.16494 9.53119904 0.00000136
0.16528 9.53090684 0.00000136
0.16561 9.53061470 0.00000135
0.16594 9.53032263 0.00000135
0.16628 9.53003061 0.00000135
0.16661 9.52973866 0.00000134
0.16694 9.52944677 0.00000134
0.16728 9.52915494 0.00000134
0.16761 9.52886317 0.00000133
0.16795 9.52857145 0.00000133
0.16828 9.52827980 0.00000132
0.16861 9.52798821 0.00000132
0.16895 9.52769667 0.00000132
0.16928 9.52740520 0.00000131
0.16961 9.52711378 0.00000131
0.16995 9.52682242 0.00000131
0.17028 9.52653112 0.00000130
0.17061 9.52623987 0.00000130
0.17095 9.52594868 0.00000130
0.17128 9.52565755 0.00000129
0.17161 9.52536647 0.00000129
0.17195 9.52507545 0.00000129
0.17228 9.52478448 0.00000129
0.17262 9.52449357 0.00000128
0.17295 9.52420271 0.00000128
0.17328 9.52391191 0.00000128
0.17362 9.52362116 0.00000127
0.17395 9.52333046 0.00000127
0.17428 9.52303982 0.00000127
0.17462 9.52274923 0.00000126
0.17495 9.52245870 0.00000126
0.17528 9.52216821 0.00000126
0.17562 9.52187778 0.00000125
0.17595 9.52158740 0.00000125
0.17628 9.52129708 0.00000125
0.17662 9.52100680 0.00000125
0.17695 9.52071657 0.00000124
0.17728 9.52042640 0.00000124
0.17762 9.52013628 0.00000124
0.17795 9.51984620 0.00000123
0.17829 9.51955618 0.00000123
0.17862 9.51926620 0.00000123
0.17895 9.51897628 0.00000123
0.17929 9.51868640 0.00000122
0.17962 9.51839657 0.00000122
0.17995 9.51810679 0.00000122
0.18029 9.51781706 0.00000122
0.18062 9.51752738 0.00000121
0.18095 9.51723775 0.00000121
0.18129 9.51694816 0.00000121
0.18162 9.51665862 0.00000120
0.18195 9.51636912 0.00000120
0.18229 9.51607968 0.00000120
0.18262 9.51579028 0.00000120
0.18296 9.51550092 0.00000119
0.18329 9.51521161 0.00000119
0.18362 9.51492235 0.00000119
0.18396 9.51463313 0.00000119
0.18429 9.51434396 0.00000118
0.18462 9.51405483 0.00000118
0.18496 9.51376575 0.00000118
0.18529 9.51347671 0.00000118
0.18562 9.51318772 0.00000117
0.18596 9.51289877 0.00000117
0.18629 9.51260986 0.00000117
0.18662 9.51232100 0.00000117
0.18696 9.51203218 0.00000116
0.18729 9.51174340 0.00000116
0.18763 9.51145467 0.00000116
0.18796 9.51116598 0.00000116
0.18829 9.51087733 0.00000116
0.18863 9.51058873 0.00000115
0.18896 9.51030016 0.00000115
0.18929 9.51001164 0.00000115
0.18963 9.50972316 0.00000115
0.18996 9.50943472 0.00000114
0.19029 9.50914632 0.00000114
0.19063 9.50885796 0.00000114
0.19096 9.50856965 0.00000114
0.19129 9.50828137 0.00000113
0.19163 9.50799313 0.00000113
0.19196 9.50770494 0.00000113
0.19229 9.50741678 0.00000113
0.19263 9.50712866 0.00000113
0.19296 9.50684059 0.00000112
0.19330 9.50655255 0.00000112
0.19363 9.50626455 0.00000112
0.19396 9.50597659 0.00000112
0.19430 9.50568867 0.00000112
0.19463 9.50540078 0.00000111
0.19496 9.50511294 0.00000111
0.19530 9.50482513 0.00000111
0.19563 9.50453737 0.00000111
0.19596 9.50424963 0.00000111
0.19630 9.50396194 0.00000110
0.19663 9.50367429 0.00000110
0.19696 9.50338667 0.00000110
0.19730 9.50309908 0.00000110
0.19763 9.50281154 0.00000110
0.19797 9.50252403 0.00000109
0.19830 9.50223656 0.00000109
0.19863 9.50194912 0.00000109
0.19897 9.50166172 0.00000109
0.19930 9.50137436 0.00000109
0.19963 9.50108703 0.00000108
0.19997 9.50079974 0.00000108
0.20030 9.50051248 0.00000108
0.20063 9.50022526 0.00000108
0.20097 9.49993808 0.00000108
0.20130 9.49965092 0.00000107
0.20163 9.49936381 0.00000107
0.20197 9.49907673 0.00000107
0.20230 9.49878968 0.00000107
0.20264 9.49850266 0.00000107
0.20297 9.49821568 0.00000107
0.20330 9.49792874 0.00000106
0.20364 9.49764183 0.00000106
0.20397 9.49735495 0.00000106
0.20430 9.49706810 0.00000106
0.20464 9.49678129 0.00000106
0.20497 9.49649452 0.00000106
0.20530 9.49620777 0.00000105
0.20564 9.49592106 0.00000105
0.20597 9.49563438 0.00000105
0.20630 9.49534773 0.00000105
0.20664 9.49506112 0.00000105
0.20697 9.49477453 0.00000105
0.20730 9.49448798 0.00000104
0.20764 9.49420147 0.00000104
0.20797 9.49391498 0.00000104
0.20831 9.49362852 0.00000104
0.20864 9.49334210 0.00000104
0.20897 9.49305571 0.00000104
0.20931 9.49276935 0.00000103
0.20964 9.49248302 0.00000103
0.20997 9.49219672 0.00000103
0.21031 9.49191045 0.00000103
0.21064 9.49162422 0.00000103
0.21097 9.49133801 0.00000103
0.21131 9.49105183 0.00000102
0.21164 9.49076569 0.00000102
0.21197 9.49047957 0.00000102
0.21231 9.49019349 0.00000102
0.21264 9.48990743 0.00000102
0.21298 9.48962141 0.00000102
0.21331 9.48933541 0.00000102
0.21364 9.48904944 0.00000101
0.21398 9.48876351 0.00000101
0.21431 9.48847760 0.00000101
0.21464 9.48819172 0.00000101
0.21498 9.48790587 0.00000101
0.21531 9.48762005 0.00000101
0.21564 9.48733426 0.00000101
0.21598 9.48704849 0.00000100
0.21631 9.48676276 0.00000100
0.21664 9.48647705 0.00000100
0.21698 9.48619137 0.00000100
0.21731 9.48590572 0.00000100
0.21765 9.48562010 0.00000100
0.21798 9.48533451 0.00000100
0.21831 9.48504894 0.00000099
0.21865 9.48476340 0.00000099
0.21898 9.48447789 0.00000099
0.21931 9.48419241 0.00000099
0.21965 9.48390695 0.00000099
0.21998 9.48362152 0.00000099
0.22031 9.48333612 0.00000099
0.22065 9.48305074 0.00000098
0.22098 9.48276540 0.00000098
0.22131 9.48248007 0.00000098
0.22165 9.48219478 0.00000098
0.22198 9.48190951 0.00000098
0.22231 9.48162427 0.00000098
0.22265 9.48133905 0.00000098
0.22298 9.48105387 0.00000098
0.22332 9.48076870 0.00000097
0.22365 9.48048357 0.00000097
0.22398 9.48019846 0.00000097
0.22432 9.47991337 0.00000097
0.22465 9.47962831 0.00000097
0.22498 9.47934328 0.00000097
0.22532 9.47905827 0.00000097
0.22565 9.47877329 0.00000097
0.22598 9.47848833 0.00000096
0.22632 9.47820340 0.00000096
0.22665 9.47791849 0.00000096
0.22698 9.47763361 0.00000096
0.22732 9.47734875 0.00000096
0.22765 9.47706392 0.00000096
0.22799 9.47677911 0.00000096
0.22832 9.47649433 0.00000096
0.22865 9.47620957 0.00000095
0.22899 9.47592483 0.00000095
0.22932 9.47564012 0.00000095
0.22965 9.47535544 0.00000095
0.22999 9.47507078 0.00000095
0.23032 9.47478614 0.00000095
0.23065 9.47450153 0.00000095
0.23099 9.47421694 0.00000095
0.23132 9.47393237 0.00000095
0.23165 9.47364783 0.00000094
0.23199 9.47336331 0.00000094
0.23232 9.47307882 0.00000094
0.23266 9.47279435 0.00000094
0.23299 9.47250990 0.00000094
0.23332 9.47222547 0.00000094
0.23366 9.47194107 0.00000094
0.23399 9.47165669 0.00000094
0.23432 9.47137234 0.00000094
0.23466 9.47108801 0.00000094
0.23499 9.47080370 0.00000093
0.23532 9.47051941 0.00000093
0.23566 9.47023515 0.00000093
0.23599 9.46995090 0.00000093
0.23632 9.46966668 0.00000093
0.23666 9.46938249 0.00000093
0.23699 9.46909831 0.00000093
0.23732 9.46881416 0.00000093
0.23766 9.46853003 0.00000093
0.23799 9.46824592 0.00000092
0.23833 9.46796184 0.00000092
0.23866 9.46767777 0.00000092
0.23899 9.46739373 0.00000092
0.23933 9.46710971 0.00000092
0.23966 9.46682571 0.00000092
0.23999 9.46654174 0.00000092
0.24033 9.46625778 0.00000092
0.24066 9.46597385 0.00000092
0.24099 9.46568993 0.00000092
0.24133 9.46540604 0.00000092
0.24166 9.46512217 0.00000091
0.24199 9.46483832 0.00000091
0.24233 9.46455450 0.00000091
0.24266 9.46427069 0.00000091
0.24300 9.46398690 0.00000091
0.24333 9.46370314 0.00000091
0.24366 9.46341940 0.00000091
0.24400 9.46313567 0.00000091
0.24433 9.46285197 0.00000091
0.24466 9.46256829 0.00000091
0.24500 9.46228463 0.00000091
0.24533 9.46200099 0.00000090
0.24566 9.46171737 0.00000090
0.24600 9.46143376 0.00000090
0.24633 9.46115018 0.00000090
0.24666 9.46086662 0.00000090
0.24700 9.46058309 0.00000090
0.24733 9.46029957 0.00000090
0.24767 9.46001607 0.00000090
0.24800 9.45973259 0.00000090
0.24833 9.45944913 0.00000090
0.24867 9.45916569 0.00000090
0.24900 9.45888227 0.00000089
0.24933 9.45859886 0.00000089
0.24967 9.45831548 0.00000089
0.25000 9.45803212 0.00000089
