-0.50000 5.03861398 0.14762116 1.96429544 
-0.49900 5.03878778 0.14681334 1.96431875 
-0.49800 5.03896306 0.14601888 1.96434186 
-0.49700 5.03913979 0.14523756 1.96436479 
-0.49600 5.03931799 0.14446913 1.96438752 
-0.49499 5.03949765 0.14371337 1.96441007 
-0.49399 5.03967876 0.14297006 1.96443243 
-0.49299 5.03986132 0.14223899 1.96445460 
-0.49199 5.04004533 0.14151995 1.96447660 
-0.49099 5.04023079 0.14081272 1.96449841 
-0.48999 5.04041768 0.14011711 1.96452005 
-0.48899 5.04060602 0.13943293 1.96454151 
-0.48799 5.04079578 0.13875998 1.96456279 
-0.48699 5.04098698 0.13809808 1.96458390 
-0.48599 5.04117961 0.13744704 1.96460484 
-0.48498 5.04137366 0.13680668 1.96462561 
-0.48398 5.04156914 0.13617684 1.96464620 
-0.48298 5.04176603 0.13555734 1.96466663 
-0.48198 5.04196434 0.13494802 1.96468688 
-0.48098 5.04216406 0.13434871 1.96470697 
-0.47998 5.04236519 0.13375926 1.96472689 
-0.47898 5.04256772 0.13317951 1.96474665 
-0.47798 5.04277166 0.13260930 1.96476624 
-0.47698 5.04297699 0.13204850 1.96478566 
-0.47598 5.04318372 0.13149696 1.96480491 
-0.47497 5.04339185 0.13095453 1.96482401 
-0.47397 5.04360136 0.13042108 1.96484293 
-0.47297 5.04381227 0.12989647 1.96486169 
-0.47197 5.04402455 0.12938058 1.96488029 
-0.47097 5.04423822 0.12887327 1.96489872 
-0.46997 5.04445326 0.12837441 1.96491699 
-0.46897 5.04466967 0.12788388 1.96493509 
-0.46797 5.04488746 0.12740157 1.96495302 
-0.46697 5.04510662 0.12692735 1.96497079 
-0.46597 5.04532714 0.12646111 1.96498839 
-0.46496 5.04554901 0.12600274 1.96500583 
-0.46396 5.04577225 0.12555212 1.96502310 
-0.46296 5.04599684 0.12510915 1.96504019 
-0.46196 5.04622279 0.12467373 1.96505712 
-0.46096 5.04645008 0.12424574 1.96507388 
-0.45996 5.04667871 0.12382509 1.96509047 
-0.45896 5.04690868 0.12341169 1.96510689 
-0.45796 5.04714000 0.12300542 1.96512313 
-0.45696 5.04737264 0.12260621 1.96513920 
-0.45596 5.04760662 0.12221395 1.96515510 
-0.45495 5.04784192 0.12182856 1.96517081 
-0.45395 5.04807854 0.12144995 1.96518635 
-0.45295 5.04831649 0.12107803 1.96520171 
-0.45195 5.04855575 0.12071271 1.96521689 
-0.45095 5.04879632 0.12035392 1.96523189 
-0.44995 5.04903820 0.12000158 1.96524670 
-0.44895 5.04928139 0.11965560 1.96526133 
-0.44795 5.04952587 0.11931591 1.96527577 
-0.44695 5.04977165 0.11898243 1.96529002 
-0.44595 5.05001873 0.11865509 1.96530408 
-0.44494 5.05026709 0.11833381 1.96531794 
-0.44394 5.05051674 0.11801853 1.96533161 
-0.44294 5.05076767 0.11770917 1.96534508 
-0.44194 5.05101988 0.11740568 1.96535835 
-0.44094 5.05127336 0.11710797 1.96537142 
-0.43994 5.05152811 0.11681599 1.96538429 
-0.43894 5.05178412 0.11652967 1.96539695 
-0.43794 5.05204139 0.11624896 1.96540940 
-0.43694 5.05229992 0.11597379 1.96542163 
-0.43594 5.05255971 0.11570409 1.96543365 
-0.43493 5.05282073 0.11543983 1.96544546 
-0.43393 5.05308301 0.11518093 1.96545704 
-0.43293 5.05334652 0.11492734 1.96546841 
-0.43193 5.05361126 0.11467901 1.96547954 
-0.43093 5.05387724 0.11443588 1.96549045 
-0.42993 5.05414443 0.11419791 1.96550112 
-0.42893 5.05441285 0.11396505 1.96551156 
-0.42793 5.05468249 0.11373723 1.96552176 
-0.42693 5.05495334 0.11351442 1.96553172 
-0.42593 5.05522539 0.11329658 1.96554143 
-0.42492 5.05549864 0.11308364 1.96555090 
-0.42392 5.05577309 0.11287557 1.96556011 
-0.42292 5.05604874 0.11267233 1.96556907 
-0.42192 5.05632557 0.11247387 1.96557777 
-0.42092 5.05660358 0.11228015 1.96558620 
-0.41992 5.05688277 0.11209113 1.96559437 
-0.41892 5.05716313 0.11190677 1.96560227 
-0.41792 5.05744466 0.11172703 1.96560989 
-0.41692 5.05772735 0.11155187 1.96561724 
-0.41592 5.05801120 0.11138126 1.96562430 
-0.41491 5.05829619 0.11121517 1.96563107 
-0.41391 5.05858234 0.11105354 1.96563755 
-0.41291 5.05886963 0.11089636 1.96564374 
-0.41191 5.05915805 0.11074359 1.96564962 
-0.41091 5.05944760 0.11059520 1.96565520 
-0.40991 5.05973828 0.11045115 1.96566047 
-0.40891 5.06003008 0.11031141 1.96566543 
-0.40791 5.06032299 0.11017596 1.96567006 
-0.40691 5.06061701 0.11004477 1.96567438 
-0.40591 5.06091214 0.10991780 1.96567836 
-0.40490 5.06120836 0.10979504 1.96568201 
-0.40390 5.06150568 0.10967645 1.96568532 
-0.40290 5.06180409 0.10956201 1.96568829 
-0.40190 5.06210357 0.10945170 1.96569090 
-0.40090 5.06240414 0.10934548 1.96569317 
-0.39990 5.06270577 0.10924334 1.96569507 
-0.39890 5.06300847 0.10914526 1.96569660 
-0.39790 5.06331223 0.10905121 1.96569777 
-0.39690 5.06361704 0.10896117 1.96569855 
-0.39590 5.06392290 0.10887512 1.96569895 
-0.39489 5.06422980 0.10879305 1.96569897 
-0.39389 5.06453775 0.10871492 1.96569858 
-0.39289 5.06484672 0.10864073 1.96569780 
-0.39189 5.06515672 0.10857046 1.96569661 
-0.39089 5.06546774 0.10850409 1.96569500 
-0.38989 5.06577977 0.10844161 1.96569297 
-0.38889 5.06609282 0.10838299 1.96569052 
-0.38789 5.06640687 0.10832823 1.96568763 
-0.38689 5.06672191 0.10827731 1.96568430 
-0.38589 5.06703795 0.10823022 1.96568053 
-0.38488 5.06735498 0.10818694 1.96567630 
-0.38388 5.06767299 0.10814746 1.96567161 
-0.38288 5.06799198 0.10811177 1.96566645 
-0.38188 5.06831193 0.10807987 1.96566081 
-0.38088 5.06863285 0.10805173 1.96565470 
-0.37988 5.06895474 0.10802736 1.96564809 
-0.37888 5.06927757 0.10800674 1.96564098 
-0.37788 5.06960136 0.10798986 1.96563337 
-0.37688 5.06992609 0.10797672 1.96562524 
-0.37588 5.07025177 0.10796730 1.96561659 
-0.37487 5.07057837 0.10796161 1.96560742 
-0.37387 5.07090591 0.10795964 1.96559770 
-0.37287 5.07123437 0.10796138 1.96558744 
-0.37187 5.07156374 0.10796683 1.96557662 
-0.37087 5.07189404 0.10797598 1.96556524 
-0.36987 5.07222524 0.10798884 1.96555329 
-0.36887 5.07255735 0.10800539 1.96554076 
-0.36787 5.07289036 0.10802564 1.96552764 
-0.36687 5.07322427 0.10804959 1.96551392 
-0.36587 5.07355906 0.10807723 1.96549959 
-0.36486 5.07389475 0.10810856 1.96548464 
-0.36386 5.07423132 0.10814360 1.96546907 
-0.36286 5.07456877 0.10818232 1.96545286 
-0.36186 5.07490709 0.10822475 1.96543601 
-0.36086 5.07524629 0.10827088 1.96541850 
-0.35986 5.07558635 0.10832071 1.96540033 
-0.35886 5.07592728 0.10837425 1.96538147 
-0.35786 5.07626907 0.10843150 1.96536194 
-0.35686 5.07661172 0.10849247 1.96534170 
-0.35586 5.07695522 0.10855716 1.96532076 
-0.35485 5.07729957 0.10862558 1.96529910 
-0.35385 5.07764478 0.10869774 1.96527671 
-0.35285 5.07799083 0.10877363 1.96525358 
-0.35185 5.07833773 0.10885328 1.96522970 
-0.35085 5.07868547 0.10893669 1.96520506 
-0.34985 5.07903404 0.10902387 1.96517965 
-0.34885 5.07938346 0.10911483 1.96515344 
-0.34785 5.07973372 0.10920957 1.96512644 
-0.34685 5.08008481 0.10930812 1.96509863 
-0.34585 5.08043673 0.10941048 1.96507000 
-0.34484 5.08078950 0.10951667 1.96504053 
-0.34384 5.08114309 0.10962669 1.96501021 
-0.34284 5.08149752 0.10974057 1.96497904 
-0.34184 5.08185278 0.10985831 1.96494699 
-0.34084 5.08220887 0.10997994 1.96491405 
-0.33984 5.08256580 0.11010547 1.96488022 
-0.33884 5.08292357 0.11023491 1.96484547 
-0.33784 5.08328217 0.11036828 1.96480980 
-0.33684 5.08364161 0.11050560 1.96477318 
-0.33584 5.08400188 0.11064690 1.96473561 
-0.33483 5.08436300 0.11079218 1.96469707 
-0.33383 5.08472497 0.11094147 1.96465754 
-0.33283 5.08508778 0.11109479 1.96461702 
-0.33183 5.08545145 0.11125216 1.96457548 
-0.33083 5.08581597 0.11141361 1.96453292 
-0.32983 5.08618134 0.11157915 1.96448930 
-0.32883 5.08654758 0.11174881 1.96444463 
-0.32783 5.08691469 0.11192262 1.96439888 
-0.32683 5.08728268 0.11210060 1.96435204 
-0.32583 5.08765154 0.11228278 1.96430409 
-0.32482 5.08802129 0.11246918 1.96425502 
-0.32382 5.08839193 0.11265983 1.96420480 
-0.32282 5.08876348 0.11285477 1.96415342 
-0.32182 5.08913593 0.11305401 1.96410087 
-0.32082 5.08950930 0.11325760 1.96404712 
-0.31982 5.08988360 0.11346555 1.96399215 
-0.31882 5.09025883 0.11367791 1.96393596 
-0.31782 5.09063501 0.11389471 1.96387851 
-0.31682 5.09101214 0.11411597 1.96381980 
-0.31582 5.09139024 0.11434174 1.96375980 
-0.31481 5.09176933 0.11457205 1.96369849 
-0.31381 5.09214940 0.11480694 1.96363586 
-0.31281 5.09253049 0.11504644 1.96357188 
-0.31181 5.09291259 0.11529059 1.96350653 
-0.31081 5.09329573 0.11553943 1.96343980 
-0.30981 5.09367992 0.11579301 1.96337166 
-0.30881 5.09406518 0.11605136 1.96330208 
-0.30781 5.09445153 0.11631452 1.96323106 
-0.30681 5.09483897 0.11658254 1.96315856 
-0.30581 5.09522754 0.11685547 1.96308456 
-0.30480 5.09561726 0.11713334 1.96300905 
-0.30380 5.09600813 0.11741621 1.96293200 
-0.30280 5.09640019 0.11770412 1.96285338 
-0.30180 5.09679345 0.11799712 1.96277317 
-0.30080 5.09718795 0.11829526 1.96269135 
-0.29980 5.09758370 0.11859859 1.96260789 
-0.29880 5.09798073 0.11890717 1.96252277 
-0.29780 5.09837906 0.11922104 1.96243597 
-0.29680 5.09877873 0.11954027 1.96234745 
-0.29580 5.09917977 0.11986490 1.96225719 
-0.29479 5.09958220 0.12019499 1.96216516 
-0.29379 5.09998605 0.12053061 1.96207134 
-0.29279 5.10039135 0.12087181 1.96197570 
-0.29179 5.10079815 0.12121865 1.96187821 
-0.29079 5.10120647 0.12157120 1.96177885 
-0.28979 5.10161636 0.12192951 1.96167757 
-0.28879 5.10202784 0.12229366 1.96157437 
-0.28779 5.10244096 0.12266371 1.96146919 
-0.28679 5.10285575 0.12303973 1.96136203 
-0.28579 5.10327227 0.12342178 1.96125283 
-0.28478 5.10369055 0.12380994 1.96114158 
-0.28378 5.10411064 0.12420428 1.96102824 
-0.28278 5.10453258 0.12460488 1.96091277 
-0.28178 5.10495642 0.12501181 1.96079515 
-0.28078 5.10538222 0.12542514 1.96067534 
-0.27978 5.10581002 0.12584496 1.96055331 
-0.27878 5.10623987 0.12627135 1.96042902 
-0.27778 5.10667184 0.12670439 1.96030243 
-0.27678 5.10710598 0.12714416 1.96017352 
-0.27578 5.10754235 0.12759075 1.96004224 
-0.27477 5.10798101 0.12804425 1.95990855 
-0.27377 5.10842202 0.12850474 1.95977242 
-0.27277 5.10886545 0.12897233 1.95963381 
-0.27177 5.10931136 0.12944710 1.95949268 
-0.27077 5.10975983 0.12992915 1.95934899 
-0.26977 5.11021093 0.13041857 1.95920270 
-0.26877 5.11066473 0.13091547 1.95905377 
-0.26777 5.11112131 0.13141995 1.95890215 
-0.26677 5.11158074 0.13193211 1.95874780 
-0.26577 5.11204311 0.13245207 1.95859067 
-0.26476 5.11250851 0.13297992 1.95843073 
-0.26376 5.11297702 0.13351578 1.95826793 
-0.26276 5.11344873 0.13405977 1.95810222 
-0.26176 5.11392373 0.13461199 1.95793355 
-0.26076 5.11440212 0.13517258 1.95776187 
-0.25976 5.11488400 0.13574165 1.95758714 
-0.25876 5.11536948 0.13631932 1.95740930 
-0.25776 5.11585864 0.13690572 1.95722831 
-0.25676 5.11635162 0.13750098 1.95704411 
-0.25576 5.11684851 0.13810524 1.95685665 
-0.25475 5.11734943 0.13871863 1.95666587 
-0.25375 5.11785450 0.13934128 1.95647172 
-0.25275 5.11836384 0.13997335 1.95627414 
-0.25175 5.11887759 0.14061496 1.95607307 
-0.25075 5.11939587 0.14126628 1.95586846 
-0.24975 5.11991881 0.14192746 1.95566025 
-0.24875 5.12044656 0.14259864 1.95544837 
-0.24775 5.12097926 0.14327999 1.95523277 
-0.24675 5.12151706 0.14397166 1.95501337 
-0.24575 5.12206010 0.14467383 1.95479012 
-0.24474 5.12260855 0.14538666 1.95456294 
-0.24374 5.12316256 0.14611033 1.95433177 
-0.24274 5.12372231 0.14684501 1.95409655 
-0.24174 5.12428797 0.14759089 1.95385719 
-0.24074 5.12485971 0.14834814 1.95361364 
-0.23974 5.12543771 0.14911697 1.95336580 
-0.23874 5.12602217 0.14989755 1.95311362 
-0.23774 5.12661328 0.15069011 1.95285701 
-0.23674 5.12721123 0.15149482 1.95259589 
-0.23574 5.12781625 0.15231191 1.95233019 
-0.23473 5.12842853 0.15314159 1.95205982 
-0.23373 5.12904829 0.15398407 1.95178469 
-0.23273 5.12967577 0.15483957 1.95150473 
-0.23173 5.13031120 0.15570834 1.95121984 
-0.23073 5.13095482 0.15659059 1.95092994 
-0.22973 5.13160686 0.15748658 1.95063493 
-0.22873 5.13226760 0.15839654 1.95033473 
-0.22773 5.13293730 0.15932073 1.95002922 
-0.22673 5.13361621 0.16025940 1.94971832 
-0.22573 5.13430463 0.16121282 1.94940193 
-0.22472 5.13500285 0.16218126 1.94907995 
-0.22372 5.13571115 0.16316500 1.94875226 
-0.22272 5.13642986 0.16416432 1.94841876 
-0.22172 5.13715928 0.16517951 1.94807934 
-0.22072 5.13789973 0.16621088 1.94773390 
-0.21972 5.13865157 0.16725871 1.94738230 
-0.21872 5.13941513 0.16832334 1.94702444 
-0.21772 5.14019077 0.16940508 1.94666020 
-0.21672 5.14097887 0.17050427 1.94628944 
-0.21572 5.14177980 0.17162123 1.94591205 
-0.21471 5.14259395 0.17275632 1.94552789 
-0.21371 5.14342174 0.17390990 1.94513683 
-0.21271 5.14426358 0.17508233 1.94473874 
-0.21171 5.14511990 0.17627398 1.94433346 
-0.21071 5.14599115 0.17748525 1.94392086 
-0.20971 5.14687779 0.17871652 1.94350080 
-0.20871 5.14778029 0.17996820 1.94307311 
-0.20771 5.14869915 0.18124072 1.94263765 
-0.20671 5.14963486 0.18253449 1.94219426 
-0.20571 5.15058796 0.18384996 1.94174276 
-0.20470 5.15155898 0.18518757 1.94128300 
-0.20370 5.15254848 0.18654780 1.94081480 
-0.20270 5.15355704 0.18793113 1.94033798 
-0.20170 5.15458524 0.18933803 1.93985237 
-0.20070 5.15563371 0.19076902 1.93935777 
-0.19970 5.15670308 0.19222461 1.93885399 
-0.19870 5.15779400 0.19370534 1.93834084 
-0.19770 5.15890715 0.19521176 1.93781811 
-0.19670 5.16004324 0.19674442 1.93728560 
-0.19570 5.16120298 0.19830392 1.93674308 
-0.19469 5.16238712 0.19989084 1.93619035 
-0.19369 5.16359644 0.20150580 1.93562717 
-0.19269 5.16483174 0.20314943 1.93505330 
-0.19169 5.16609385 0.20482239 1.93446852 
-0.19069 5.16738362 0.20652534 1.93387257 
-0.18969 5.16870193 0.20825898 1.93326519 
-0.18869 5.17004971 0.21002402 1.93264612 
-0.18769 5.17142791 0.21182118 1.93201510 
-0.18669 5.17283749 0.21365124 1.93137185 
-0.18569 5.17427949 0.21551495 1.93071607 
-0.18468 5.17575496 0.21741314 1.93004747 
-0.18368 5.17726498 0.21934662 1.92936575 
-0.18268 5.17881068 0.22131625 1.92867059 
-0.18168 5.18039324 0.22332291 1.92796166 
-0.18068 5.18201386 0.22536751 1.92723864 
-0.17968 5.18367381 0.22745099 1.92650117 
-0.17868 5.18537438 0.22957432 1.92574891 
-0.17768 5.18711693 0.23173849 1.92498147 
-0.17668 5.18890285 0.23394455 1.92419847 
-0.17568 5.19073360 0.23619355 1.92339954 
-0.17467 5.19261070 0.23848660 1.92258425 
-0.17367 5.19453569 0.24082485 1.92175218 
-0.17267 5.19651021 0.24320946 1.92090291 
-0.17167 5.19853594 0.24564167 1.92003598 
-0.17067 5.20061464 0.24812272 1.91915092 
-0.16967 5.20274812 0.25065393 1.91824725 
-0.16867 5.20493827 0.25323663 1.91732447 
-0.16767 5.20718706 0.25587224 1.91638207 
-0.16667 5.20949652 0.25856220 1.91541950 
-0.16567 5.21186879 0.26130800 1.91443622 
-0.16466 5.21430606 0.26411120 1.91343164 
-0.16366 5.21681064 0.26697341 1.91240517 
-0.16266 5.21938493 0.26989630 1.91135618 
-0.16166 5.22203140 0.27288159 1.91028404 
-0.16066 5.22475265 0.27593109 1.90918807 
-0.15966 5.22755138 0.27904665 1.90806757 
-0.15866 5.23043041 0.28223021 1.90692183 
-0.15766 5.23339267 0.28548377 1.90575009 
-0.15666 5.23644121 0.28880943 1.90455157 
-0.15566 5.23957923 0.29220934 1.90332547 
-0.15465 5.24281006 0.29568577 1.90207092 
-0.15365 5.24613716 0.29924104 1.90078706 
-0.15265 5.24956417 0.30287760 1.89947296 
-0.15165 5.25309487 0.30659799 1.89812766 
-0.15065 5.25673323 0.31040484 1.89675017 
-0.14965 5.26048338 0.31430089 1.89533944 
-0.14865 5.26434965 0.31828902 1.89389439 
-0.14765 5.26833657 0.32237221 1.89241389 
-0.14665 5.27244887 0.32655356 1.89089673 
-0.14565 5.27669152 0.33083632 1.88934169 
-0.14464 5.28106972 0.33522388 1.88774746 
-0.14364 5.28558892 0.33971978 1.88611268 
-0.14264 5.29025481 0.34432770 1.88443594 
-0.14164 5.29507341 0.34905150 1.88271573 
-0.14064 5.30005099 0.35389523 1.88095050 
-0.13964 5.30519415 0.35886309 1.87913860 
-0.13864 5.31050983 0.36395951 1.87727831 
-0.13764 5.31600533 0.36918912 1.87536782 
-0.13664 5.32168831 0.37455674 1.87340522 
-0.13564 5.32756683 0.38006747 1.87138852 
-0.13463 5.33364939 0.38572663 1.86931559 
-0.13363 5.33994495 0.39153981 1.86718423 
-0.13263 5.34646293 0.39751287 1.86499209 
-0.13163 5.35321328 0.40365198 1.86273670 
-0.13063 5.36020650 0.40996362 1.86041544 
-0.12963 5.36745368 0.41645461 1.85802556 
-0.12863 5.37496656 0.42313214 1.85556413 
-0.12763 5.38275751 0.43000374 1.85302807 
-0.12663 5.39083966 0.43707741 1.85041410 
-0.12563 5.39922691 0.44436153 1.84771874 
-0.12462 5.40793398 0.45186500 1.84493830 
-0.12362 5.41697650 0.45959717 1.84206886 
-0.12262 5.42637105 0.46756797 1.83910623 
-0.12162 5.43613526 0.47578789 1.83604598 
-0.12062 5.44628787 0.48426802 1.83288334 
-0.11962 5.45684883 0.49302015 1.82961327 
-0.11862 5.46783939 0.50205677 1.82623032 
-0.11762 5.47928221 0.51139114 1.82272871 
-0.11662 5.49120150 0.52103737 1.81910222 
-0.11562 5.50362310 0.53101045 1.81534415 
-0.11461 5.51657467 0.54132637 1.81144735 
-0.11361 5.53008583 0.55200217 1.80740406 
-0.11261 5.54418834 0.56305605 1.80320596 
-0.11161 5.55891627 0.57450744 1.79884404 
-0.11061 5.57430626 0.58637714 1.79430854 
-0.10961 5.59039774 0.59868746 1.78958890 
-0.10861 5.60723317 0.61146230 1.78467363 
-0.10761 5.62485840 0.62472737 1.77955023 
-0.10661 5.64332296 0.63851029 1.77420506 
-0.10561 5.66268046 0.65284086 1.76862322 
-0.10460 5.68298899 0.66775123 1.76278837 
-0.10360 5.70431164 0.68327615 1.75668254 
-0.10260 5.72671704 0.69945325 1.75028597 
-0.10160 5.75027991 0.71632336 1.74357681 
-0.10060 5.77508186 0.73393086 1.73653084 
-0.09960 5.80121211 0.75232408 1.72912117 
-0.09860 5.82876843 0.77155577 1.72131778 
-0.09760 5.85785820 0.79168365 1.71308706 
-0.09660 5.88859958 0.81277098 1.70439126 
-0.09560 5.92112287 0.83488730 1.69518778 
-0.09459 5.95557215 0.85810926 1.68542831 
-0.09359 5.99210709 0.88252151 1.67505782 
-0.09259 6.03090504 0.90821789 1.66401330 
-0.09159 6.07216352 0.93530268 1.65222216 
-0.09059 6.11610305 0.96389213 1.63960026 
-0.08959 6.16297041 0.99411627 1.62604941 
-0.08859 6.21304245 1.02612099 1.61145408 
-0.08759 6.26663034 1.06007053 1.59567726 
-0.08659 6.32408445 1.09615044 1.57855485 
-0.08559 6.38579965 1.13457091 1.55988821 
-0.08458 6.45222088 1.17557075 1.53943400 
-0.08358 6.52384852 1.21942179 1.51688984 
-0.08258 6.60124253 1.26643368 1.49187402 
-0.08158 6.68502344 1.31695855 1.46389544 
-0.08058 6.77586672 1.37139477 1.43230803 
-0.07958 6.87448491 1.43018770 1.39623855 
-0.07858 6.98159155 1.49382491 1.35446698 
-0.07758 7.09785767 1.56282474 1.30521688 
-0.07658 7.22400015 1.63774576 1.24576538 
-0.07558 7.36200741 1.71946840 1.17169416 
-0.07457 7.52512912 1.81188635 1.07584677 
-0.07357 7.81192293 1.94450746 0.95515167 
-0.07257 8.49733806 2.21443584 0.85291361 
-0.07157 9.65891689 2.67568093 0.78834922 
-0.07057 12.19456082 3.62133611 0.74572481 
-0.06957 20.42172532 6.39656348 0.77814625 
-0.06857 41.49322414 13.25361544 0.96794953 
-0.06757 41.46308360 13.10939507 0.90963438 
-0.06657 20.18448996 6.24401425 0.59210908 
-0.06557 11.13789546 3.41681373 0.40332042 
-0.06456 7.36323709 2.31846513 0.26066717 
-0.06356 5.49936523 1.82877710 0.14788192 
-0.06256 4.94449653 1.63173686 0.09898311 
-0.06156 5.68301995 1.62742025 0.09469866 
-0.06056 8.29916782 1.82385901 0.12054953 
-0.05956 15.80618402 2.45251944 0.20250155 
-0.05856 39.38593924 4.42933238 0.44680711 
-0.05756 57.34323311 5.95577045 0.57825297 
-0.05656 23.95742699 3.25041675 0.21584623 
-0.05556 10.40270840 2.19708314 0.08423041 
-0.05455 5.66070442 1.88455302 0.04143981 
-0.05355 3.58398669 1.80524555 0.02385625 
-0.05255 2.50541736 1.82258367 0.01524098 
-0.05155 1.87510337 1.89292323 0.01047023 
-0.05055 1.47454089 2.00064304 0.00758511 
-0.04955 1.20385333 2.14067854 0.00572136 
-0.04855 1.01232153 2.31297246 0.00445429 
-0.04755 0.87202604 2.52058231 0.00355715 
-0.04655 0.76660603 2.76916869 0.00290056 
-0.04555 0.68600341 3.06717295 0.00240665 
-0.04454 0.62382076 3.42650971 0.00202641 
-0.04354 0.57591862 3.86383513 0.00172784 
-0.04254 0.53964677 4.40264162 0.00148934 
-0.04154 0.51342856 5.07669142 0.00129596 
-0.04054 0.49656949 5.93577229 0.00113706 
-0.03954 0.48924499 7.05570377 0.00100493 
-0.03854 0.49269060 8.55656302 0.00089390 
-0.03754 0.50971044 10.63783114 0.00079969 
-0.03654 0.54581536 13.65106522 0.00071911 
-0.03554 0.61180757 18.26374915 0.00064978 
-0.03453 0.73015096 25.87151328 0.00059016 
-0.03353 0.95280593 39.79271164 0.00054013 
-0.03253 1.42052688 69.41405392 0.00050427 
-0.03153 2.59817925 147.26678496 0.00051550 
-0.03053 5.75532862 355.64273936 0.00082300 
-0.02953 9.09550081 430.21916041 0.00160655 
-0.02853 9.09198763 344.51069089 0.00146697 
-0.02753 3.80306598 144.11309651 0.00076473 
-0.02653 1.84476928 69.99279632 0.00052368 
-0.02553 1.12901263 42.22220656 0.00042537 
-0.02452 0.80908226 29.79378961 0.00037069 
-0.02352 0.64755684 23.80079859 0.00033372 
-0.02252 0.56428332 21.21273604 0.00030571 
-0.02152 0.52916687 20.97369541 0.00028303 
-0.02052 0.53328390 22.98232465 0.00026400 
-0.01952 0.58233057 28.00008863 0.00024791 
-0.01852 0.70273094 38.33193405 0.00023492 
-0.01752 0.97200463 60.47631346 0.00022696 
-0.01652 1.64119127 115.77534249 0.00023218 
-0.01552 3.57130185 277.68449628 0.00028552 
-0.01451 6.29600234 459.75593139 0.00043261 
-0.01351 7.00411280 420.70805096 0.00063339 
-0.01251 3.23602726 188.55895554 0.00046082 
-0.01151 1.48333187 84.08957588 0.00032871 
-0.01051 0.86220068 46.27106693 0.00026961 
-0.00951 0.58779770 29.28598100 0.00023760 
-0.00851 0.44371925 20.29047647 0.00021718 
-0.00751 0.35846026 14.95623861 0.00020262 
-0.00651 0.30350132 11.52827872 0.00019145 
-0.00551 0.26574171 9.18984497 0.00018245 
-0.00450 0.23849222 7.51965392 0.00017493 
-0.00350 0.21804782 6.28254667 0.00016849 
-0.00250 0.20221998 5.33880643 0.00016288 
-0.00150 0.18964668 4.60112183 0.00015794 
-0.00050 0.17944295 4.01260661 0.00015354 
0.00050 0.17101254 3.53487618 0.00014959 
0.00150 0.16394110 3.14124589 0.00014603 
0.00250 0.15793287 2.81268164 0.00014281 
0.00350 0.15277182 2.53529909 0.00013989 
0.00450 0.14829687 2.29876927 0.00013724 
0.00551 0.14438573 2.09527327 0.00013484 
0.00651 0.14094402 1.91879968 0.00013266 
0.00751 0.13789790 1.76466209 0.00013068 
0.00851 0.13518882 1.62916093 0.00012890 
0.00951 0.13276979 1.50934228 0.00012730 
0.01051 0.13060274 1.40282315 0.00012586 
0.01151 0.12865653 1.30766283 0.00012458 
0.01251 0.12690543 1.22226712 0.00012346 
0.01351 0.12532809 1.14531599 0.00012247 
0.01451 0.12390661 1.07570832 0.00012163 
0.01552 0.12262593 1.01251939 0.00012093 
0.01652 0.12147331 0.95496766 0.00012035 
0.01752 0.12043791 0.90238874 0.00011991 
0.01852 0.11951051 0.85421470 0.00011959 
0.01952 0.11868320 0.80995761 0.00011939 
0.02052 0.11794924 0.76919621 0.00011932 
0.02152 0.11730283 0.73156520 0.00011938 
0.02252 0.11673904 0.69674646 0.00011955 
0.02352 0.11625364 0.66446183 0.00011986 
0.02452 0.11584305 0.63446718 0.00012028 
0.02553 0.11550426 0.60654752 0.00012084 
0.02653 0.11523475 0.58051282 0.00012153 
0.02753 0.11503249 0.55619464 0.00012235 
0.02853 0.11489584 0.53344319 0.00012331 
0.02953 0.11482355 0.51212490 0.00012441 
0.03053 0.11481473 0.49212032 0.00012566 
0.03153 0.11486886 0.47332237 0.00012707 
0.03253 0.11498572 0.45563482 0.00012864 
0.03353 0.11516543 0.43897096 0.00013037 
0.03453 0.11540842 0.42325253 0.00013229 
0.03554 0.11571545 0.40840870 0.00013440 
0.03654 0.11608760 0.39437526 0.00013671 
0.03754 0.11652629 0.38109388 0.00013923 
0.03854 0.11703327 0.36851146 0.00014198 
0.03954 0.11761068 0.35657961 0.00014498 
0.04054 0.11826105 0.34525411 0.00014825 
0.04154 0.11898732 0.33449454 0.00015180 
0.04254 0.11979289 0.32426384 0.00015566 
0.04354 0.12068168 0.31452803 0.00015986 
0.04454 0.12165813 0.30525588 0.00016443 
0.04555 0.12272733 0.29641867 0.00016940 
0.04655 0.12389504 0.28798993 0.00017481 
0.04755 0.12516780 0.27994529 0.00018071 
0.04855 0.12655304 0.27226223 0.00018714 
0.04955 0.12805918 0.26491995 0.00019418 
0.05055 0.12969580 0.25789923 0.00020187 
0.05155 0.13147380 0.25118231 0.00021032 
0.05255 0.13340564 0.24475274 0.00021959 
0.05355 0.13550556 0.23859529 0.00022981 
0.05455 0.13778993 0.23269590 0.00024109 
0.05556 0.14027760 0.22704155 0.00025359 
0.05656 0.14299041 0.22162022 0.00026748 
0.05756 0.14595374 0.21642084 0.00028296 
0.05856 0.14919730 0.21143321 0.00030029 
0.05956 0.15275601 0.20664802 0.00031978 
0.06056 0.15667122 0.20205676 0.00034178 
0.06156 0.16099223 0.19765177 0.00036677 
0.06256 0.16577831 0.19342622 0.00039531 
0.06356 0.17110134 0.18937410 0.00042811 
0.06456 0.17704935 0.18549035 0.00046609 
0.06557 0.18373141 0.18177085 0.00051043 
0.06657 0.19128428 0.17821259 0.00056268 
0.06757 0.19988200 0.17481384 0.00062489 
0.06857 0.20974961 0.17157441 0.00069987 
0.06957 0.22118372 0.16849604 0.00079152 
0.07057 0.23458390 0.16558298 0.00090544 
0.07157 0.25050270 0.16284286 0.00104987 
0.07257 0.26972855 0.16028811 0.00123745 
0.07357 0.29343044 0.15793824 0.00148849 
0.07457 0.32342702 0.15582375 0.00183760 
0.07558 0.36272819 0.15399350 0.00234833 
0.07658 0.41674262 0.15252954 0.00314982 
0.07758 0.49636009 0.15158186 0.00454409 
0.07858 0.62736076 0.15146593 0.00739914 
0.07958 0.88479096 0.15299684 0.01506616 
0.08058 1.46142942 0.15805253 0.04233047 
0.08158 2.31369809 0.16638857 0.11137942 
0.08258 3.02844777 0.17661359 0.19789474 
0.08358 3.62635041 0.19446282 0.28140725 
0.08458 4.33498156 0.23434213 0.36996376 
0.08559 5.12995024 0.28981887 0.47834318 
0.08659 5.74329984 0.33170073 0.59025276 
0.08759 6.17066569 0.35802338 0.69267698 
0.08859 6.47224898 0.37402098 0.78424113 
0.08959 6.68844706 0.38321281 0.86588024 
0.09059 6.84468106 0.38777445 0.93883501 
0.09159 6.95757840 0.38910331 1.00427058 
0.09259 7.03845257 0.38813419 1.06320184 
0.09359 7.09525245 0.38551331 1.11649236 
0.09459 7.13370823 0.38169906 1.16487188 
0.09560 7.15803772 0.37702327 1.20895680 
0.09660 7.17139935 0.37173011 1.24926909 
0.09760 7.17619270 0.36600153 1.28625244 
0.09860 7.17426326 0.35997454 1.32028568 
0.09960 7.16704537 0.35375312 1.35169374 
0.10060 7.15566398 0.34741665 1.38075661 
0.10160 7.14100829 0.34102599 1.40771669 
0.10260 7.12378597 0.33462786 1.43278471 
0.10360 7.10456349 0.32825816 1.45614468 
0.10460 7.08379659 0.32194441 1.47795791 
0.10561 7.06185345 0.31570759 1.49836637 
0.10661 7.03903259 0.30956357 1.51749543 
0.10761 7.01557672 0.30352419 1.53545624 
0.10861 6.99168356 0.29759815 1.55234764 
0.10961 6.96751443 0.29179159 1.56825778 
0.11061 6.94320103 0.28610870 1.58326556 
0.11161 6.91885087 0.28055208 1.59744176 
0.11261 6.89455161 0.27512307 1.61085007 
0.11361 6.87037458 0.26982201 1.62354795 
0.11461 6.84637765 0.26464849 1.63558733 
0.11562 6.82260753 0.25960144 1.64701533 
0.11662 6.79910171 0.25467933 1.65787471 
0.11762 6.77588998 0.24988027 1.66820442 
0.11862 6.75299576 0.24520205 1.67803999 
0.11962 6.73043714 0.24064228 1.68741390 
0.12062 6.70822779 0.23619839 1.69635590 
0.12162 6.68637768 0.23186772 1.70489326 
0.12262 6.66489369 0.22764751 1.71305107 
0.12362 6.64378013 0.22353498 1.72085242 
0.12462 6.62303920 0.21952734 1.72831859 
0.12563 6.60267131 0.21562177 1.73546924 
0.12663 6.58267539 0.21181550 1.74232255 
0.12763 6.56304917 0.20810578 1.74889535 
0.12863 6.54378939 0.20448990 1.75520327 
0.12963 6.52489197 0.20096518 1.76126081 
0.13063 6.50635217 0.19752904 1.76708144 
0.13163 6.48816471 0.19417891 1.77267772 
0.13263 6.47032392 0.19091231 1.77806136 
0.13363 6.45282377 0.18772682 1.78324327 
0.13463 6.43565800 0.18462008 1.78823366 
0.13564 6.41882019 0.18158980 1.79304207 
0.13664 6.40230375 0.17863375 1.79767742 
0.13764 6.38610205 0.17574978 1.80214810 
0.13864 6.37020840 0.17293578 1.80646194 
0.13964 6.35461613 0.17018974 1.81062633 
0.14064 6.33931857 0.16750969 1.81464819 
0.14164 6.32430911 0.16489372 1.81853405 
0.14264 6.30958120 0.16233999 1.82229003 
0.14364 6.29512837 0.15984673 1.82592193 
0.14464 6.28094426 0.15741220 1.82943519 
0.14565 6.26702260 0.15503474 1.83283496 
0.14665 6.25335724 0.15271273 1.83612611 
0.14765 6.23994213 0.15044462 1.83931322 
0.14865 6.22677139 0.14822889 1.84240065 
0.14965 6.21383921 0.14606408 1.84539251 
0.15065 6.20113996 0.14394879 1.84829270 
0.15165 6.18866811 0.14188164 1.85110491 
0.15265 6.17641829 0.13986132 1.85383264 
0.15365 6.16438524 0.13788655 1.85647924 
0.15465 6.15256384 0.13595608 1.85904784 
0.15566 6.14094910 0.13406874 1.86154146 
0.15666 6.12953617 0.13222336 1.86396295 
0.15766 6.11832032 0.13041882 1.86631503 
0.15866 6.10729694 0.12865404 1.86860028 
0.15966 6.09646156 0.12692797 1.87082117 
0.16066 6.08580982 0.12523960 1.87298003 
0.16166 6.07533749 0.12358795 1.87507913 
0.16266 6.06504044 0.12197206 1.87712057 
0.16366 6.05491466 0.12039101 1.87910642 
0.16466 6.04495627 0.11884392 1.88103861 
0.16567 6.03516148 0.11732992 1.88291900 
0.16667 6.02552660 0.11584818 1.88474937 
0.16767 6.01604806 0.11439788 1.88653142 
0.16867 6.00672239 0.11297824 1.88826678 
0.16967 5.99754620 0.11158850 1.88995700 
0.17067 5.98851622 0.11022792 1.89160358 
0.17167 5.97962924 0.10889579 1.89320795 
0.17267 5.97088217 0.10759141 1.89477148 
0.17367 5.96227199 0.10631411 1.89629547 
0.17467 5.95379578 0.10506324 1.89778119 
0.17568 5.94545068 0.10383817 1.89922985 
0.17668 5.93723392 0.10263828 1.90064260 
0.17768 5.92914281 0.10146299 1.90202057 
0.17868 5.92117475 0.10031170 1.90336482 
0.17968 5.91332717 0.09918386 1.90467638 
0.18068 5.90559762 0.09807892 1.90595624 
0.18168 5.89798367 0.09699636 1.90720535 
0.18268 5.89048301 0.09593567 1.90842463 
0.18368 5.88309334 0.09489634 1.90961496 
0.18468 5.87581247 0.09387788 1.91077719 
0.18569 5.86863823 0.09287984 1.91191213 
0.18669 5.86156854 0.09190175 1.91302057 
0.18769 5.85460136 0.09094317 1.91410326 
0.18869 5.84773471 0.09000366 1.91516095 
0.18969 5.84096667 0.08908281 1.91619433 
0.19069 5.83429535 0.08818020 1.91720409 
0.19169 5.82771894 0.08729544 1.91819087 
0.19269 5.82123565 0.08642815 1.91915532 
0.19369 5.81484377 0.08557795 1.92009804 
0.19469 5.80854161 0.08474447 1.92101963 
0.19570 5.80232753 0.08392736 1.92192066 
0.19670 5.79619994 0.08312626 1.92280166 
0.19770 5.79015729 0.08234086 1.92366319 
0.19870 5.78419807 0.08157081 1.92450575 
0.19970 5.77832081 0.08081580 1.92532984 
0.20070 5.77252407 0.08007551 1.92613594 
0.20170 5.76680646 0.07934965 1.92692452 
0.20270 5.76116662 0.07863793 1.92769602 
0.20370 5.75560323 0.07794004 1.92845089 
0.20470 5.75011501 0.07725572 1.92918955 
0.20571 5.74470069 0.07658470 1.92991241 
0.20671 5.73935906 0.07592670 1.93061985 
0.20771 5.73408892 0.07528146 1.93131227 
0.20871 5.72888911 0.07464875 1.93199004 
0.20971 5.72375852 0.07402831 1.93265352 
0.21071 5.71869602 0.07341990 1.93330305 
0.21171 5.71370056 0.07282329 1.93393899 
0.21271 5.70877109 0.07223825 1.93456165 
0.21371 5.70390658 0.07166456 1.93517135 
0.21471 5.69910606 0.07110201 1.93576841 
0.21572 5.69436855 0.07055037 1.93635312 
0.21672 5.68969311 0.07000946 1.93692578 
0.21772 5.68507882 0.06947907 1.93748667 
0.21872 5.68052480 0.06895899 1.93803607 
0.21972 5.67603017 0.06844905 1.93857423 
0.22072 5.67159409 0.06794905 1.93910143 
0.22172 5.66721573 0.06745882 1.93961791 
0.22272 5.66289429 0.06697817 1.94012393 
0.22372 5.65862899 0.06650693 1.94061971 
0.22472 5.65441906 0.06604494 1.94110548 
0.22573 5.65026377 0.06559203 1.94158149 
0.22673 5.64616238 0.06514804 1.94204793 
0.22773 5.64211421 0.06471281 1.94250503 
0.22873 5.63811857 0.06428619 1.94295300 
0.22973 5.63417478 0.06386803 1.94339203 
0.23073 5.63028222 0.06345819 1.94382233 
0.23173 5.62644024 0.06305652 1.94424408 
0.23273 5.62264825 0.06266287 1.94465747 
0.23373 5.61890564 0.06227713 1.94506267 
0.23473 5.61521183 0.06189915 1.94545988 
0.23574 5.61156628 0.06152881 1.94584926 
0.23674 5.60796844 0.06116597 1.94623097 
0.23774 5.60441778 0.06081052 1.94660518 
0.23874 5.60091379 0.06046234 1.94697205 
0.23974 5.59745598 0.06012131 1.94733174 
0.24074 5.59404387 0.05978731 1.94768439 
0.24174 5.59067700 0.05946023 1.94803016 
0.24274 5.58735492 0.05913996 1.94836918 
0.24374 5.58407721 0.05882640 1.94870160 
0.24474 5.58084343 0.05851944 1.94902755 
0.24575 5.57765321 0.05821898 1.94934717 
0.24675 5.57450614 0.05792493 1.94966059 
0.24775 5.57140186 0.05763718 1.94996793 
0.24875 5.56834001 0.05735564 1.95026932 
0.24975 5.56532026 0.05708022 1.95056487 
0.25075 5.56234228 0.05681083 1.95085472 
0.25175 5.55940576 0.05654738 1.95113897 
0.25275 5.55651041 0.05628979 1.95141773 
0.25375 5.55365595 0.05603797 1.95169111 
0.25475 5.55084211 0.05579185 1.95195923 
0.25576 5.54806866 0.05555134 1.95222219 
0.25676 5.54533535 0.05531638 1.95248008 
0.25776 5.54264199 0.05508687 1.95273302 
0.25876 5.53998836 0.05486276 1.95298109 
0.25976 5.53737429 0.05464397 1.95322439 
0.26076 5.53479961 0.05443043 1.95346302 
0.26176 5.53226418 0.05422208 1.95369707 
0.26276 5.52976786 0.05401885 1.95392663 
0.26376 5.52731056 0.05382068 1.95415178 
0.26476 5.52489217 0.05362751 1.95437260 
0.26577 5.52251262 0.05343928 1.95458920 
0.26677 5.52017187 0.05325593 1.95480163 
0.26777 5.51786987 0.05307741 1.95500999 
0.26877 5.51560663 0.05290367 1.95521436 
0.26977 5.51338215 0.05273465 1.95541480 
0.27077 5.51119647 0.05257030 1.95561139 
0.27177 5.50904965 0.05241059 1.95580422 
0.27277 5.50694177 0.05225546 1.95599334 
0.27377 5.50487293 0.05210487 1.95617883 
0.27477 5.50284329 0.05195877 1.95636075 
0.27578 5.50085300 0.05181714 1.95653918 
0.27678 5.49890227 0.05167993 1.95671418 
0.27778 5.49699131 0.05154710 1.95688581 
0.27878 5.49512039 0.05141863 1.95705414 
0.27978 5.49328980 0.05129448 1.95721923 
0.28078 5.49149989 0.05117463 1.95738113 
0.28178 5.48975101 0.05105904 1.95753992 
0.28278 5.48804359 0.05094770 1.95769563 
0.28378 5.48637809 0.05084058 1.95784835 
0.28478 5.48475501 0.05073767 1.95799810 
0.28579 5.48317491 0.05063894 1.95814496 
0.28679 5.48163840 0.05054438 1.95828898 
0.28779 5.48014615 0.05045398 1.95843020 
0.28879 5.47869889 0.05036774 1.95856868 
0.28979 5.47729742 0.05028564 1.95870447 
0.29079 5.47594260 0.05020769 1.95883762 
0.29179 5.47463538 0.05013388 1.95896817 
0.29279 5.47337679 0.05006423 1.95909617 
0.29379 5.47216796 0.04999873 1.95922167 
0.29479 5.47101008 0.04993741 1.95934471 
0.29580 5.46990449 0.04988027 1.95946534 
0.29680 5.46885262 0.04982735 1.95958360 
0.29780 5.46785603 0.04977867 1.95969954 
0.29880 5.46691642 0.04973425 1.95981318 
0.29980 5.46603564 0.04969413 1.95992458 
0.30080 5.46521568 0.04965837 1.96003378 
0.30180 5.46445875 0.04962700 1.96014081 
0.30280 5.46376721 0.04960009 1.96024571 
0.30380 5.46314368 0.04957770 1.96034852 
0.30480 5.46259099 0.04955990 1.96044928 
0.30581 5.46211224 0.04954678 1.96054801 
0.30681 5.46171082 0.04953842 1.96064476 
0.30781 5.46139047 0.04953494 1.96073956 
0.30881 5.46115526 0.04953644 1.96083245 
0.30981 5.46100968 0.04954306 1.96092345 
0.31081 5.46095868 0.04955495 1.96101259 
0.31181 5.46100771 0.04957226 1.96109992 
0.31281 5.46116281 0.04959518 1.96118546 
0.31381 5.46143066 0.04962391 1.96126923 
0.31481 5.46181868 0.04965868 1.96135128 
0.31582 5.46233514 0.04969974 1.96143162 
0.31682 5.46298925 0.04974739 1.96151029 
0.31782 5.46379135 0.04980193 1.96158731 
0.31882 5.46475302 0.04986375 1.96166270 
0.31982 5.46588735 0.04993324 1.96173651 
0.32082 5.46720910 0.05001087 1.96180874 
0.32182 5.46873503 0.05009717 1.96187944 
0.32282 5.47048426 0.05019274 1.96194861 
0.32382 5.47247867 0.05029826 1.96201629 
0.32482 5.47474341 0.05041454 1.96208251 
0.32583 5.47730759 0.05054249 1.96214729 
0.32683 5.48020501 0.05068315 1.96221066 
0.32783 5.48347527 0.05083779 1.96227264 
0.32883 5.48716498 0.05100783 1.96233328 
0.32983 5.49132943 0.05119502 1.96239260 
0.33083 5.49603478 0.05140139 1.96245066 
0.33183 5.50136089 0.05162940 1.96250750 
0.33283 5.50740510 0.05188205 1.96256319 
0.33383 5.51428741 0.05216300 1.96261782 
0.33483 5.52215766 0.05247678 1.96267149 
0.33584 5.53120559 0.05282914 1.96272438 
0.33684 5.54167550 0.05322736 1.96277672 
0.33784 5.55388790 0.05368098 1.96282883 
0.33884 5.56827275 0.05420264 1.96288124 
0.33984 5.58542221 0.05480957 1.96293475 
0.34084 5.60617808 0.05552599 1.96299066 
0.34184 5.63178474 0.05638719 1.96305121 
0.34284 5.66417441 0.05744706 1.96312043 
0.34384 5.70654555 0.05879301 1.96320611 
0.34484 5.76467022 0.06057873 1.96332490 
0.34585 5.85031434 0.06310742 1.96351751 
0.34685 5.99206978 0.06708584 1.96390573 
0.34785 6.27348879 0.07449636 1.96495955 
0.34885 6.83264751 0.08886907 1.96823419 
0.34985 7.59554372 0.11056114 1.97664088 
0.35085 8.48587432 0.13902006 1.99451332 
0.35185 9.26787041 0.16469074 2.01708946 
0.35285 9.90244115 0.18548765 2.04031697 
0.35385 10.43093438 0.20278101 2.06349919 
0.35485 10.88173334 0.21754196 2.08647791 
0.35586 11.27250332 0.23036882 2.10918644 
0.35686 11.61490958 0.24165134 2.13158490 
0.35786 11.91712997 0.25165931 2.15364544 
0.35886 12.18518228 0.26058905 2.17534723 
0.35986 12.42366905 0.26858930 2.19667423 
0.36086 12.63622153 0.27577644 2.21761389 
0.36186 12.82577843 0.28224398 2.23815642 
0.36286 12.99476874 0.28806875 2.25829426 
0.36386 13.14523597 0.29331504 2.27802171 
0.36486 13.27892535 0.29803749 2.29733466 
0.36587 13.39734657 0.30228320 2.31623038 
0.36687 13.50182001 0.30609323 2.33470735 
0.36787 13.59351149 0.30950373 2.35276510 
0.36887 13.67345885 0.31254681 2.37040412 
0.36987 13.74259260 0.31525121 2.38762575 
0.37087 13.80175218 0.31764281 2.40443208 
0.37187 13.85169898 0.31974508 2.42082590 
0.37287 13.89312684 0.32157938 2.43681058 
0.37387 13.92667062 0.32316526 2.45239005 
0.37487 13.95291331 0.32452065 2.46756872 
0.37588 13.97239191 0.32566209 2.48235146 
0.37688 13.98560240 0.32660485 2.49674350 
0.37788 13.99300398 0.32736310 2.51075040 
0.37888 13.99502263 0.32794996 2.52437805 
0.37988 13.99205422 0.32837766 2.53763257 
0.38088 13.98446724 0.32865760 2.55052031 
0.38188 13.97260511 0.32880041 2.56304783 
0.38288 13.95678824 0.32881602 2.57522182 
0.38388 13.93731592 0.32871374 2.58704912 
0.38488 13.91446789 0.32850225 2.59853667 
0.38589 13.88850580 0.32818973 2.60969148 
0.38689 13.85967456 0.32778382 2.62052063 
0.38789 13.82820348 0.32729171 2.63103125 
0.38889 13.79430736 0.32672013 2.64123046 
0.38989 13.75818748 0.32607541 2.65112540 
0.39089 13.72003246 0.32536352 2.66072320 
0.39189 13.68001910 0.32459003 2.67003095 
0.39289 13.63831316 0.32376021 2.67905570 
0.39389 13.59506999 0.32287899 2.68780447 
0.39489 13.55043523 0.32195103 2.69628419 
0.39590 13.50454540 0.32098069 2.70450173 
0.39690 13.45752842 0.31997208 2.71246388 
0.39790 13.40950417 0.31892906 2.72017734 
0.39890 13.36058495 0.31785528 2.72764872 
0.39990 13.31087592 0.31675413 2.73488452 
0.40090 13.26047554 0.31562883 2.74189115 
0.40190 13.20947596 0.31448239 2.74867490 
0.40290 13.15796339 0.31331766 2.75524195 
0.40390 13.10601844 0.31213728 2.76159837 
0.40490 13.05371647 0.31094377 2.76775010 
0.40591 13.00112783 0.30973947 2.77370297 
0.40691 12.94831826 0.30852658 2.77946268 
0.40791 12.89534904 0.30730717 2.78503481 
0.40891 12.84227734 0.30608317 2.79042483 
0.40991 12.78915641 0.30485641 2.79563806 
0.41091 12.73603581 0.30362859 2.80067972 
0.41191 12.68296167 0.30240130 2.80555490 
0.41291 12.62997682 0.30117603 2.81026856 
0.41391 12.57712102 0.29995419 2.81482554 
0.41491 12.52443117 0.29873708 2.81923056 
0.41592 12.47194140 0.29752592 2.82348823 
0.41692 12.41968331 0.29632185 2.82760303 
0.41792 12.36768608 0.29512594 2.83157933 
0.41892 12.31597661 0.29393918 2.83542137 
0.41992 12.26457967 0.29276249 2.83913329 
0.42092 12.21351802 0.29159674 2.84271912 
0.42192 12.16281253 0.29044274 2.84618277 
0.42292 12.11248230 0.28930122 2.84952804 
0.42392 12.06254476 0.28817287 2.85275864 
0.42492 12.01301576 0.28705835 2.85587817 
0.42593 11.96390969 0.28595825 2.85889012 
0.42693 11.91523956 0.28487311 2.86179788 
0.42793 11.86701708 0.28380345 2.86460476 
0.42893 11.81925273 0.28274974 2.86731394 
0.42993 11.77195585 0.28171240 2.86992856 
0.43093 11.72513474 0.28069185 2.87245162 
0.43193 11.67879666 0.27968844 2.87488604 
0.43293 11.63294794 0.27870252 2.87723469 
0.43393 11.58759405 0.27773439 2.87950031 
0.43493 11.54273961 0.27678432 2.88168558 
0.43594 11.49838848 0.27585259 2.88379310 
0.43694 11.45454382 0.27493941 2.88582539 
0.43794 11.41120809 0.27404500 2.88778489 
0.43894 11.36838314 0.27316955 2.88967396 
0.43994 11.32607022 0.27231323 2.89149491 
0.44094 11.28427007 0.27147619 2.89324996 
0.44194 11.24298287 0.27065856 2.89494127 
0.44294 11.20220838 0.26986048 2.89657094 
0.44394 11.16194588 0.26908204 2.89814099 
0.44494 11.12219428 0.26832334 2.89965338 
0.44595 11.08295208 0.26758446 2.90111004 
0.44695 11.04421745 0.26686546 2.90251279 
0.44795 11.00598823 0.26616641 2.90386343 
0.44895 10.96826196 0.26548735 2.90516369 
0.44995 10.93103591 0.26482832 2.90641526 
0.45095 10.89430709 0.26418936 2.90761977 
0.45195 10.85807229 0.26357049 2.90877878 
0.45295 10.82232806 0.26297172 2.90989383 
0.45395 10.78707077 0.26239306 2.91096640 
0.45495 10.75229663 0.26183452 2.91199792 
0.45596 10.71800166 0.26129611 2.91298978 
0.45696 10.68418174 0.26077780 2.91394332 
0.45796 10.65083262 0.26027960 2.91485986 
0.45896 10.61794994 0.25980149 2.91574065 
0.45996 10.58552921 0.25934346 2.91658691 
0.46096 10.55356587 0.25890548 2.91739983 
0.46196 10.52205526 0.25848754 2.91818056 
0.46296 10.49099265 0.25808962 2.91893020 
0.46396 10.46037324 0.25771168 2.91964984 
0.46496 10.43019219 0.25735370 2.92034050 
0.46597 10.40044459 0.25701566 2.92100321 
0.46697 10.37112552 0.25669753 2.92163894 
0.46797 10.34223000 0.25639927 2.92224863 
0.46897 10.31375306 0.25612087 2.92283321 
0.46997 10.28568967 0.25586230 2.92339355 
0.47097 10.25803482 0.25562352 2.92393051 
0.47197 10.23078348 0.25540452 2.92444494 
0.47297 10.20393063 0.25520526 2.92493762 
0.47397 10.17747125 0.25502573 2.92540935 
0.47497 10.15140032 0.25486590 2.92586087 
0.47598 10.12571284 0.25472575 2.92629292 
0.47698 10.10040383 0.25460526 2.92670621 
0.47798 10.07546833 0.25450441 2.92710141 
0.47898 10.05090140 0.25442319 2.92747920 
0.47998 10.02669814 0.25436159 2.92784021 
0.48098 10.00285366 0.25431960 2.92818506 
0.48198 9.97936313 0.25429720 2.92851436 
0.48298 9.95622172 0.25429441 2.92882869 
0.48398 9.93342468 0.25431121 2.92912860 
0.48498 9.91096728 0.25434760 2.92941466 
0.48599 9.88884482 0.25440360 2.92968738 
0.48699 9.86705266 0.25447920 2.92994727 
0.48799 9.84558622 0.25457444 2.93019483 
0.48899 9.82444094 0.25468931 2.93043054 
0.48999 9.80361232 0.25482384 2.93065486 
0.49099 9.78309593 0.25497806 2.93086823 
0.49199 9.76288736 0.25515199 2.93107110 
0.49299 9.74298227 0.25534566 2.93126387 
0.49399 9.72337639 0.25555912 2.93144696 
0.49499 9.70406547 0.25579240 2.93162076 
0.49600 9.68504534 0.25604556 2.93178564 
0.49700 9.66631189 0.25631863 2.93194198 
0.49800 9.64786105 0.25661169 2.93209012 
0.49900 9.62968883 0.25692479 2.93223042 
0.50000 9.61179128 0.25725799 2.93236320 
