-0.50000 5.02794503 0.99640314 1.94596955 
-0.49900 5.02792101 1.03159671 1.94513804 
-0.49800 5.02789100 1.06883839 1.94425743 
-0.49700 5.02785487 1.10828963 1.94332386 
-0.49600 5.02781253 1.15012803 1.94233307 
-0.49499 5.02776391 1.19454923 1.94128039 
-0.49399 5.02770895 1.24176918 1.94016064 
-0.49299 5.02764764 1.29202668 1.93896811 
-0.49199 5.02758002 1.34558631 1.93769646 
-0.49099 5.02750616 1.40274179 1.93633866 
-0.48999 5.02742623 1.46381992 1.93488691 
-0.48899 5.02734044 1.52918501 1.93333247 
-0.48799 5.02724913 1.59924416 1.93166561 
-0.48699 5.02715276 1.67445333 1.92987544 
-0.48599 5.02705192 1.75532441 1.92794970 
-0.48498 5.02694738 1.84243353 1.92587462 
-0.48398 5.02684014 1.93643081 1.92363466 
-0.48298 5.02673147 2.03805181 1.92121223 
-0.48198 5.02662296 2.14813112 1.91858740 
-0.48098 5.02651658 2.26761836 1.91573746 
-0.47998 5.02641484 2.39759734 1.91263652 
-0.47898 5.02632079 2.53930879 1.90925494 
-0.47798 5.02623828 2.69417769 1.90555867 
-0.47698 5.02617203 2.86384599 1.90150851 
-0.47598 5.02612794 3.05021214 1.89705911 
-0.47497 5.02611328 3.25547881 1.89215788 
-0.47397 5.02613711 3.48221087 1.88674360 
-0.47297 5.02621067 3.73340583 1.88074471 
-0.47197 5.02634800 4.01257978 1.87407729 
-0.47097 5.02656660 4.32387251 1.86664256 
-0.46997 5.02688840 4.67217601 1.85832382 
-0.46897 5.02734094 5.06329194 1.84898266 
-0.46797 5.02795891 5.50412402 1.83845445 
-0.46697 5.02878619 6.00291263 1.82654269 
-0.46597 5.02987842 6.56951863 1.81301230 
-0.46496 5.03130639 7.21576304 1.79758156 
-0.46396 5.03316046 7.95582533 1.77991260 
-0.46296 5.03555620 8.80669496 1.75960072 
-0.46196 5.03864157 9.78865280 1.73616296 
-0.46096 5.04260593 10.92572423 1.70902745 
-0.45996 5.04769086 12.24598019 1.67752632 
-0.45896 5.05420235 13.78144565 1.64089811 
-0.45796 5.06252273 15.56717621 1.59831007 
-0.45696 5.07311861 17.63874656 1.54891835 
-0.45596 5.08653672 20.02694325 1.49199497 
-0.45495 5.10337318 22.74794601 1.42716225 
-0.45395 5.12419283 25.78706217 1.35478074 
-0.45295 5.14936888 29.07505896 1.27651303 
-0.45195 5.17882179 32.45998608 1.19599386 
-0.45095 5.21168417 35.68569914 1.11933865 
-0.44995 5.24602252 38.39912703 1.05496521 
-0.44895 5.27886482 40.21065771 1.01214923 
-0.44795 5.30676083 40.80836328 0.99829987 
-0.44695 5.32679186 40.07822494 1.01609904 
-0.44595 5.33751522 38.15391884 1.06232508 
-0.44494 5.33926663 35.35942638 1.12923084 
-0.44394 5.33371682 32.08635565 1.20747218 
-0.44294 5.32308680 28.68248820 1.28876242 
-0.44194 5.30948747 25.39584867 1.36720021 
-0.44094 5.29458043 22.37069193 1.43936013 
-0.43994 5.27951082 19.67037244 1.50374439 
-0.43894 5.26498367 17.30565407 1.56010664 
-0.43794 5.25138220 15.25798162 1.60889698 
-0.43694 5.23887657 13.49526261 1.65088605 
-0.43594 5.22750628 11.98128915 1.68694088 
-0.43493 5.21723659 10.68076796 1.71790545 
-0.43393 5.20799443 9.56165489 1.74454537 
-0.43293 5.19969036 8.59597146 1.76752871 
-0.43193 5.19223112 7.75983460 1.78742547 
-0.43093 5.18552660 7.03312150 1.80471574 
-0.42993 5.17949319 6.39899857 1.81980098 
-0.42893 5.17405525 5.84343136 1.83301583 
-0.42793 5.16914530 5.35472954 1.84463894 
-0.42693 5.16470376 4.92314781 1.85490256 
-0.42593 5.16067825 4.54054695 1.86400061 
-0.42492 5.15702290 4.20011122 1.87209545 
-0.42392 5.15369757 3.89611527 1.87932345 
-0.42292 5.15066716 3.62373324 1.88579951 
-0.42192 5.14790092 3.37888270 1.89162085 
-0.42092 5.14537192 3.15809733 1.89686996 
-0.41992 5.14305649 2.95842297 1.90161716 
-0.41892 5.14093384 2.77733257 1.90592260 
-0.41792 5.13898560 2.61265653 1.90983788 
-0.41692 5.13719558 2.46252545 1.91340748 
-0.41592 5.13554942 2.32532295 1.91666986 
-0.41491 5.13403436 2.19964663 1.91965835 
-0.41391 5.13263908 2.08427578 1.92240200 
-0.41291 5.13135345 1.97814440 1.92492615 
-0.41191 5.13016842 1.88031875 1.92725299 
-0.41091 5.12907590 1.78997846 1.92940202 
-0.40991 5.12806860 1.70640075 1.93139042 
-0.40891 5.12713998 1.62894700 1.93323338 
-0.40791 5.12628412 1.55705148 1.93494431 
-0.40691 5.12549569 1.49021172 1.93653518 
-0.40591 5.12476985 1.42798037 1.93801659 
-0.40490 5.12410220 1.36995814 1.93939804 
-0.40390 5.12348876 1.31578789 1.94068801 
-0.40290 5.12292589 1.26514942 1.94189409 
-0.40190 5.12241028 1.21775506 1.94302312 
-0.40090 5.12193889 1.17334584 1.94408124 
-0.39990 5.12150895 1.13168817 1.94507401 
-0.39890 5.12111791 1.09257092 1.94600642 
-0.39790 5.12076344 1.05580296 1.94688302 
-0.39690 5.12044339 1.02121094 1.94770792 
-0.39590 5.12015577 0.98863735 1.94848485 
-0.39489 5.11989876 0.95793886 1.94921721 
-0.39389 5.11967066 0.92898486 1.94990811 
-0.39289 5.11946993 0.90165612 1.95056036 
-0.39189 5.11929510 0.87584364 1.95117657 
-0.39089 5.11914485 0.85144765 1.95175908 
-0.38989 5.11901793 0.82837672 1.95231007 
-0.38889 5.11891318 0.80654693 1.95283153 
-0.38789 5.11882953 0.78588118 1.95332529 
-0.38689 5.11876597 0.76630852 1.95379303 
-0.38589 5.11872157 0.74776363 1.95423629 
-0.38488 5.11869545 0.73018630 1.95465651 
-0.38388 5.11868681 0.71352096 1.95505500 
-0.38288 5.11869488 0.69771628 1.95543299 
-0.38188 5.11871896 0.68272482 1.95579159 
-0.38088 5.11875836 0.66850267 1.95613184 
-0.37988 5.11881247 0.65500920 1.95645472 
-0.37888 5.11888070 0.64220676 1.95676112 
-0.37788 5.11896251 0.63006043 1.95705186 
-0.37688 5.11905736 0.61853784 1.95732772 
-0.37588 5.11916479 0.60760895 1.95758941 
-0.37487 5.11928433 0.59724587 1.95783759 
-0.37387 5.11941554 0.58742270 1.95807288 
-0.37287 5.11955804 0.57811539 1.95829585 
-0.37187 5.11971143 0.56930161 1.95850704 
-0.37087 5.11987535 0.56096061 1.95870695 
-0.36987 5.12004948 0.55307314 1.95889603 
-0.36887 5.12023348 0.54562132 1.95907471 
-0.36787 5.12042705 0.53858856 1.95924339 
-0.36687 5.12062992 0.53195948 1.95940244 
-0.36587 5.12084182 0.52571985 1.95955222 
-0.36486 5.12106248 0.51985648 1.95969303 
-0.36386 5.12129168 0.51435721 1.95982517 
-0.36286 5.12152918 0.50921080 1.95994892 
-0.36186 5.12177478 0.50440693 1.96006454 
-0.36086 5.12202826 0.49993612 1.96017225 
-0.35986 5.12228945 0.49578970 1.96027229 
-0.35886 5.12255815 0.49195976 1.96036483 
-0.35786 5.12283421 0.48843914 1.96045008 
-0.35686 5.12311746 0.48522139 1.96052819 
-0.35586 5.12340775 0.48230073 1.96059932 
-0.35485 5.12370494 0.47967205 1.96066361 
-0.35385 5.12400888 0.47733085 1.96072118 
-0.35285 5.12431947 0.47527329 1.96077214 
-0.35185 5.12463658 0.47349610 1.96081659 
-0.35085 5.12496009 0.47199663 1.96085462 
-0.34985 5.12528990 0.47077278 1.96088629 
-0.34885 5.12562592 0.46982307 1.96091168 
-0.34785 5.12596805 0.46914656 1.96093082 
-0.34685 5.12631620 0.46874290 1.96094376 
-0.34585 5.12667030 0.46861231 1.96095053 
-0.34484 5.12703026 0.46875556 1.96095113 
-0.34384 5.12739603 0.46917405 1.96094558 
-0.34284 5.12776753 0.46986973 1.96093386 
-0.34184 5.12814471 0.47084517 1.96091595 
-0.34084 5.12852752 0.47210355 1.96089184 
-0.33984 5.12891590 0.47364869 1.96086146 
-0.33884 5.12930980 0.47548505 1.96082477 
-0.33784 5.12970920 0.47761778 1.96078171 
-0.33684 5.13011405 0.48005272 1.96073218 
-0.33584 5.13052432 0.48279645 1.96067611 
-0.33483 5.13093999 0.48585631 1.96061337 
-0.33383 5.13136103 0.48924046 1.96054386 
-0.33283 5.13178742 0.49295790 1.96046744 
-0.33183 5.13221916 0.49701853 1.96038395 
-0.33083 5.13265623 0.50143318 1.96029323 
-0.32983 5.13309863 0.50621373 1.96019510 
-0.32883 5.13354635 0.51137309 1.96008935 
-0.32783 5.13399940 0.51692534 1.95997576 
-0.32683 5.13445779 0.52288580 1.95985409 
-0.32583 5.13492153 0.52927108 1.95972407 
-0.32482 5.13539064 0.53609922 1.95958542 
-0.32382 5.13586514 0.54338979 1.95943783 
-0.32282 5.13634507 0.55116399 1.95928095 
-0.32182 5.13683044 0.55944481 1.95911441 
-0.32082 5.13732131 0.56825718 1.95893783 
-0.31982 5.13781773 0.57762808 1.95875075 
-0.31882 5.13831973 0.58758682 1.95855271 
-0.31782 5.13882738 0.59816514 1.95834320 
-0.31682 5.13934076 0.60939752 1.95812167 
-0.31582 5.13985993 0.62132137 1.95788750 
-0.31481 5.14038497 0.63397735 1.95764005 
-0.31381 5.14091599 0.64740968 1.95737859 
-0.31281 5.14145309 0.66166645 1.95710237 
-0.31181 5.14199638 0.67680010 1.95681053 
-0.31081 5.14254600 0.69286775 1.95650215 
-0.30981 5.14310209 0.70993181 1.95617623 
-0.30881 5.14366480 0.72806046 1.95583168 
-0.30781 5.14423433 0.74732830 1.95546729 
-0.30681 5.14481086 0.76781712 1.95508175 
-0.30581 5.14539463 0.78961662 1.95467363 
-0.30480 5.14598588 0.81282542 1.95424133 
-0.30380 5.14658489 0.83755206 1.95378313 
-0.30280 5.14719197 0.86391620 1.95329710 
-0.30180 5.14780748 0.89205001 1.95278113 
-0.30080 5.14843182 0.92209973 1.95223289 
-0.29980 5.14906543 0.95422750 1.95164977 
-0.29880 5.14970882 0.98861339 1.95102891 
-0.29780 5.15036257 1.02545788 1.95036711 
-0.29680 5.15102733 1.06498461 1.94966079 
-0.29580 5.15170385 1.10744364 1.94890597 
-0.29479 5.15239299 1.15311525 1.94809820 
-0.29379 5.15309573 1.20231436 1.94723245 
-0.29279 5.15381319 1.25539580 1.94630308 
-0.29179 5.15454670 1.31276042 1.94530371 
-0.29079 5.15529775 1.37486236 1.94422714 
-0.28979 5.15606812 1.44221775 1.94306515 
-0.28879 5.15685986 1.51541500 1.94180841 
-0.28779 5.15767536 1.59512718 1.94044623 
-0.28679 5.15851747 1.68212690 1.93896637 
-0.28579 5.15938951 1.77730430 1.93735471 
-0.28478 5.16029544 1.88168896 1.93559493 
-0.28378 5.16123997 1.99647653 1.93366809 
-0.28278 5.16222872 2.12306158 1.93155211 
-0.28178 5.16326846 2.26307807 1.92922112 
-0.28078 5.16436733 2.41844960 1.92664469 
-0.27978 5.16553524 2.59145220 1.92378681 
-0.27878 5.16678426 2.78479334 1.92060466 
-0.27778 5.16812921 3.00171179 1.91704706 
-0.27678 5.16958836 3.24610503 1.91305240 
-0.27578 5.17118447 3.52269262 1.90854612 
-0.27477 5.17294594 3.83722744 1.90343737 
-0.27377 5.17490863 4.19677073 1.89761464 
-0.27277 5.17711801 4.61005293 1.89094015 
-0.27177 5.17963233 5.08795042 1.88324224 
-0.27077 5.18252676 5.64411976 1.87430549 
-0.26977 5.18589917 6.29584665 1.86385727 
-0.26877 5.18987819 7.06518731 1.85154983 
-0.26777 5.19463436 7.98050649 1.83693611 
-0.26677 5.20039583 9.07854528 1.81943720 
-0.26577 5.20747040 10.40717415 1.79829910 
-0.26476 5.21627603 12.02897311 1.77253654 
-0.26376 5.22738252 14.02565181 1.74086364 
-0.26276 5.24156535 16.50288833 1.70161831 
-0.26176 5.25986771 19.59397887 1.65270565 
-0.26076 5.28365041 23.45780295 1.59163154 
-0.25976 5.31456822 28.26030769 1.51579658 
-0.25876 5.35432264 34.11716504 1.42340212 
-0.25776 5.40389901 40.96174111 1.31553175 
-0.25676 5.46193611 48.31353198 1.19979488 
-0.25576 5.52243358 55.03221028 1.09418312 
-0.25475 5.57386302 59.39539360 1.02581184 
-0.25375 5.60322953 59.89153756 1.01840753 
-0.25275 5.60429684 56.32166792 1.07498381 
-0.25175 5.58158241 49.96807289 1.17525512 
-0.25075 5.54564039 42.60683195 1.29122825 
-0.24975 5.50613951 35.55184635 1.40223954 
-0.24875 5.46889594 29.42525991 1.49853446 
-0.24775 5.43635566 24.36759194 1.57793717 
-0.24675 5.40899997 20.28950311 1.64188017 
-0.24575 5.38642694 17.02807587 1.69294483 
-0.24474 5.36794639 14.41876511 1.73373142 
-0.24374 5.35284973 12.32066155 1.76646384 
-0.24274 5.34051065 10.62107887 1.79291910 
-0.24174 5.33040956 9.23260521 1.81447478 
-0.24074 5.32212781 8.08826119 1.83218594 
-0.23974 5.31533234 7.13686252 1.84685848 
-0.23874 5.30975925 6.33919589 1.85910955 
-0.23774 5.30519925 5.66505559 1.86941439 
-0.23674 5.30148581 5.09101115 1.87814147 
-0.23574 5.29848575 4.59874604 1.88557877 
-0.23473 5.29609192 4.17382556 1.89195312 
-0.23373 5.29421759 3.80478189 1.89744467 
-0.23273 5.29279216 3.48243177 1.90219760 
-0.23173 5.29175778 3.19936475 1.90632822 
-0.23073 5.29106677 2.94955668 1.90993101 
-0.22973 5.29067967 2.72807586 1.91308330 
-0.22873 5.29056360 2.53085774 1.91584874 
-0.22773 5.29069109 2.35453114 1.91828011 
-0.22673 5.29103906 2.19628303 1.92042140 
-0.22573 5.29158807 2.05375269 1.92230949 
-0.22472 5.29232172 1.92494821 1.92397545 
-0.22372 5.29322609 1.80818028 1.92544561 
-0.22272 5.29428939 1.70200918 1.92674236 
-0.22172 5.29550162 1.60520230 1.92788484 
-0.22072 5.29685429 1.51669965 1.92888946 
-0.21972 5.29834020 1.43558596 1.92977037 
-0.21872 5.29995326 1.36106775 1.93053980 
-0.21772 5.30168836 1.29245455 1.93120833 
-0.21672 5.30354121 1.22914341 1.93178519 
-0.21572 5.30550825 1.17060594 1.93227841 
-0.21471 5.30758656 1.11637765 1.93269502 
-0.21371 5.30977381 1.06604892 1.93304119 
-0.21271 5.31206816 1.01925747 1.93332231 
-0.21171 5.31446822 0.97568197 1.93354315 
-0.21071 5.31697302 0.93503663 1.93370789 
-0.20971 5.31958196 0.89706663 1.93382022 
-0.20871 5.32229478 0.86154419 1.93388340 
-0.20771 5.32511153 0.82826522 1.93390030 
-0.20671 5.32803256 0.79704643 1.93387346 
-0.20571 5.33105849 0.76772285 1.93380511 
-0.20470 5.33419019 0.74014571 1.93369722 
-0.20370 5.33742879 0.71418054 1.93355151 
-0.20270 5.34077563 0.68970559 1.93336950 
-0.20170 5.34423230 0.66661040 1.93315252 
-0.20070 5.34780059 0.64479458 1.93290170 
-0.19970 5.35148252 0.62416675 1.93261803 
-0.19870 5.35528030 0.60464357 1.93230237 
-0.19770 5.35919637 0.58614890 1.93195541 
-0.19670 5.36323337 0.56861311 1.93157775 
-0.19570 5.36739413 0.55197240 1.93116986 
-0.19469 5.37168172 0.53616823 1.93073211 
-0.19369 5.37609941 0.52114680 1.93026477 
-0.19269 5.38065067 0.50685865 1.92976801 
-0.19169 5.38533922 0.49325817 1.92924194 
-0.19069 5.39016899 0.48030333 1.92868654 
-0.18969 5.39514415 0.46795530 1.92810174 
-0.18869 5.40026910 0.45617818 1.92748740 
-0.18769 5.40554850 0.44493873 1.92684327 
-0.18669 5.41098726 0.43420619 1.92616904 
-0.18569 5.41659058 0.42395197 1.92546435 
-0.18468 5.42236393 0.41414959 1.92472873 
-0.18368 5.42831306 0.40477438 1.92396165 
-0.18268 5.43444405 0.39580343 1.92316252 
-0.18168 5.44076331 0.38721541 1.92233066 
-0.18068 5.44727757 0.37899043 1.92146532 
-0.17968 5.45399393 0.37110994 1.92056566 
-0.17868 5.46091987 0.36355664 1.91963077 
-0.17768 5.46806328 0.35631438 1.91865967 
-0.17668 5.47543247 0.34936805 1.91765126 
-0.17568 5.48303618 0.34270354 1.91660438 
-0.17467 5.49088365 0.33630762 1.91551777 
-0.17367 5.49898462 0.33016795 1.91439005 
-0.17267 5.50734938 0.32427293 1.91321977 
-0.17167 5.51598877 0.31861171 1.91200533 
-0.17067 5.52491426 0.31317414 1.91074505 
-0.16967 5.53413796 0.30795069 1.90943709 
-0.16867 5.54367270 0.30293241 1.90807950 
-0.16767 5.55353202 0.29811093 1.90667017 
-0.16667 5.56373028 0.29347841 1.90520685 
-0.16567 5.57428270 0.28902747 1.90368711 
-0.16466 5.58520540 0.28475123 1.90210835 
-0.16366 5.59651551 0.28064322 1.90046778 
-0.16266 5.60823120 0.27669738 1.89876237 
-0.16166 5.62037179 0.27290807 1.89698890 
-0.16066 5.63295783 0.26927000 1.89514388 
-0.15966 5.64601121 0.26577823 1.89322355 
-0.15866 5.65955527 0.26242816 1.89122385 
-0.15766 5.67361488 0.25921553 1.88914041 
-0.15666 5.68821662 0.25613637 1.88696848 
-0.15566 5.70338891 0.25318702 1.88470293 
-0.15465 5.71916217 0.25036411 1.88233820 
-0.15365 5.73556899 0.24766455 1.87986824 
-0.15265 5.75264435 0.24508553 1.87728647 
-0.15165 5.77042583 0.24262450 1.87458572 
-0.15065 5.78895384 0.24027921 1.87175815 
-0.14965 5.80827195 0.23804764 1.86879520 
-0.14865 5.82842715 0.23592807 1.86568747 
-0.14765 5.84947023 0.23391903 1.86242463 
-0.14665 5.87145615 0.23201934 1.85899531 
-0.14565 5.89444455 0.23022810 1.85538695 
-0.14464 5.91850017 0.22854470 1.85158563 
-0.14364 5.94369352 0.22696883 1.84757591 
-0.14264 5.97010146 0.22550052 1.84334057 
-0.14164 5.99780805 0.22414012 1.83886037 
-0.14064 6.02690536 0.22288835 1.83411376 
-0.13964 6.05749452 0.22174634 1.82907642 
-0.13864 6.08968689 0.22071563 1.82372091 
-0.13764 6.12360544 0.21979825 1.81801604 
-0.13664 6.15938641 0.21899674 1.81192625 
-0.13564 6.19718118 0.21831424 1.80541073 
-0.13463 6.23715861 0.21775455 1.79842245 
-0.13363 6.27950777 0.21732226 1.79090681 
-0.13263 6.32444125 0.21702279 1.78280004 
-0.13163 6.37219929 0.21686265 1.77402705 
-0.13063 6.42305480 0.21684952 1.76449874 
-0.12963 6.47731969 0.21699255 1.75410835 
-0.12863 6.53535291 0.21730267 1.74272665 
-0.12763 6.59757099 0.21779295 1.73019532 
-0.12663 6.66446190 0.21847922 1.71631780 
-0.12563 6.73660411 0.21938080 1.70084615 
-0.12462 6.81469350 0.22052160 1.68346198 
-0.12362 6.89958312 0.22193185 1.66374745 
-0.12262 6.99234535 0.22365063 1.64114006 
-0.12162 7.09437568 0.22573032 1.61485840 
-0.12062 7.20758216 0.22824459 1.58377429 
-0.11962 7.33477074 0.23130437 1.54617758 
-0.11862 7.48054749 0.23509434 1.49931007 
-0.11762 7.65384780 0.23997145 1.43836864 
-0.11662 7.87684997 0.24679281 1.35439423 
-0.11562 8.22143553 0.25812898 1.23433251 
-0.11461 8.82131301 0.27789677 1.10752387 
-0.11361 9.56490053 0.30125627 1.03365603 
-0.11261 10.35792462 0.32541152 0.98954234 
-0.11161 11.22993193 0.35166619 0.95637434 
-0.11061 12.23546749 0.38192718 0.92694634 
-0.10961 13.45583275 0.41888924 0.89762889 
-0.10861 15.03174956 0.46715364 0.86574799 
-0.10761 17.24962977 0.53608563 0.82858181 
-0.10661 20.81403663 0.64884906 0.78363406 
-0.10561 27.67978377 0.87052812 0.73952402 
-0.10460 33.67927953 1.06497585 0.66474670 
-0.10360 19.91062060 0.59253700 0.40699182 
-0.10260 13.30838277 0.35636925 0.29587812 
-0.10160 11.66207100 0.28512047 0.25968106 
-0.10060 11.78842171 0.27006194 0.25060180 
-0.09960 12.96293725 0.28346625 0.25761496 
-0.09860 15.35904722 0.32382528 0.28202209 
-0.09760 20.23487953 0.41272798 0.33778639 
-0.09660 29.86939794 0.59168896 0.43431693 
-0.09560 21.41012168 0.43347145 0.25784654 
-0.09459 8.91006093 0.19960543 0.09011138 
-0.09359 4.60440910 0.11848344 0.04018206 
-0.09259 2.86472005 0.08528666 0.02203648 
-0.09159 1.99952501 0.06848958 0.01377848 
-0.09059 1.50296868 0.05864920 0.00939432 
-0.08959 1.18847403 0.05227272 0.00680511 
-0.08859 0.97473892 0.04783186 0.00515368 
-0.08759 0.82166499 0.04456883 0.00403775 
-0.08659 0.70753362 0.04207062 0.00324911 
-0.08559 0.61969329 0.04009495 0.00267152 
-0.08458 0.55033463 0.03849111 0.00223603 
-0.08358 0.49440472 0.03716081 0.00189968 
-0.08258 0.44850424 0.03603738 0.00163458 
-0.08158 0.41027025 0.03507407 0.00142199 
-0.08058 0.37801388 0.03423720 0.00124896 
-0.07958 0.35049878 0.03350189 0.00110628 
-0.07858 0.32680087 0.03284941 0.00098727 
-0.07758 0.30621675 0.03226536 0.00088701 
-0.07658 0.28820237 0.03173853 0.00080177 
-0.07558 0.27233084 0.03126003 0.00072872 
-0.07457 0.25826291 0.03082277 0.00066565 
-0.07357 0.24572584 0.03042096 0.00061085 
-0.07257 0.23449811 0.03004991 0.00056293 
-0.07157 0.22439807 0.02970571 0.00052082 
-0.07057 0.21527547 0.02938511 0.00048361 
-0.06957 0.20700510 0.02908539 0.00045059 
-0.06857 0.19948179 0.02880423 0.00042116 
-0.06757 0.19261667 0.02853967 0.00039482 
-0.06657 0.18633415 0.02829002 0.00037117 
-0.06557 0.18056958 0.02805382 0.00034985 
-0.06456 0.17526737 0.02782982 0.00033059 
-0.06356 0.17037949 0.02761692 0.00031313 
-0.06256 0.16586422 0.02741416 0.00029726 
-0.06156 0.16168523 0.02722070 0.00028280 
-0.06056 0.15781068 0.02703579 0.00026959 
-0.05956 0.15421261 0.02685876 0.00025750 
-0.05856 0.15086638 0.02668903 0.00024642 
-0.05756 0.14775016 0.02652608 0.00023623 
-0.05656 0.14484461 0.02636944 0.00022686 
-0.05556 0.14213251 0.02621867 0.00021822 
-0.05455 0.13959846 0.02607341 0.00021025 
-0.05355 0.13722874 0.02593331 0.00020288 
-0.05255 0.13501099 0.02579805 0.00019607 
-0.05155 0.13293412 0.02566735 0.00018976 
-0.05055 0.13098816 0.02554096 0.00018390 
-0.04955 0.12916408 0.02541863 0.00017848 
-0.04855 0.12745374 0.02530015 0.00017344 
-0.04755 0.12584976 0.02518532 0.00016876 
-0.04655 0.12434543 0.02507395 0.00016442 
-0.04555 0.12293469 0.02496589 0.00016038 
-0.04454 0.12161200 0.02486097 0.00015663 
-0.04354 0.12037233 0.02475905 0.00015315 
-0.04254 0.11921110 0.02466000 0.00014992 
-0.04154 0.11812414 0.02456369 0.00014692 
-0.04054 0.11710763 0.02447001 0.00014414 
-0.03954 0.11615810 0.02437884 0.00014157 
-0.03854 0.11527238 0.02429009 0.00013920 
-0.03754 0.11444758 0.02420367 0.00013700 
-0.03654 0.11368107 0.02411949 0.00013499 
-0.03554 0.11297046 0.02403746 0.00013313 
-0.03453 0.11231357 0.02395751 0.00013144 
-0.03353 0.11170841 0.02387956 0.00012990 
-0.03253 0.11115321 0.02380354 0.00012851 
-0.03153 0.11064635 0.02372940 0.00012725 
-0.03053 0.11018638 0.02365707 0.00012613 
-0.02953 0.10977202 0.02358649 0.00012514 
-0.02853 0.10940211 0.02351761 0.00012428 
-0.02753 0.10907566 0.02345038 0.00012355 
-0.02653 0.10879178 0.02338474 0.00012294 
-0.02553 0.10854973 0.02332066 0.00012244 
-0.02452 0.10834889 0.02325808 0.00012207 
-0.02352 0.10818876 0.02319696 0.00012181 
-0.02252 0.10806896 0.02313727 0.00012167 
-0.02152 0.10798920 0.02307896 0.00012164 
-0.02052 0.10794935 0.02302200 0.00012173 
-0.01952 0.10794935 0.02296636 0.00012194 
-0.01852 0.10798928 0.02291200 0.00012227 
-0.01752 0.10806932 0.02285888 0.00012272 
-0.01652 0.10818979 0.02280699 0.00012329 
-0.01552 0.10835110 0.02275628 0.00012398 
-0.01451 0.10855381 0.02270673 0.00012481 
-0.01351 0.10879860 0.02265831 0.00012576 
-0.01251 0.10908628 0.02261099 0.00012686 
-0.01151 0.10941779 0.02256476 0.00012809 
-0.01051 0.10979425 0.02251958 0.00012947 
-0.00951 0.11021692 0.02247544 0.00013100 
-0.00851 0.11068722 0.02243230 0.00013270 
-0.00751 0.11120677 0.02239014 0.00013457 
-0.00651 0.11177737 0.02234895 0.00013661 
-0.00551 0.11240104 0.02230871 0.00013884 
-0.00450 0.11308004 0.02226938 0.00014128 
-0.00350 0.11381685 0.02223095 0.00014393 
-0.00250 0.11461427 0.02219340 0.00014680 
-0.00150 0.11547536 0.02215670 0.00014993 
-0.00050 0.11640354 0.02212085 0.00015331 
0.00050 0.11740261 0.02208582 0.00015698 
0.00150 0.11847676 0.02205158 0.00016095 
0.00250 0.11963065 0.02201812 0.00016526 
0.00350 0.12086948 0.02198542 0.00016993 
0.00450 0.12219900 0.02195345 0.00017499 
0.00551 0.12362565 0.02192220 0.00018048 
0.00651 0.12515660 0.02189164 0.00018645 
0.00751 0.12679988 0.02186175 0.00019293 
0.00851 0.12856449 0.02183251 0.00019999 
0.00951 0.13046055 0.02180388 0.00020769 
0.01051 0.13249947 0.02177585 0.00021609 
0.01151 0.13469415 0.02174838 0.00022528 
0.01251 0.13705924 0.02172143 0.00023536 
0.01351 0.13961139 0.02169499 0.00024643 
0.01451 0.14236969 0.02166900 0.00025862 
0.01552 0.14535604 0.02164342 0.00027209 
0.01652 0.14859570 0.02161821 0.00028702 
0.01752 0.15211800 0.02159330 0.00030361 
0.01852 0.15595716 0.02156864 0.00032212 
0.01952 0.16015334 0.02154414 0.00034285 
0.02052 0.16475404 0.02151972 0.00036619 
0.02152 0.16981582 0.02149526 0.00039257 
0.02252 0.17540666 0.02147065 0.00042257 
0.02352 0.18160897 0.02144572 0.00045689 
0.02452 0.18852379 0.02142027 0.00049641 
0.02553 0.19627644 0.02139405 0.00054227 
0.02653 0.20502453 0.02136675 0.00059595 
0.02753 0.21496944 0.02133795 0.00065941 
0.02853 0.22637328 0.02130707 0.00073530 
0.02953 0.23958475 0.02127336 0.00082726 
0.03053 0.25508019 0.02123573 0.00094051 
0.03153 0.27353171 0.02119256 0.00108268 
0.03253 0.29592720 0.02114138 0.00126553 
0.03353 0.32379755 0.02107816 0.00150812 
0.03453 0.35968907 0.02099582 0.00184366 
0.03554 0.40827584 0.02088055 0.00233623 
0.03654 0.47945365 0.02070134 0.00312851 
0.03754 0.59890141 0.02037336 0.00461193 
0.03854 0.84228669 0.01963740 0.00803719 
0.03954 1.26436450 0.01829889 0.01476212 
0.04054 1.71547929 0.01691401 0.02292991 
0.04154 2.17554886 0.01576186 0.03235291 
0.04254 2.73333824 0.01521803 0.04478358 
0.04354 3.47472436 0.01561789 0.06273500 
0.04454 4.25744312 0.01573400 0.08613018 
0.04555 5.04213753 0.01500379 0.11763188 
0.04655 5.87461438 0.01332301 0.16586587 
0.04755 6.80347338 0.01059040 0.25419260 
0.04855 7.71370097 0.00802002 0.41559073 
0.04955 8.34741228 0.00768306 0.58389255 
0.05055 8.88821488 0.00809176 0.73450162 
0.05155 9.39978487 0.00803690 0.91719338 
0.05255 9.61042833 0.00793071 1.10085227 
0.05355 9.59012458 0.00824857 1.23443478 
0.05455 9.48628657 0.00880633 1.33174836 
0.05556 9.35269168 0.00947469 1.40621318 
0.05656 9.20976942 0.01019141 1.46540328 
0.05756 9.06635443 0.01092508 1.51378263 
0.05856 8.92652709 0.01165900 1.55417108 
0.05956 8.79217284 0.01238405 1.58845414 
0.06056 8.66408450 0.01309530 1.61794973 
0.06156 8.54248686 0.01379016 1.64361199 
0.06256 8.42730444 0.01446749 1.66615146 
0.06356 8.31830497 0.01512695 1.68610979 
0.06456 8.21517889 0.01576872 1.70390802 
0.06557 8.11758422 0.01639329 1.71987896 
0.06657 8.02517198 0.01700130 1.73428949 
0.06757 7.93760051 0.01759350 1.74735634 
0.06857 7.85454323 0.01817068 1.75925750 
0.06957 7.77569246 0.01873364 1.77014058 
0.07057 7.70076104 0.01928317 1.78012911 
0.07157 7.62948248 0.01982002 1.78932727 
0.07257 7.56161042 0.02034493 1.79782361 
0.07357 7.49691759 0.02085860 1.80569386 
0.07457 7.43519460 0.02136169 1.81300321 
0.07558 7.37624865 0.02185483 1.81980807 
0.07658 7.31990221 0.02233861 1.82615753 
0.07758 7.26599173 0.02281358 1.83209449 
0.07858 7.21436651 0.02328027 1.83765664 
0.07958 7.16488753 0.02373917 1.84287721 
0.08058 7.11742647 0.02419075 1.84778561 
0.08158 7.07186473 0.02463542 1.85240798 
0.08258 7.02809261 0.02507362 1.85676764 
0.08358 6.98600853 0.02550571 1.86088541 
0.08458 6.94551830 0.02593206 1.86478002 
0.08559 6.90653450 0.02635302 1.86846830 
0.08659 6.86897592 0.02676890 1.87196542 
0.08759 6.83276700 0.02718001 1.87528514 
0.08859 6.79783736 0.02758664 1.87843990 
0.08959 6.76412141 0.02798906 1.88144104 
0.09059 6.73155793 0.02838753 1.88429887 
0.09159 6.70008969 0.02878228 1.88702283 
0.09259 6.66966322 0.02917355 1.88962151 
0.09359 6.64022840 0.02956157 1.89210283 
0.09459 6.61173831 0.02994653 1.89447403 
0.09560 6.58414891 0.03032863 1.89674180 
0.09660 6.55741884 0.03070807 1.89891227 
0.09760 6.53150925 0.03108503 1.90099113 
0.09860 6.50638357 0.03145967 1.90298362 
0.09960 6.48200740 0.03183216 1.90489461 
0.10060 6.45834828 0.03220265 1.90672858 
0.10160 6.43537564 0.03257130 1.90848973 
0.10260 6.41306060 0.03293825 1.91018193 
0.10360 6.39137589 0.03330363 1.91180882 
0.10460 6.37029570 0.03366758 1.91337376 
0.10561 6.34979566 0.03403023 1.91487990 
0.10661 6.32985267 0.03439168 1.91633019 
0.10761 6.31044482 0.03475207 1.91772736 
0.10861 6.29155139 0.03511150 1.91907400 
0.10961 6.27315267 0.03547009 1.92037251 
0.11061 6.25522998 0.03582793 1.92162517 
0.11161 6.23776556 0.03618513 1.92283410 
0.11261 6.22074252 0.03654179 1.92400130 
0.11361 6.20414482 0.03689799 1.92512865 
0.11461 6.18795716 0.03725383 1.92621792 
0.11562 6.17216499 0.03760941 1.92727078 
0.11662 6.15675444 0.03796480 1.92828881 
0.11762 6.14171229 0.03832009 1.92927349 
0.11862 6.12702592 0.03867536 1.93022623 
0.11962 6.11268329 0.03903068 1.93114836 
0.12062 6.09867291 0.03938615 1.93204113 
0.12162 6.08498378 0.03974182 1.93290574 
0.12262 6.07160541 0.04009777 1.93374331 
0.12362 6.05852776 0.04045408 1.93455492 
0.12462 6.04574121 0.04081082 1.93534158 
0.12563 6.03323656 0.04116804 1.93610425 
0.12663 6.02100501 0.04152583 1.93684386 
0.12763 6.00903812 0.04188423 1.93756126 
0.12863 5.99732778 0.04224333 1.93825730 
0.12963 5.98586625 0.04260318 1.93893276 
0.13063 5.97464609 0.04296383 1.93958840 
0.13163 5.96366014 0.04332536 1.94022492 
0.13263 5.95290155 0.04368783 1.94084302 
0.13363 5.94236373 0.04405128 1.94144334 
0.13463 5.93204035 0.04441579 1.94202651 
0.13564 5.92192534 0.04478140 1.94259312 
0.13664 5.91201283 0.04514818 1.94314374 
0.13764 5.90229720 0.04551617 1.94367891 
0.13864 5.89277305 0.04588544 1.94419915 
0.13964 5.88343515 0.04625604 1.94470496 
0.14064 5.87427849 0.04662802 1.94519681 
0.14164 5.86529824 0.04700144 1.94567517 
0.14264 5.85648974 0.04737636 1.94614046 
0.14364 5.84784850 0.04775281 1.94659310 
0.14464 5.83937021 0.04813087 1.94703351 
0.14565 5.83105068 0.04851057 1.94746205 
0.14665 5.82288590 0.04889198 1.94787911 
0.14765 5.81487198 0.04927514 1.94828503 
0.14865 5.80700518 0.04966011 1.94868016 
0.14965 5.79928187 0.05004694 1.94906482 
0.15065 5.79169858 0.05043568 1.94943934 
0.15165 5.78425191 0.05082638 1.94980401 
0.15265 5.77693862 0.05121909 1.95015912 
0.15365 5.76975556 0.05161387 1.95050496 
0.15465 5.76269968 0.05201078 1.95084179 
0.15566 5.75576804 0.05240985 1.95116988 
0.15666 5.74895780 0.05281114 1.95148948 
0.15766 5.74226619 0.05321472 1.95180082 
0.15866 5.73569057 0.05362062 1.95210415 
0.15966 5.72922836 0.05402890 1.95239967 
0.16066 5.72287706 0.05443962 1.95268762 
0.16166 5.71663427 0.05485284 1.95296820 
0.16266 5.71049764 0.05526859 1.95324161 
0.16366 5.70446492 0.05568694 1.95350805 
0.16466 5.69853392 0.05610795 1.95376769 
0.16567 5.69270251 0.05653167 1.95402074 
0.16667 5.68696866 0.05695815 1.95426735 
0.16767 5.68133036 0.05738746 1.95450771 
0.16867 5.67578568 0.05781964 1.95474197 
0.16967 5.67033278 0.05825476 1.95497029 
0.17067 5.66496982 0.05869288 1.95519283 
0.17167 5.65969507 0.05913406 1.95540973 
0.17267 5.65450681 0.05957834 1.95562114 
0.17367 5.64940342 0.06002581 1.95582719 
0.17467 5.64438328 0.06047651 1.95602803 
0.17568 5.63944485 0.06093051 1.95622377 
0.17668 5.63458663 0.06138788 1.95641456 
0.17768 5.62980718 0.06184867 1.95660050 
0.17868 5.62510507 0.06231296 1.95678172 
0.17968 5.62047895 0.06278080 1.95695833 
0.18068 5.61592749 0.06325227 1.95713045 
0.18168 5.61144942 0.06372744 1.95729818 
0.18268 5.60704348 0.06420637 1.95746162 
0.18368 5.60270847 0.06468913 1.95762088 
0.18468 5.59844323 0.06517580 1.95777606 
0.18569 5.59424664 0.06566646 1.95792725 
0.18669 5.59011758 0.06616116 1.95807455 
0.18769 5.58605502 0.06666000 1.95821804 
0.18869 5.58205792 0.06716305 1.95835781 
0.18969 5.57812528 0.06767038 1.95849394 
0.19069 5.57425616 0.06818209 1.95862653 
0.19169 5.57044963 0.06869824 1.95875564 
0.19269 5.56670478 0.06921893 1.95888137 
0.19369 5.56302076 0.06974424 1.95900377 
0.19469 5.55939673 0.07027425 1.95912293 
0.19570 5.55583188 0.07080906 1.95923892 
0.19670 5.55232544 0.07134876 1.95935180 
0.19770 5.54887666 0.07189345 1.95946165 
0.19870 5.54548482 0.07244320 1.95956852 
0.19970 5.54214923 0.07299814 1.95967249 
0.20070 5.53886922 0.07355835 1.95977361 
0.20170 5.53564415 0.07412394 1.95987195 
0.20270 5.53247342 0.07469501 1.95996757 
0.20370 5.52935644 0.07527167 1.96006051 
0.20470 5.52629265 0.07585402 1.96015084 
0.20571 5.52328153 0.07644220 1.96023861 
0.20671 5.52032257 0.07703630 1.96032387 
0.20771 5.51741530 0.07763645 1.96040667 
0.20871 5.51455925 0.07824276 1.96048707 
0.20971 5.51175401 0.07885538 1.96056511 
0.21071 5.50899918 0.07947441 1.96064084 
0.21171 5.50629439 0.08010000 1.96071430 
0.21271 5.50363930 0.08073228 1.96078554 
0.21371 5.50103358 0.08137139 1.96085460 
0.21471 5.49847695 0.08201748 1.96092153 
0.21572 5.49596914 0.08267069 1.96098636 
0.21672 5.49350993 0.08333117 1.96104913 
0.21772 5.49109912 0.08399908 1.96110989 
0.21872 5.48873651 0.08467458 1.96116867 
0.21972 5.48642199 0.08535784 1.96122550 
0.22072 5.48415542 0.08604903 1.96128043 
0.22172 5.48193674 0.08674832 1.96133349 
0.22272 5.47976589 0.08745590 1.96138470 
0.22372 5.47764285 0.08817196 1.96143411 
0.22472 5.47556766 0.08889669 1.96148175 
0.22573 5.47354036 0.08963029 1.96152764 
0.22673 5.47156106 0.09037298 1.96157182 
0.22773 5.46962988 0.09112495 1.96161431 
0.22873 5.46774699 0.09188645 1.96165515 
0.22973 5.46591263 0.09265769 1.96169435 
0.23073 5.46412705 0.09343892 1.96173196 
0.23173 5.46239055 0.09423038 1.96176798 
0.23273 5.46070349 0.09503234 1.96180245 
0.23373 5.45906628 0.09584505 1.96183539 
0.23473 5.45747939 0.09666879 1.96186683 
0.23574 5.45594334 0.09750385 1.96189678 
0.23674 5.45445869 0.09835054 1.96192527 
0.23774 5.45302610 0.09920915 1.96195231 
0.23874 5.45164629 0.10008002 1.96197793 
0.23974 5.45032002 0.10096348 1.96200215 
0.24074 5.44904817 0.10185988 1.96202498 
0.24174 5.44783168 0.10276959 1.96204645 
0.24274 5.44667158 0.10369299 1.96206656 
0.24374 5.44556899 0.10463048 1.96208534 
0.24474 5.44452515 0.10558249 1.96210279 
0.24575 5.44354137 0.10654944 1.96211894 
0.24675 5.44261911 0.10753179 1.96213379 
0.24775 5.44175995 0.10853003 1.96214737 
0.24875 5.44096560 0.10954467 1.96215967 
0.24975 5.44023790 0.11057622 1.96217071 
0.25075 5.43957887 0.11162525 1.96218050 
0.25175 5.43899070 0.11269235 1.96218904 
0.25275 5.43847575 0.11377813 1.96219636 
0.25375 5.43803659 0.11488324 1.96220244 
0.25475 5.43767601 0.11600838 1.96220730 
0.25576 5.43739704 0.11715426 1.96221094 
0.25676 5.43720298 0.11832167 1.96221337 
0.25776 5.43709741 0.11951142 1.96221458 
0.25876 5.43708422 0.12072437 1.96221458 
0.25976 5.43716765 0.12196144 1.96221336 
0.26076 5.43735233 0.12322363 1.96221093 
0.26176 5.43764332 0.12451196 1.96220728 
0.26276 5.43804611 0.12582757 1.96220240 
0.26376 5.43856676 0.12717164 1.96219629 
0.26476 5.43921185 0.12854546 1.96218893 
0.26577 5.43998866 0.12995039 1.96218032 
0.26677 5.44090513 0.13138791 1.96217045 
0.26777 5.44197005 0.13285962 1.96215929 
0.26877 5.44319307 0.13436724 1.96214683 
0.26977 5.44458487 0.13591261 1.96213305 
0.27077 5.44615729 0.13749777 1.96211792 
0.27177 5.44792343 0.13912489 1.96210142 
0.27277 5.44989787 0.14079638 1.96208351 
0.27377 5.45209688 0.14251483 1.96206416 
0.27477 5.45453863 0.14428311 1.96204333 
0.27578 5.45724348 0.14610437 1.96202098 
0.27678 5.46023434 0.14798206 1.96199705 
0.27778 5.46353701 0.14992002 1.96197148 
0.27878 5.46718073 0.15192251 1.96194422 
0.27978 5.47119868 0.15399426 1.96191520 
0.28078 5.47562870 0.15614058 1.96188432 
0.28178 5.48051413 0.15836742 1.96185151 
0.28278 5.48590480 0.16068150 1.96181666 
0.28378 5.49185832 0.16309043 1.96177965 
0.28478 5.49844162 0.16560290 1.96174036 
0.28579 5.50573290 0.16822886 1.96169864 
0.28679 5.51382412 0.17097979 1.96165433 
0.28779 5.52282417 0.17386900 1.96160723 
0.28879 5.53286287 0.17691210 1.96155714 
0.28979 5.54409634 0.18012743 1.96150381 
0.29079 5.55671403 0.18353685 1.96144697 
0.29179 5.57094811 0.18716659 1.96138630 
0.29279 5.58708639 0.19104849 1.96132144 
0.29379 5.60549020 0.19522169 1.96125199 
0.29479 5.62661981 0.19973500 1.96117748 
0.29580 5.65107137 0.20465021 1.96109739 
0.29680 5.67963210 0.21004706 1.96101116 
0.29780 5.71336552 0.21603076 1.96091821 
0.29880 5.75374796 0.22274373 1.96081795 
0.29980 5.80289773 0.23038507 1.96071000 
0.30080 5.86398155 0.23924436 1.96059441 
0.30180 5.94198711 0.24976454 1.96047246 
0.30280 6.04532731 0.26266985 1.96034847 
0.30380 6.18957816 0.27925700 1.96023499 
0.30480 6.40763293 0.30216647 1.96016948 
0.30581 6.78316386 0.33784971 1.96028068 
0.30681 7.56609907 0.40469815 1.96109673 
0.30781 9.04878047 0.52253342 1.96382760 
0.30881 10.63260737 0.64808689 1.96799627 
0.30981 12.03527579 0.76291615 1.97302504 
0.31081 13.32141853 0.87238432 1.97927465 
0.31181 14.55463660 0.98149085 1.98748449 
0.31281 15.78319449 1.09425882 1.99896339 
0.31381 17.05189298 1.21476695 2.01633936 
0.31481 18.40935742 1.34782907 2.04584616 
0.31582 19.87267558 1.49574848 2.10511236 
0.31682 21.03880037 1.62049516 2.22710300 
0.31782 21.19700291 1.65069947 2.36157026 
0.31882 20.86223713 1.63309795 2.45645637 
0.31982 20.40869121 1.60344909 2.52352532 
0.32082 19.93740232 1.57154134 2.57371866 
0.32182 19.47856856 1.54034693 2.61297302 
0.32282 19.04192992 1.51085954 2.64466605 
0.32382 18.63012468 1.48338205 2.67086838 
0.32482 18.24305104 1.45794783 2.69293084 
0.32583 17.87952171 1.43448104 2.71177904 
0.32683 17.53795495 1.41286373 2.72807239 
0.32783 17.21667905 1.39296582 2.74229571 
0.32883 16.91406810 1.37465857 2.75481482 
0.32983 16.62859983 1.35782058 2.76591180 
0.33083 16.35887635 1.34234013 2.77580817 
0.33183 16.10362691 1.32811575 2.78468071 
0.33283 15.86170237 1.31505597 2.79267243 
0.33383 15.63206591 1.30307861 2.79990041 
0.33483 15.41378269 1.29211004 2.80646157 
0.33584 15.20600941 1.28208427 2.81243689 
0.33684 15.00798450 1.27294223 2.81789461 
0.33784 14.81901917 1.26463097 2.82289270 
0.33884 14.63848932 1.25710305 2.82748073 
0.33984 14.46582842 1.25031591 2.83170138 
0.34084 14.30052112 1.24423135 2.83559162 
0.34184 14.14209770 1.23881511 2.83918360 
0.34284 13.99012916 1.23403640 2.84250547 
0.34384 13.84422288 1.22986759 2.84558200 
0.34484 13.70401886 1.22628391 2.84843500 
0.34585 13.56918632 1.22326313 2.85108385 
0.34685 13.43942082 1.22078536 2.85354577 
0.34785 13.31444161 1.21883282 2.85583613 
0.34885 13.19398935 1.21738967 2.85796870 
0.34985 13.07782405 1.21644184 2.85995584 
0.35085 12.96572329 1.21597691 2.86180870 
0.35185 12.85748058 1.21598393 2.86353735 
0.35285 12.75290395 1.21645339 2.86515090 
0.35385 12.65181465 1.21737706 2.86665762 
0.35485 12.55404601 1.21874792 2.86806505 
0.35586 12.45944240 1.22056012 2.86938004 
0.35686 12.36785834 1.22280890 2.87060887 
0.35786 12.27915762 1.22549049 2.87175727 
0.35886 12.19321260 1.22860214 2.87283051 
0.35986 12.10990351 1.23214204 2.87383341 
0.36086 12.02911783 1.23610925 2.87477042 
0.36186 11.95074975 1.24050377 2.87564563 
0.36286 11.87469968 1.24532640 2.87646282 
0.36386 11.80087375 1.25057883 2.87722548 
0.36486 11.72918344 1.25626354 2.87793682 
0.36587 11.65954518 1.26238385 2.87859983 
0.36687 11.59188001 1.26894390 2.87921728 
0.36787 11.52611325 1.27594863 2.87979172 
0.36887 11.46217422 1.28340382 2.88032553 
0.36987 11.39999599 1.29131606 2.88082093 
0.37087 11.33951512 1.29969279 2.88127995 
0.37187 11.28067142 1.30854231 2.88170451 
0.37287 11.22340780 1.31787379 2.88209638 
0.37387 11.16767000 1.32769730 2.88245719 
0.37487 11.11340650 1.33802385 2.88278849 
0.37588 11.06056831 1.34886538 2.88309169 
0.37688 11.00910882 1.36023487 2.88336811 
0.37788 10.95898369 1.37214629 2.88361897 
0.37888 10.91015070 1.38461474 2.88384542 
0.37988 10.86256966 1.39765642 2.88404849 
0.38088 10.81620226 1.41128874 2.88422915 
0.38188 10.77101202 1.42553035 2.88438831 
0.38288 10.72696417 1.44040124 2.88452678 
0.38388 10.68402555 1.45592276 2.88464531 
0.38488 10.64216458 1.47211779 2.88474458 
0.38589 10.60135113 1.48901074 2.88482521 
0.38689 10.56155650 1.50662771 2.88488775 
0.38789 10.52275332 1.52499656 2.88493271 
0.38889 10.48491554 1.54414706 2.88496050 
0.38989 10.44801833 1.56411101 2.88497151 
0.39089 10.41203804 1.58492235 2.88496603 
0.39189 10.37695220 1.60661736 2.88494433 
0.39289 10.34273943 1.62923482 2.88490659 
0.39389 10.30937943 1.65281616 2.88485295 
0.39489 10.27685293 1.67740573 2.88478347 
0.39590 10.24514168 1.70305094 2.88469815 
0.39690 10.21422843 1.72980258 2.88459693 
0.39790 10.18409689 1.75771506 2.88447967 
0.39890 10.15473170 1.78684670 2.88434616 
0.39990 10.12611847 1.81726005 2.88419612 
0.40090 10.09824371 1.84902230 2.88402918 
0.40190 10.07109485 1.88220561 2.88384488 
0.40290 10.04466025 1.91688759 2.88364268 
0.40390 10.01892917 1.95315179 2.88342192 
0.40490 9.99389179 1.99108822 2.88318184 
0.40591 9.96953922 2.03079394 2.88292156 
0.40691 9.94586352 2.07237376 2.88264007 
0.40791 9.92285768 2.11594094 2.88233621 
0.40891 9.90051570 2.16161803 2.88200866 
0.40991 9.87883258 2.20953779 2.88165594 
0.41091 9.85780436 2.25984420 2.88127637 
0.41191 9.83742816 2.31269362 2.88086804 
0.41291 9.81770225 2.36825607 2.88042882 
0.41391 9.79862608 2.42671666 2.87995630 
0.41491 9.78020033 2.48827725 2.87944777 
0.41592 9.76242705 2.55315821 2.87890018 
0.41692 9.74530968 2.62160055 2.87831011 
0.41792 9.72885316 2.69386822 2.87767368 
0.41892 9.71306407 2.77025072 2.87698655 
0.41992 9.69795075 2.85106613 2.87624382 
0.42092 9.68352342 2.93666451 2.87543994 
0.42192 9.66979436 3.02743172 2.87456866 
0.42292 9.65677811 3.12379390 2.87362289 
0.42392 9.64449166 3.22622243 2.87259461 
0.42492 9.63295471 3.33523978 2.87147470 
0.42593 9.62218993 3.45142604 2.87025280 
0.42693 9.61222331 3.57542658 2.86891709 
0.42793 9.60308446 3.70796071 2.86745411 
0.42893 9.59480705 3.84983180 2.86584842 
0.42993 9.58742927 4.00193880 2.86408236 
0.43093 9.58099434 4.16528969 2.86213561 
0.43193 9.57555109 4.34101692 2.85998481 
0.43293 9.57115468 4.53039525 2.85760298 
0.43393 9.56786728 4.73486250 2.85495892 
0.43493 9.56575899 4.95604340 2.85201646 
0.43594 9.56490876 5.19577721 2.84873355 
0.43694 9.56540542 5.45614951 2.84506124 
0.43794 9.56734891 5.73952872 2.84094237 
0.43894 9.57085146 6.04860783 2.83631004 
0.43994 9.57603899 6.38645172 2.83108584 
0.44094 9.58305242 6.75655029 2.82517767 
0.44194 9.59204904 7.16287706 2.81847717 
0.44294 9.60320365 7.60995244 2.81085671 
0.44394 9.61670933 8.10290939 2.80216587 
0.44494 9.63277766 8.64755752 2.79222737 
0.44595 9.65163768 9.25043849 2.78083254 
0.44695 9.67353317 9.91886122 2.76773629 
0.44795 9.69871702 10.66089798 2.75265197 
0.44895 9.72744152 11.48531282 2.73524657 
0.44995 9.75994225 12.40137898 2.71513709 
0.45095 9.79641323 13.41852229 2.69188968 
0.45195 9.83696961 14.54570303 2.66502383 
0.45295 9.88159402 15.79042058 2.63402527 
0.45395 9.93006245 17.15720202 2.59837275 
0.45495 9.98184713 18.64543257 2.55758520 
0.45596 10.03599781 20.24643529 2.51129694 
0.45696 10.09101195 21.93985722 2.45936711 
0.45796 10.14471914 23.68972978 2.40202378 
0.45896 10.19422569 25.44107654 2.34003026 
0.45996 10.23598530 27.11857140 2.27483952 
0.46096 10.26606652 28.62921972 2.20867666 
0.46196 10.28065508 29.87080427 2.14447323 
0.46296 10.27674472 30.74634070 2.08559301 
0.46396 10.25285238 31.18203708 2.03535430 
0.46496 10.20950885 31.14345785 1.99645316 
0.46597 10.14930618 30.64383520 1.97047023 
0.46697 10.07644847 29.74104325 1.95763563 
0.46797 9.99596414 28.52451445 1.95692055 
0.46897 9.91286106 27.09732458 1.96638679 
0.46997 9.83147438 25.55950541 1.98364149 
0.47097 9.75512252 23.99657292 2.00624933 
0.47197 9.68604964 22.47424586 2.03201846 
0.47297 9.62555828 21.03814799 2.05914583 
0.47397 9.57422745 19.71649216 2.08625125 
0.47497 9.53213974 18.52395666 2.11234271 
0.47598 9.49907608 17.46557481 2.13674972 
0.47698 9.47466459 16.54004832 2.15904973 
0.47798 9.45848478 15.74230217 2.17900072 
0.47898 9.45013587 15.06532045 2.19648566 
0.47998 9.44927853 14.50139304 2.21146955 
0.48098 9.45565875 14.04292007 2.22396759 
0.48198 9.46912028 13.68290373 2.23402259 
0.48298 9.48961032 13.41522969 2.24168919 
0.48398 9.51718144 13.23481290 2.24702329 
0.48498 9.55199183 13.13766018 2.25007514 
0.48599 9.59430481 13.12088454 2.25088509 
0.48699 9.64448813 13.18269380 2.24948117 
0.48799 9.70301294 13.32236690 2.24587816 
0.48899 9.77045214 13.54022509 2.24007769 
0.48999 9.84747697 13.83760015 2.23206933 
0.49099 9.93485071 14.21679790 2.22183281 
0.49199 10.03341721 14.68105162 2.20934128 
0.49299 10.14408153 15.23445612 2.19456608 
0.49399 10.26777885 15.88186908 2.17748333 
0.49499 10.40542662 16.62876153 2.15808276 
0.49600 10.55785374 17.48099470 2.13637943 
0.49700 10.72569938 18.44449628 2.11242856 
0.49800 10.90927410 19.52480820 2.08634392 
0.49900 11.10837675 20.72648326 2.05831929 
0.50000 11.32206582 22.05232544 2.02865168 
