-0.50000 5.11635063 34.40979366 1.40186194 
-0.49900 5.15271691 40.76627584 1.29471110 
-0.49800 5.19712100 47.34544068 1.18311689 
-0.49700 5.24598042 53.07986037 1.08482128 
-0.49600 5.29167078 56.53476880 1.02395778 
-0.49499 5.32479608 56.59166603 1.01969159 
-0.49399 5.33932688 53.22380430 1.07307193 
-0.49299 5.33588550 47.51850887 1.16633423 
-0.49199 5.31994770 40.91795927 1.27544300 
-0.49099 5.29780735 34.51457494 1.38197341 
-0.48999 5.27410682 28.86277824 1.47642713 
-0.48899 5.25146280 24.12038102 1.55596866 
-0.48799 5.23102460 20.23965848 1.62125796 
-0.48699 5.21310403 17.09623978 1.67428797 
-0.48599 5.19760796 14.55404804 1.71728346 
-0.48498 5.18428126 12.49130382 1.75225290 
-0.48398 5.17282767 10.80761816 1.78086076 
-0.48298 5.16296357 9.42331904 1.80443291 
-0.48198 5.15443817 8.27625023 1.82400676 
-0.48098 5.14703801 7.31821754 1.84038863 
-0.47998 5.14058486 6.51185340 1.85420498 
-0.47898 5.13493119 5.82808409 1.86594414 
-0.47798 5.12995531 5.24416535 1.87598875 
-0.47698 5.12555679 4.74218786 1.88464059 
-0.47598 5.12165259 4.30794949 1.89213932 
-0.47497 5.11817375 3.93010588 1.89867664 
-0.47397 5.11506284 3.59952945 1.90440698 
-0.47297 5.11227174 3.30882390 1.90945564 
-0.47197 5.10975996 3.05195436 1.91392499 
-0.47097 5.10749329 2.82396403 1.91789920 
-0.46997 5.10544263 2.62075573 1.92144794 
-0.46897 5.10358318 2.43892217 1.92462918 
-0.46797 5.10189362 2.27561345 1.92749150 
-0.46697 5.10035564 2.12843276 1.93007578 
-0.46597 5.09895335 1.99535376 1.93241661 
-0.46496 5.09767297 1.87465487 1.93454342 
-0.46396 5.09650249 1.76486651 1.93648135 
-0.46296 5.09543137 1.66472856 1.93825200 
-0.46196 5.09445036 1.57315595 1.93987395 
-0.46096 5.09355132 1.48921054 1.94136331 
-0.45996 5.09272703 1.41207805 1.94273407 
-0.45896 5.09197108 1.34104919 1.94399842 
-0.45796 5.09127778 1.27550388 1.94516702 
-0.45696 5.09064203 1.21489829 1.94624926 
-0.45596 5.09005929 1.15875388 1.94725338 
-0.45495 5.08952547 1.10664834 1.94818666 
-0.45395 5.08903688 1.05820784 1.94905556 
-0.45295 5.08859021 1.01310059 1.94986582 
-0.45195 5.08818246 0.97103129 1.95062255 
-0.45095 5.08781091 0.93173649 1.95133030 
-0.44995 5.08747308 0.89498053 1.95199317 
-0.44895 5.08716674 0.86055215 1.95261481 
-0.44795 5.08688982 0.82826152 1.95319852 
-0.44695 5.08664047 0.79793770 1.95374727 
-0.44595 5.08641696 0.76942643 1.95426374 
-0.44494 5.08621772 0.74258825 1.95475036 
-0.44394 5.08604132 0.71729681 1.95520932 
-0.44294 5.08588642 0.69343744 1.95564263 
-0.44194 5.08575181 0.67090587 1.95605210 
-0.44094 5.08563634 0.64960714 1.95643938 
-0.43994 5.08553899 0.62945460 1.95680599 
-0.43894 5.08545878 0.61036911 1.95715331 
-0.43794 5.08539482 0.59227819 1.95748261 
-0.43694 5.08534629 0.57511544 1.95779505 
-0.43594 5.08531240 0.55881990 1.95809170 
-0.43493 5.08529245 0.54333554 1.95837352 
-0.43393 5.08528576 0.52861078 1.95864144 
-0.43293 5.08529172 0.51459809 1.95889627 
-0.43193 5.08530974 0.50125360 1.95913879 
-0.43093 5.08533928 0.48853678 1.95936971 
-0.42993 5.08537984 0.47641014 1.95958968 
-0.42893 5.08543093 0.46483894 1.95979931 
-0.42793 5.08549212 0.45379099 1.95999918 
-0.42693 5.08556297 0.44323641 1.96018979 
-0.42593 5.08564312 0.43314742 1.96037164 
-0.42492 5.08573218 0.42349819 1.96054519 
-0.42392 5.08582981 0.41426468 1.96071084 
-0.42292 5.08593568 0.40542446 1.96086900 
-0.42192 5.08604949 0.39695663 1.96102003 
-0.42092 5.08617094 0.38884167 1.96116427 
-0.41992 5.08629978 0.38106132 1.96130205 
-0.41892 5.08643573 0.37359852 1.96143365 
-0.41792 5.08657856 0.36643730 1.96155936 
-0.41692 5.08672804 0.35956268 1.96167944 
-0.41592 5.08688395 0.35296063 1.96179414 
-0.41491 5.08704608 0.34661797 1.96190368 
-0.41391 5.08721425 0.34052234 1.96200828 
-0.41291 5.08738826 0.33466211 1.96210815 
-0.41191 5.08756796 0.32902635 1.96220346 
-0.41091 5.08775316 0.32360477 1.96229440 
-0.40991 5.08794372 0.31838767 1.96238114 
-0.40891 5.08813949 0.31336593 1.96246384 
-0.40791 5.08834032 0.30853093 1.96254263 
-0.40691 5.08854610 0.30387455 1.96261767 
-0.40591 5.08875668 0.29938912 1.96268908 
-0.40490 5.08897195 0.29506739 1.96275699 
-0.40390 5.08919180 0.29090251 1.96282151 
-0.40290 5.08941611 0.28688801 1.96288275 
-0.40190 5.08964480 0.28301774 1.96294082 
-0.40090 5.08987776 0.27928591 1.96299581 
-0.39990 5.09011489 0.27568701 1.96304782 
-0.39890 5.09035612 0.27221584 1.96309693 
-0.39790 5.09060135 0.26886746 1.96314322 
-0.39690 5.09085052 0.26563717 1.96318678 
-0.39590 5.09110355 0.26252054 1.96322767 
-0.39489 5.09136036 0.25951333 1.96326597 
-0.39389 5.09162089 0.25661154 1.96330173 
-0.39289 5.09188508 0.25381135 1.96333502 
-0.39189 5.09215287 0.25110914 1.96336590 
-0.39089 5.09242420 0.24850147 1.96339443 
-0.38989 5.09269902 0.24598506 1.96342064 
-0.38889 5.09297728 0.24355678 1.96344459 
-0.38789 5.09325893 0.24121368 1.96346633 
-0.38689 5.09354393 0.23895291 1.96348590 
-0.38589 5.09383224 0.23677180 1.96350334 
-0.38488 5.09412381 0.23466777 1.96351869 
-0.38388 5.09441861 0.23263839 1.96353197 
-0.38288 5.09471661 0.23068131 1.96354324 
-0.38188 5.09501778 0.22879432 1.96355251 
-0.38088 5.09532208 0.22697530 1.96355981 
-0.37988 5.09562950 0.22522223 1.96356518 
-0.37888 5.09593999 0.22353318 1.96356864 
-0.37788 5.09625355 0.22190632 1.96357021 
-0.37688 5.09657015 0.22033989 1.96356991 
-0.37588 5.09688977 0.21883221 1.96356777 
-0.37487 5.09721240 0.21738169 1.96356380 
-0.37387 5.09753802 0.21598680 1.96355802 
-0.37287 5.09786661 0.21464610 1.96355045 
-0.37187 5.09819818 0.21335818 1.96354110 
-0.37087 5.09853270 0.21212173 1.96352998 
-0.36987 5.09887017 0.21093548 1.96351711 
-0.36887 5.09921059 0.20979822 1.96350250 
-0.36787 5.09955395 0.20870882 1.96348616 
-0.36687 5.09990025 0.20766615 1.96346809 
-0.36587 5.10024949 0.20666919 1.96344830 
-0.36486 5.10060166 0.20571694 1.96342680 
-0.36386 5.10095678 0.20480844 1.96340359 
-0.36286 5.10131485 0.20394279 1.96337869 
-0.36186 5.10167587 0.20311912 1.96335208 
-0.36086 5.10203985 0.20233663 1.96332378 
-0.35986 5.10240680 0.20159452 1.96329378 
-0.35886 5.10277673 0.20089206 1.96326208 
-0.35786 5.10314966 0.20022854 1.96322869 
-0.35686 5.10352559 0.19960329 1.96319360 
-0.35586 5.10390455 0.19901569 1.96315681 
-0.35485 5.10428655 0.19846513 1.96311832 
-0.35385 5.10467161 0.19795105 1.96307812 
-0.35285 5.10505975 0.19747290 1.96303621 
-0.35185 5.10545100 0.19703020 1.96299258 
-0.35085 5.10584537 0.19662245 1.96294723 
-0.34985 5.10624289 0.19624922 1.96290015 
-0.34885 5.10664360 0.19591008 1.96285132 
-0.34785 5.10704751 0.19560466 1.96280075 
-0.34685 5.10745466 0.19533257 1.96274842 
-0.34585 5.10786509 0.19509348 1.96269432 
-0.34484 5.10827882 0.19488709 1.96263844 
-0.34384 5.10869589 0.19471309 1.96258077 
-0.34284 5.10911634 0.19457124 1.96252130 
-0.34184 5.10954021 0.19446128 1.96246001 
-0.34084 5.10996753 0.19438300 1.96239689 
-0.33984 5.11039836 0.19433621 1.96233193 
-0.33884 5.11083273 0.19432074 1.96226510 
-0.33784 5.11127070 0.19433643 1.96219639 
-0.33684 5.11171230 0.19438316 1.96212579 
-0.33584 5.11215760 0.19446083 1.96205327 
-0.33483 5.11260664 0.19456935 1.96197883 
-0.33383 5.11305947 0.19470865 1.96190243 
-0.33283 5.11351616 0.19487871 1.96182406 
-0.33183 5.11397676 0.19507949 1.96174371 
-0.33083 5.11444133 0.19531100 1.96166133 
-0.32983 5.11490994 0.19557327 1.96157692 
-0.32883 5.11538264 0.19586632 1.96149045 
-0.32783 5.11585951 0.19619023 1.96140190 
-0.32683 5.11634062 0.19654509 1.96131124 
-0.32583 5.11682603 0.19693099 1.96121845 
-0.32482 5.11731582 0.19734806 1.96112349 
-0.32382 5.11781006 0.19779646 1.96102635 
-0.32282 5.11830884 0.19827634 1.96092699 
-0.32182 5.11881223 0.19878791 1.96082538 
-0.32082 5.11932032 0.19933137 1.96072150 
-0.31982 5.11983320 0.19990695 1.96061531 
-0.31882 5.12035095 0.20051492 1.96050678 
-0.31782 5.12087366 0.20115555 1.96039588 
-0.31682 5.12140144 0.20182915 1.96028258 
-0.31582 5.12193437 0.20253603 1.96016683 
-0.31481 5.12247255 0.20327655 1.96004860 
-0.31381 5.12301610 0.20405109 1.95992786 
-0.31281 5.12356511 0.20486003 1.95980457 
-0.31181 5.12411970 0.20570381 1.95967869 
-0.31081 5.12467997 0.20658287 1.95955017 
-0.30981 5.12524605 0.20749768 1.95941898 
-0.30881 5.12581805 0.20844875 1.95928507 
-0.30781 5.12639609 0.20943662 1.95914840 
-0.30681 5.12698031 0.21046182 1.95900893 
-0.30581 5.12757083 0.21152497 1.95886660 
-0.30480 5.12816778 0.21262666 1.95872138 
-0.30380 5.12877131 0.21376756 1.95857320 
-0.30280 5.12938155 0.21494834 1.95842202 
-0.30180 5.12999865 0.21616972 1.95826779 
-0.30080 5.13062276 0.21743245 1.95811045 
-0.29980 5.13125403 0.21873730 1.95794995 
-0.29880 5.13189263 0.22008511 1.95778624 
-0.29780 5.13253871 0.22147672 1.95761924 
-0.29680 5.13319244 0.22291303 1.95744891 
-0.29580 5.13385400 0.22439499 1.95727518 
-0.29479 5.13452356 0.22592358 1.95709798 
-0.29379 5.13520130 0.22749980 1.95691726 
-0.29279 5.13588742 0.22912475 1.95673294 
-0.29179 5.13658210 0.23079952 1.95654495 
-0.29079 5.13728554 0.23252529 1.95635323 
-0.28979 5.13799796 0.23430328 1.95615769 
-0.28879 5.13871955 0.23613475 1.95595827 
-0.28779 5.13945053 0.23802103 1.95575488 
-0.28679 5.14019114 0.23996350 1.95554744 
-0.28579 5.14094159 0.24196361 1.95533588 
-0.28478 5.14170212 0.24402287 1.95512009 
-0.28378 5.14247297 0.24614284 1.95490000 
-0.28278 5.14325440 0.24832517 1.95467552 
-0.28178 5.14404666 0.25057157 1.95444654 
-0.28078 5.14485001 0.25288384 1.95421298 
-0.27978 5.14566473 0.25526384 1.95397472 
-0.27878 5.14649110 0.25771353 1.95373168 
-0.27778 5.14732940 0.26023494 1.95348373 
-0.27678 5.14817993 0.26283020 1.95323078 
-0.27578 5.14904301 0.26550154 1.95297270 
-0.27477 5.14991894 0.26825128 1.95270938 
-0.27377 5.15080804 0.27108186 1.95244069 
-0.27277 5.15171066 0.27399581 1.95216651 
-0.27177 5.15262714 0.27699580 1.95188671 
-0.27077 5.15355783 0.28008461 1.95160116 
-0.26977 5.15450310 0.28326514 1.95130970 
-0.26877 5.15546333 0.28654044 1.95101221 
-0.26777 5.15643890 0.28991370 1.95070852 
-0.26677 5.15743022 0.29338827 1.95039848 
-0.26577 5.15843771 0.29696764 1.95008194 
-0.26476 5.15946178 0.30065549 1.94975871 
-0.26376 5.16050288 0.30445565 1.94942864 
-0.26276 5.16156147 0.30837217 1.94909154 
-0.26176 5.16263802 0.31240927 1.94874722 
-0.26076 5.16373300 0.31657141 1.94839549 
-0.25976 5.16484693 0.32086325 1.94803614 
-0.25876 5.16598032 0.32528970 1.94766897 
-0.25776 5.16713370 0.32985590 1.94729376 
-0.25676 5.16830763 0.33456729 1.94691029 
-0.25576 5.16950268 0.33942955 1.94651831 
-0.25475 5.17071945 0.34444870 1.94611757 
-0.25375 5.17195853 0.34963106 1.94570784 
-0.25275 5.17322057 0.35498328 1.94528883 
-0.25175 5.17450623 0.36051238 1.94486026 
-0.25075 5.17581617 0.36622577 1.94442186 
-0.24975 5.17715111 0.37213126 1.94397330 
-0.24875 5.17851177 0.37823710 1.94351429 
-0.24775 5.17989891 0.38455200 1.94304448 
-0.24675 5.18131331 0.39108519 1.94256353 
-0.24575 5.18275579 0.39784641 1.94207107 
-0.24474 5.18422718 0.40484597 1.94156674 
-0.24374 5.18572837 0.41209480 1.94105012 
-0.24274 5.18726027 0.41960448 1.94052080 
-0.24174 5.18882381 0.42738729 1.93997835 
-0.24074 5.19042000 0.43545626 1.93942230 
-0.23974 5.19204984 0.44382522 1.93885217 
-0.23874 5.19371441 0.45250890 1.93826746 
-0.23774 5.19541482 0.46152292 1.93766763 
-0.23674 5.19715222 0.47088395 1.93705213 
-0.23574 5.19892783 0.48060972 1.93642034 
-0.23473 5.20074290 0.49071913 1.93577167 
-0.23373 5.20259875 0.50123236 1.93510543 
-0.23273 5.20449675 0.51217096 1.93442095 
-0.23173 5.20643835 0.52355795 1.93371748 
-0.23073 5.20842504 0.53541797 1.93299424 
-0.22973 5.21045842 0.54777739 1.93225041 
-0.22873 5.21254012 0.56066448 1.93148512 
-0.22773 5.21467190 0.57410957 1.93069743 
-0.22673 5.21685556 0.58814523 1.92988636 
-0.22573 5.21909304 0.60280647 1.92905087 
-0.22472 5.22138635 0.61813098 1.92818984 
-0.22372 5.22373761 0.63415935 1.92730207 
-0.22272 5.22614907 0.65093536 1.92638630 
-0.22172 5.22862310 0.66850629 1.92544118 
-0.22072 5.23116220 0.68692325 1.92446525 
-0.21972 5.23376903 0.70624158 1.92345696 
-0.21872 5.23644640 0.72652124 1.92241466 
-0.21772 5.23919730 0.74782731 1.92133654 
-0.21672 5.24202491 0.77023052 1.92022069 
-0.21572 5.24493260 0.79380783 1.91906504 
-0.21471 5.24792398 0.81864313 1.91786736 
-0.21371 5.25100292 0.84482797 1.91662524 
-0.21271 5.25417355 0.87246246 1.91533608 
-0.21171 5.25744028 0.90165616 1.91399704 
-0.21071 5.26080788 0.93252929 1.91260507 
-0.20971 5.26428148 0.96521390 1.91115684 
-0.20871 5.26786661 0.99985531 1.90964870 
-0.20771 5.27156925 1.03661380 1.90807671 
-0.20671 5.27539589 1.07566640 1.90643653 
-0.20571 5.27935359 1.11720911 1.90472341 
-0.20470 5.28345003 1.16145933 1.90293215 
-0.20370 5.28769362 1.20865873 1.90105701 
-0.20270 5.29209355 1.25907660 1.89909166 
-0.20170 5.29665995 1.31301362 1.89702911 
-0.20070 5.30140396 1.37080643 1.89486161 
-0.19970 5.30633794 1.43283284 1.89258055 
-0.19870 5.31147557 1.49951797 1.89017634 
-0.19770 5.31683210 1.57134152 1.88763824 
-0.19670 5.32242456 1.64884632 1.88495425 
-0.19570 5.32827209 1.73264851 1.88211087 
-0.19469 5.33439622 1.82344959 1.87909286 
-0.19369 5.34082130 1.92205092 1.87588300 
-0.19269 5.34757501 2.02937107 1.87246173 
-0.19169 5.35468892 2.14646673 1.86880678 
-0.19069 5.36219920 2.27455813 1.86489267 
-0.18969 5.37014754 2.41505987 1.86069014 
-0.18869 5.37858217 2.56961869 1.85616547 
-0.18769 5.38755922 2.74015998 1.85127959 
-0.18669 5.39714439 2.92894508 1.84598710 
-0.18569 5.40741493 3.13864270 1.84023491 
-0.18468 5.41846229 3.37241801 1.83396070 
-0.18368 5.43039535 3.63404468 1.82709089 
-0.18268 5.44334458 3.92804638 1.81953821 
-0.18168 5.45746732 4.25987678 1.81119850 
-0.18068 5.47295463 4.63614933 1.80194684 
-0.17968 5.49004006 5.06493258 1.79163247 
-0.17868 5.50901119 5.55613119 1.78007247 
-0.17768 5.53022458 6.12197919 1.76704358 
-0.17668 5.55412546 6.77768007 1.75227188 
-0.17568 5.58127356 7.54223674 1.73541963 
-0.17467 5.61237691 8.43952271 1.71606881 
-0.17367 5.64833587 9.49964858 1.69370078 
-0.17267 5.69029934 10.76066429 1.66767228 
-0.17167 5.73973419 12.27058163 1.63718936 
-0.17067 5.79850516 14.08954781 1.60128386 
-0.16967 5.86895266 16.29163287 1.55880511 
-0.16867 5.95393345 18.96488524 1.50845383 
-0.16767 6.05674097 22.20666326 1.44891452 
-0.16667 6.18073020 26.10823780 1.37919166 
-0.16567 6.32832510 30.71816860 1.29931958 
-0.16466 6.49894463 35.97047482 1.21164091 
-0.16366 6.68554146 41.57158265 1.12264223 
-0.16266 6.87061794 46.88231393 1.04453818 
-0.16166 7.02530030 50.91954801 0.99436995 
-0.16066 7.11695985 52.64788117 0.98809757 
-0.15966 7.12540083 51.52382755 1.03133870 
-0.15866 7.05537511 47.85972880 1.11468866 
-0.15766 6.93259846 42.61840041 1.21911728 
-0.15666 6.78805463 36.86029598 1.32604723 
-0.15566 6.64542918 31.34558085 1.42347254 
-0.15465 6.51779388 26.45891919 1.50627288 
-0.15365 6.41000959 22.31309640 1.57384156 
-0.15265 6.32223795 18.87497451 1.62773141 
-0.15165 6.25253584 16.05254106 1.67017767 
-0.15065 6.19832211 13.74143128 1.70338025 
-0.14965 6.15706974 11.84531104 1.72923334 
-0.14865 6.12657205 10.28259249 1.74927021 
-0.14765 6.10500478 8.98698407 1.76469439 
-0.14665 6.09090281 7.90570161 1.77643642 
-0.14565 6.08310838 6.99708617 1.78521087 
-0.14464 6.08071570 6.22833598 1.79156510 
-0.14364 6.08302148 5.57358492 1.79591810 
-0.14264 6.08948406 5.01235908 1.79859039 
-0.14164 6.09969086 4.52836982 1.79982657 
-0.14064 6.11333319 4.10858218 1.79981222 
-0.13964 6.13018686 3.74249969 1.79868639 
-0.13864 6.15009768 3.42161586 1.79655086 
-0.13764 6.17297051 3.13899263 1.79347689 
-0.13664 6.19876150 2.88893531 1.78951000 
-0.13564 6.22747252 2.66674060 1.78467325 
-0.13463 6.25914779 2.46850035 1.77896927 
-0.13363 6.29387208 2.29094758 1.77238119 
-0.13263 6.33177064 2.13133511 1.76487253 
-0.13163 6.37301055 1.98733900 1.75638605 
-0.13063 6.41780392 1.85698121 1.74684143 
-0.12963 6.46641284 1.73856709 1.73613144 
-0.12863 6.51915687 1.63063412 1.72411626 
-0.12763 6.57642365 1.53190933 1.71061511 
-0.12663 6.63868406 1.44127289 1.69539401 
-0.12563 6.70651419 1.35772591 1.67814762 
-0.12462 6.78062801 1.28036033 1.65847173 
-0.12362 6.86192848 1.20832840 1.63582022 
-0.12262 6.95159208 1.14080853 1.60943495 
-0.12162 7.05122008 1.07696313 1.57822575 
-0.12062 7.16313745 1.01588232 1.54055212 
-0.11962 7.29106395 0.95651239 1.49379595 
-0.11862 7.44189135 0.89762221 1.43345932 
-0.11762 7.63148682 0.83833412 1.35124813 
-0.11662 7.90659116 0.78415762 1.23429214 
-0.11562 8.35371087 0.77521551 1.10445520 
-0.11461 8.89548162 0.82942661 1.02635828 
-0.11361 9.46110431 0.90790065 0.98086937 
-0.11261 10.07173957 0.99832542 0.94732999 
-0.11161 10.76082765 1.10072851 0.91785020 
-0.11061 11.57157893 1.21930152 0.88850127 
-0.10961 12.56976157 1.36211407 0.85630126 
-0.10861 13.87134533 1.54411614 0.81780872 
-0.10761 15.71521266 1.79612124 0.76772247 
-0.10661 18.70322934 2.19426136 0.69848782 
-0.10561 24.66514055 2.97128080 0.63209017 
-0.10460 34.37894695 4.23557043 0.62801519 
-0.10360 23.17253077 2.60490792 0.41770487 
-0.10260 14.75161990 1.33720692 0.29909757 
-0.10160 12.75326304 0.92757147 0.26576519 
-0.10060 12.97944701 0.78422371 0.26157057 
-0.09960 14.51544828 0.74987394 0.27512499 
-0.09860 17.68902348 0.79306945 0.30999968 
-0.09760 24.11773047 0.94446487 0.38079857 
-0.09660 27.62813807 1.02127406 0.37062675 
-0.09560 12.74306346 0.57926019 0.14106513 
-0.09459 5.90633928 0.37273881 0.05535227 
-0.09359 3.42171334 0.29378566 0.02787111 
-0.09259 2.28839415 0.25548912 0.01652665 
-0.09159 1.67381481 0.23345802 0.01088039 
-0.09059 1.29914253 0.21936480 0.00769002 
-0.08959 1.05126303 0.20974300 0.00571876 
-0.08859 0.87720947 0.20291910 0.00441798 
-0.08759 0.74937752 0.19799153 0.00351550 
-0.08659 0.65215291 0.19443285 0.00286417 
-0.08559 0.57611656 0.19191460 0.00237895 
-0.08458 0.51528511 0.19022220 0.00200792 
-0.08358 0.46569323 0.18921037 0.00171797 
-0.08258 0.42461870 0.18877813 0.00148715 
-0.08158 0.39013613 0.18885416 0.00130047 
-0.08058 0.36084865 0.18938776 0.00114740 
-0.07958 0.33572027 0.19034306 0.00102037 
-0.07858 0.31396778 0.19169529 0.00091382 
-0.07758 0.29498897 0.19342820 0.00082360 
-0.07658 0.27831388 0.19553240 0.00074656 
-0.07558 0.26357081 0.19800417 0.00068028 
-0.07457 0.25046224 0.20084463 0.00062285 
-0.07357 0.23874747 0.20405924 0.00057279 
-0.07257 0.22822985 0.20765747 0.00052890 
-0.07157 0.21874727 0.21165262 0.00049021 
-0.07057 0.21016504 0.21606180 0.00045595 
-0.06957 0.20237038 0.22090596 0.00042548 
-0.06857 0.19526823 0.22621009 0.00039827 
-0.06757 0.18877796 0.23200346 0.00037388 
-0.06657 0.18283077 0.23831996 0.00035193 
-0.06557 0.17736764 0.24519861 0.00033213 
-0.06456 0.17233769 0.25268407 0.00031420 
-0.06356 0.16769684 0.26082739 0.00029793 
-0.06256 0.16340676 0.26968682 0.00028313 
-0.06156 0.15943397 0.27932885 0.00026962 
-0.06056 0.15574911 0.28982939 0.00025727 
-0.05956 0.15232637 0.30127531 0.00024596 
-0.05856 0.14914296 0.31376614 0.00023557 
-0.05756 0.14617874 0.32741624 0.00022603 
-0.05656 0.14341582 0.34235739 0.00021723 
-0.05556 0.14083830 0.35874192 0.00020912 
-0.05455 0.13843203 0.37674659 0.00020163 
-0.05355 0.13618436 0.39657728 0.00019471 
-0.05255 0.13408404 0.41847492 0.00018830 
-0.05155 0.13212098 0.44272270 0.00018236 
-0.05055 0.13028621 0.46965528 0.00017685 
-0.04955 0.12857172 0.49967029 0.00017173 
-0.04855 0.12697040 0.53324303 0.00016699 
-0.04755 0.12547597 0.57094532 0.00016258 
-0.04655 0.12408296 0.61346993 0.00015848 
-0.04555 0.12278662 0.66166253 0.00015467 
-0.04454 0.12158298 0.71656394 0.00015113 
-0.04354 0.12046879 0.77946667 0.00014785 
-0.04254 0.11944167 0.85199154 0.00014479 
-0.04154 0.11850008 0.93619290 0.00014196 
-0.04054 0.11764354 1.03470540 0.00013933 
-0.03954 0.11687281 1.15095208 0.00013690 
-0.03854 0.11619023 1.28944497 0.00013464 
-0.03754 0.11560020 1.45622818 0.00013256 
-0.03654 0.11510997 1.65954604 0.00013064 
-0.03554 0.11473084 1.91087702 0.00012887 
-0.03453 0.11448007 2.22658070 0.00012725 
-0.03353 0.11438407 2.63061009 0.00012576 
-0.03253 0.11448387 3.15915292 0.00012439 
-0.03153 0.11484494 3.86893772 0.00012314 
-0.03053 0.11557562 4.85290473 0.00012200 
-0.02953 0.11686432 6.27170651 0.00012096 
-0.02853 0.11906026 8.42211343 0.00011998 
-0.02753 0.12286647 11.90052856 0.00011906 
-0.02653 0.12986079 18.04442850 0.00011813 
-0.02553 0.14414006 30.32535211 0.00011712 
-0.02452 0.17859617 59.66606588 0.00011591 
-0.02352 0.28122723 146.73154598 0.00011479 
-0.02252 0.48044157 315.58631933 0.00011919 
-0.02152 0.31032870 171.50621415 0.00012478 
-0.02052 0.18766725 67.59858930 0.00012390 
-0.01952 0.14720842 33.30069201 0.00012311 
-0.01852 0.13088936 19.42025253 0.00012283 
-0.01752 0.12299105 12.63973762 0.00012290 
-0.01652 0.11868075 8.86451654 0.00012324 
-0.01552 0.11614641 6.55898644 0.00012379 
-0.01451 0.11459648 5.05201385 0.00012452 
-0.01351 0.11364348 4.01468311 0.00012542 
-0.01251 0.11308061 3.27103374 0.00012648 
-0.01151 0.11278989 2.72022554 0.00012771 
-0.01051 0.11270045 2.30117986 0.00012910 
-0.00951 0.11276795 1.97518256 0.00013066 
-0.00851 0.11296386 1.71674678 0.00013240 
-0.00751 0.11326948 1.50854617 0.00013431 
-0.00651 0.11367247 1.33847329 0.00013642 
-0.00551 0.11416477 1.19786333 0.00013872 
-0.00450 0.11474133 1.08038459 0.00014124 
-0.00350 0.11539927 0.98132448 0.00014398 
-0.00250 0.11613739 0.89711782 0.00014696 
-0.00150 0.11695575 0.82502803 0.00015020 
-0.00050 0.11785553 0.76292701 0.00015371 
0.00050 0.11883883 0.70914039 0.00015752 
0.00150 0.11990860 0.66233684 0.00016165 
0.00250 0.12106861 0.62144769 0.00016613 
0.00350 0.12232344 0.58560776 0.00017099 
0.00450 0.12367851 0.55411123 0.00017627 
0.00551 0.12514008 0.52637838 0.00018200 
0.00651 0.12671540 0.50193018 0.00018823 
0.00751 0.12841271 0.48036878 0.00019501 
0.00851 0.13024145 0.46136233 0.00020241 
0.00951 0.13221236 0.44463314 0.00021048 
0.01051 0.13433766 0.42994833 0.00021932 
0.01151 0.13663132 0.41711238 0.00022899 
0.01251 0.13910931 0.40596131 0.00023962 
0.01351 0.14178993 0.39635790 0.00025133 
0.01451 0.14469424 0.38818798 0.00026425 
0.01552 0.14784659 0.38135742 0.00027857 
0.01652 0.15127526 0.37578970 0.00029447 
0.01752 0.15501325 0.37142414 0.00031220 
0.01852 0.15909931 0.36821437 0.00033205 
0.01952 0.16357926 0.36612732 0.00035437 
0.02052 0.16850768 0.36514252 0.00037960 
0.02152 0.17395008 0.36525163 0.00040825 
0.02252 0.17998589 0.36645835 0.00044099 
0.02352 0.18671240 0.36877860 0.00047866 
0.02452 0.19425020 0.37224105 0.00052232 
0.02553 0.20275079 0.37688792 0.00057337 
0.02653 0.21240753 0.38277634 0.00063364 
0.02753 0.22347178 0.38998011 0.00070559 
0.02853 0.23627740 0.39859222 0.00079263 
0.02953 0.25127962 0.40872842 0.00089961 
0.03053 0.26911929 0.42053213 0.00103361 
0.03153 0.29073560 0.43418194 0.00120547 
0.03253 0.31757813 0.44990343 0.00143271 
0.03353 0.35204466 0.46799005 0.00174567 
0.03453 0.39850082 0.48884570 0.00220230 
0.03554 0.46607574 0.51308994 0.00293002 
0.03654 0.57805951 0.54188871 0.00427198 
0.03754 0.80375024 0.57804894 0.00732933 
0.03854 1.21021011 0.62464453 0.01354877 
0.03954 1.65537220 0.67822702 0.02124559 
0.04054 2.10745158 0.73872700 0.03002351 
0.04154 2.65171591 0.80980683 0.04140798 
0.04254 3.36701869 0.89525553 0.05747129 
0.04354 4.11203600 0.99353165 0.07782794 
0.04454 4.84763296 1.10632096 0.10424686 
0.04555 5.61202531 1.23791211 0.14248047 
0.04655 6.45113555 1.39324245 0.20719401 
0.04755 7.35336245 1.57385760 0.33410510 
0.04855 8.03344483 1.77247849 0.50756590 
0.04955 8.49272435 2.00203752 0.65019876 
0.05055 8.94075686 2.28291452 0.78397418 
0.05155 9.36848252 2.62949437 0.95594409 
0.05255 9.52302984 3.05029679 1.12689235 
0.05355 9.48774034 3.57880135 1.25179776 
0.05455 9.38478312 4.26765291 1.34390086 
0.05556 9.25771424 5.19346893 1.41507344 
0.05656 9.12320128 6.47968803 1.47200833 
0.05756 8.98842192 8.33903253 1.51859609 
0.05856 8.85646824 11.16407747 1.55712310 
0.05956 8.72815566 15.74153944 1.58869295 
0.06056 8.60213467 23.81962063 1.61297456 
0.06156 8.47265112 39.81563746 1.62648852 
0.06256 8.31936358 76.50190126 1.61556979 
0.06356 8.07203738 167.64297131 1.53371835 
0.06456 7.74165281 257.49274676 1.40091677 
0.06557 7.76264779 145.18008045 1.50719387 
0.06657 7.81056501 66.60450100 1.61618886 
0.06757 7.79199042 35.36819174 1.67309434 
0.06857 7.74557067 21.43226290 1.70691057 
0.06957 7.68889872 14.25750584 1.73023313 
0.07057 7.62884409 10.13522959 1.74803045 
0.07157 7.56831985 7.56568638 1.76251508 
0.07257 7.50865790 5.86206143 1.77480165 
0.07357 7.45049058 4.67704399 1.78551326 
0.07457 7.39411349 3.82065673 1.79502939 
0.07558 7.33964942 3.18222007 1.80359796 
0.07658 7.28712846 2.69384645 1.81139058 
0.07758 7.23652971 2.31207848 1.81853176 
0.07858 7.18780407 2.00807892 1.82511547 
0.07958 7.14088725 1.76211627 1.83121487 
0.08058 7.09570731 1.56032785 1.83688846 
0.08158 7.05218929 1.39274737 1.84218402 
0.08258 7.01025785 1.25206338 1.84714127 
0.08358 6.96983902 1.13281524 1.85179376 
0.08458 6.93086111 1.03085894 1.85617013 
0.08559 6.89325528 0.94300437 1.86029511 
0.08659 6.85695585 0.86676381 1.86419026 
0.08759 6.82190039 0.80017448 1.86787450 
0.08859 6.78802972 0.74167115 1.87136457 
0.08959 6.75528785 0.68999345 1.87467532 
0.09059 6.72362190 0.64411733 1.87782005 
0.09159 6.69298191 0.60320389 1.88081069 
0.09259 6.66332077 0.56656065 1.88365800 
0.09359 6.63459398 0.53361197 1.88637170 
0.09459 6.60675959 0.50387613 1.88896063 
0.09560 6.57977798 0.47694760 1.89143283 
0.09660 6.55361175 0.45248300 1.89379565 
0.09760 6.52822559 0.43019002 1.89605581 
0.09860 6.50358612 0.40981857 1.89821949 
0.09960 6.47966181 0.39115369 1.90029236 
0.10060 6.45642283 0.37400976 1.90227964 
0.10160 6.43384094 0.35822586 1.90418618 
0.10260 6.41188942 0.34366190 1.90601645 
0.10360 6.39054295 0.33019548 1.90777457 
0.10460 6.36977753 0.31771927 1.90946441 
0.10561 6.34957041 0.30613883 1.91108953 
0.10661 6.32989999 0.29537083 1.91265327 
0.10761 6.31074577 0.28534145 1.91415872 
0.10861 6.29208825 0.27598519 1.91560879 
0.10961 6.27390894 0.26724368 1.91700617 
0.11061 6.25619021 0.25906486 1.91835342 
0.11161 6.23891531 0.25140209 1.91965290 
0.11261 6.22206828 0.24421355 1.92090683 
0.11361 6.20563393 0.23746162 1.92211732 
0.11461 6.18959775 0.23111240 1.92328633 
0.11562 6.17394594 0.22513528 1.92441571 
0.11662 6.15866532 0.21950253 1.92550721 
0.11762 6.14374329 0.21418903 1.92656245 
0.11862 6.12916785 0.20917194 1.92758301 
0.11962 6.11492751 0.20443048 1.92857034 
0.12062 6.10101128 0.19994569 1.92952582 
0.12162 6.08740868 0.19570027 1.93045076 
0.12262 6.07410965 0.19167837 1.93134641 
0.12362 6.06110457 0.18786549 1.93221394 
0.12462 6.04838424 0.18424831 1.93305446 
0.12563 6.03593984 0.18081460 1.93386902 
0.12663 6.02376289 0.17755308 1.93465863 
0.12763 6.01184529 0.17445339 1.93542425 
0.12863 6.00017927 0.17150594 1.93616677 
0.12963 5.98875734 0.16870189 1.93688706 
0.13063 5.97757236 0.16603304 1.93758594 
0.13163 5.96661742 0.16349182 1.93826418 
0.13263 5.95588591 0.16107119 1.93892254 
0.13363 5.94537148 0.15876463 1.93956172 
0.13463 5.93506802 0.15656608 1.94018240 
0.13564 5.92496964 0.15446988 1.94078523 
0.13664 5.91507069 0.15247079 1.94137081 
0.13764 5.90536573 0.15056392 1.94193975 
0.13864 5.89584951 0.14874468 1.94249260 
0.13964 5.88651699 0.14700882 1.94302991 
0.14064 5.87736331 0.14535235 1.94355219 
0.14164 5.86838378 0.14377154 1.94405993 
0.14264 5.85957389 0.14226289 1.94455360 
0.14364 5.85092927 0.14082314 1.94503367 
0.14464 5.84244574 0.13944922 1.94550056 
0.14565 5.83411924 0.13813825 1.94595469 
0.14665 5.82594585 0.13688752 1.94639646 
0.14765 5.81792182 0.13569451 1.94682625 
0.14865 5.81004349 0.13455682 1.94724444 
0.14965 5.80230734 0.13347220 1.94765137 
0.15065 5.79470997 0.13243854 1.94804738 
0.15165 5.78724811 0.13145386 1.94843282 
0.15265 5.77991858 0.13051627 1.94880797 
0.15365 5.77271831 0.12962401 1.94917316 
0.15465 5.76564433 0.12877540 1.94952867 
0.15566 5.75869378 0.12796888 1.94987478 
0.15666 5.75186389 0.12720296 1.95021175 
0.15766 5.74515197 0.12647622 1.95053986 
0.15866 5.73855542 0.12578736 1.95085935 
0.15966 5.73207174 0.12513510 1.95117046 
0.16066 5.72569849 0.12451828 1.95147342 
0.16166 5.71943331 0.12393576 1.95176846 
0.16266 5.71327394 0.12338649 1.95205580 
0.16366 5.70721816 0.12286946 1.95233564 
0.16466 5.70126385 0.12238373 1.95260818 
0.16567 5.69540892 0.12192841 1.95287362 
0.16667 5.68965137 0.12150264 1.95313215 
0.16767 5.68398927 0.12110561 1.95338395 
0.16867 5.67842074 0.12073658 1.95362920 
0.16967 5.67294394 0.12039482 1.95386805 
0.17067 5.66755713 0.12007964 1.95410069 
0.17167 5.66225858 0.11979042 1.95432725 
0.17267 5.65704664 0.11952655 1.95454791 
0.17367 5.65191971 0.11928743 1.95476281 
0.17467 5.64687622 0.11907255 1.95497208 
0.17568 5.64191468 0.11888138 1.95517587 
0.17668 5.63703362 0.11871345 1.95537432 
0.17768 5.63223163 0.11856829 1.95556755 
0.17868 5.62750733 0.11844549 1.95575569 
0.17968 5.62285941 0.11834464 1.95593886 
0.18068 5.61828657 0.11826535 1.95611717 
0.18168 5.61378758 0.11820728 1.95629075 
0.18268 5.60936122 0.11817010 1.95645971 
0.18368 5.60500633 0.11815349 1.95662414 
0.18468 5.60072178 0.11815717 1.95678416 
0.18569 5.59650649 0.11818086 1.95693986 
0.18669 5.59235939 0.11822432 1.95709135 
0.18769 5.58827947 0.11828732 1.95723871 
0.18869 5.58426573 0.11836965 1.95738205 
0.18969 5.58031724 0.11847110 1.95752144 
0.19069 5.57643307 0.11859151 1.95765698 
0.19169 5.57261233 0.11873071 1.95778874 
0.19269 5.56885418 0.11888856 1.95791682 
0.19369 5.56515778 0.11906493 1.95804128 
0.19469 5.56152236 0.11925972 1.95816221 
0.19570 5.55794714 0.11947282 1.95827967 
0.19670 5.55443140 0.11970416 1.95839375 
0.19770 5.55097443 0.11995366 1.95850450 
0.19870 5.54757557 0.12022129 1.95861200 
0.19970 5.54423418 0.12050699 1.95871632 
0.20070 5.54094964 0.12081076 1.95881751 
0.20170 5.53772137 0.12113258 1.95891564 
0.20270 5.53454882 0.12147245 1.95901076 
0.20370 5.53143146 0.12183041 1.95910294 
0.20470 5.52836880 0.12220649 1.95919223 
0.20571 5.52536037 0.12260073 1.95927868 
0.20671 5.52240573 0.12301320 1.95936235 
0.20771 5.51950448 0.12344398 1.95944329 
0.20871 5.51665623 0.12389317 1.95952155 
0.20971 5.51386065 0.12436086 1.95959717 
0.21071 5.51111740 0.12484719 1.95967020 
0.21171 5.50842621 0.12535229 1.95974068 
0.21271 5.50578681 0.12587631 1.95980867 
0.21371 5.50319899 0.12641942 1.95987419 
0.21471 5.50066255 0.12698181 1.95993730 
0.21572 5.49817733 0.12756367 1.95999802 
0.21672 5.49574320 0.12816523 1.96005640 
0.21772 5.49336008 0.12878671 1.96011248 
0.21872 5.49102791 0.12942837 1.96016627 
0.21972 5.48874668 0.13009047 1.96021783 
0.22072 5.48651640 0.13077331 1.96026718 
0.22172 5.48433714 0.13147719 1.96031435 
0.22272 5.48220899 0.13220243 1.96035938 
0.22372 5.48013211 0.13294939 1.96040228 
0.22472 5.47810667 0.13371842 1.96044309 
0.22573 5.47613292 0.13450993 1.96048183 
0.22673 5.47421113 0.13532431 1.96051853 
0.22773 5.47234165 0.13616202 1.96055320 
0.22873 5.47052486 0.13702350 1.96058587 
0.22973 5.46876119 0.13790924 1.96061657 
0.23073 5.46705117 0.13881977 1.96064530 
0.23173 5.46539534 0.13975561 1.96067209 
0.23273 5.46379434 0.14071735 1.96069695 
0.23373 5.46224887 0.14170558 1.96071990 
0.23473 5.46075971 0.14272095 1.96074095 
0.23574 5.45932770 0.14376412 1.96076011 
0.23674 5.45795378 0.14483580 1.96077739 
0.23774 5.45663899 0.14593673 1.96079281 
0.23874 5.45538443 0.14706772 1.96080637 
0.23974 5.45419134 0.14822957 1.96081807 
0.24074 5.45306103 0.14942318 1.96082793 
0.24174 5.45199497 0.15064947 1.96083593 
0.24274 5.45099473 0.15190942 1.96084210 
0.24374 5.45006201 0.15320405 1.96084641 
0.24474 5.44919867 0.15453446 1.96084888 
0.24575 5.44840672 0.15590180 1.96084950 
0.24675 5.44768834 0.15730730 1.96084826 
0.24775 5.44704590 0.15875225 1.96084515 
0.24875 5.44648197 0.16023802 1.96084017 
0.24975 5.44599932 0.16176607 1.96083329 
0.25075 5.44560098 0.16333793 1.96082451 
0.25175 5.44529023 0.16495526 1.96081380 
0.25275 5.44507061 0.16661978 1.96080115 
0.25375 5.44494599 0.16833335 1.96078654 
0.25475 5.44492057 0.17009796 1.96076993 
0.25576 5.44499892 0.17191570 1.96075129 
0.25676 5.44518602 0.17378883 1.96073060 
0.25776 5.44548728 0.17571975 1.96070781 
0.25876 5.44590862 0.17771104 1.96068289 
0.25976 5.44645650 0.17976545 1.96065578 
0.26076 5.44713798 0.18188594 1.96062645 
0.26176 5.44796081 0.18407570 1.96059482 
0.26276 5.44893346 0.18633816 1.96056084 
0.26376 5.45006525 0.18867699 1.96052445 
0.26476 5.45136642 0.19109620 1.96048557 
0.26577 5.45284828 0.19360010 1.96044411 
0.26677 5.45452328 0.19619337 1.96039999 
0.26777 5.45640521 0.19888109 1.96035311 
0.26877 5.45850936 0.20166880 1.96030336 
0.26977 5.46085270 0.20456254 1.96025061 
0.27077 5.46345413 0.20756890 1.96019475 
0.27177 5.46633474 0.21069514 1.96013562 
0.27277 5.46951815 0.21394922 1.96007306 
0.27377 5.47303084 0.21733990 1.96000689 
0.27477 5.47690262 0.22087689 1.95993692 
0.27578 5.48116717 0.22457095 1.95986293 
0.27678 5.48586260 0.22843406 1.95978468 
0.27778 5.49103228 0.23247960 1.95970189 
0.27878 5.49672568 0.23672255 1.95961426 
0.27978 5.50299947 0.24117980 1.95952145 
0.28078 5.50991892 0.24587044 1.95942307 
0.28178 5.51755944 0.25081613 1.95931870 
0.28278 5.52600870 0.25604162 1.95920785 
0.28378 5.53536915 0.26157530 1.95908995 
0.28478 5.54576116 0.26744995 1.95896437 
0.28579 5.55732715 0.27370366 1.95883037 
0.28679 5.57023676 0.28038096 1.95868712 
0.28779 5.58469360 0.28753436 1.95853364 
0.28879 5.60094408 0.29522623 1.95836878 
0.28979 5.61928923 0.30353137 1.95819119 
0.29079 5.64010056 0.31254039 1.95799930 
0.29179 5.66384180 0.32236428 1.95779119 
0.29279 5.69109932 0.33314070 1.95756460 
0.29379 5.72262539 0.34504286 1.95731674 
0.29479 5.75940125 0.35829230 1.95704421 
0.29580 5.80273161 0.37317764 1.95674280 
0.29680 5.85439047 0.39008327 1.95640718 
0.29780 5.91685452 0.40953447 1.95603058 
0.29880 5.99369329 0.43227164 1.95560426 
0.29980 6.09025578 0.45937882 1.95511672 
0.30080 6.21495924 0.49252046 1.95455275 
0.30180 6.38191145 0.53441394 1.95389216 
0.30280 6.61683339 0.58987371 1.95310925 
0.30380 6.97240998 0.66845025 1.95217815 
0.30480 7.57577523 0.79233815 1.95111666 
0.30581 8.79505596 1.02271484 1.95030644 
0.30681 11.30942700 1.46188014 1.95189082 
0.30781 14.17740339 1.94483222 1.95704498 
0.30881 16.42313292 2.32352305 1.96364323 
0.30981 18.15973295 2.62068796 1.97125847 
0.31081 19.53700669 2.86022720 1.98025499 
0.31181 20.64453000 3.05515744 1.99136540 
0.31281 21.53612910 3.21213111 2.00590588 
0.31381 22.24258130 3.33322216 2.02651361 
0.31481 22.76710474 3.41424755 2.05939147 
0.31582 23.02686920 3.43361730 2.12172541 
0.31682 22.66357557 3.33306193 2.24191188 
0.31782 21.71324258 3.15662913 2.36534045 
0.31882 20.76491908 3.00333870 2.44840297 
0.31982 19.93976938 2.88026756 2.50510402 
0.32082 19.22444982 2.77984810 2.54630372 
0.32182 18.59731104 2.69630249 2.57768870 
0.32282 18.04105239 2.62574569 2.60242163 
0.32382 17.54266911 2.56550435 2.62240402 
0.32482 17.09232648 2.51367045 2.63885452 
0.32583 16.68245216 2.46883657 2.65259454 
0.32683 16.30710437 2.42993577 2.66420044 
0.32783 15.96153920 2.39614083 2.67408998 
0.32883 15.64191058 2.36679843 2.68257425 
0.32983 15.34505821 2.34138470 2.68989013 
0.33083 15.06835437 2.31947419 2.69622149 
0.33183 14.80959131 2.30071776 2.70171339 
0.33283 14.56689684 2.28482643 2.70648191 
0.33383 14.33867018 2.27155936 2.71062106 
0.33483 14.12353235 2.26071471 2.71420784 
0.33584 13.92028743 2.25212271 2.71730585 
0.33684 13.72789193 2.24564018 2.71996811 
0.33784 13.54543022 2.24114628 2.72223910 
0.33884 13.37209478 2.23853911 2.72415640 
0.33984 13.20717010 2.23773300 2.72575189 
0.34084 13.05001941 2.23865632 2.72705275 
0.34184 12.90007376 2.24124970 2.72808226 
0.34284 12.75682293 2.24546461 2.72886036 
0.34384 12.61980777 2.25126214 2.72940423 
0.34484 12.48861379 2.25861207 2.72972862 
0.34585 12.36286570 2.26749206 2.72984622 
0.34685 12.24222276 2.27788702 2.72976794 
0.34785 12.12637484 2.28978859 2.72950310 
0.34885 12.01503897 2.30319474 2.72905966 
0.34985 11.90795644 2.31810940 2.72844435 
0.35085 11.80489021 2.33454226 2.72766278 
0.35185 11.70562273 2.35250858 2.72671959 
0.35285 11.60995398 2.37202905 2.72561852 
0.35385 11.51769982 2.39312974 2.72436248 
0.35485 11.42869049 2.41584209 2.72295360 
0.35586 11.34276932 2.44020294 2.72139333 
0.35686 11.25979157 2.46625461 2.71968241 
0.35786 11.17962348 2.49404503 2.71782097 
0.35886 11.10214132 2.52362790 2.71580850 
0.35986 11.02723065 2.55506290 2.71364391 
0.36086 10.95478564 2.58841595 2.71132553 
0.36186 10.88470844 2.62375951 2.70885109 
0.36286 10.81690864 2.66117291 2.70621779 
0.36386 10.75130287 2.70074276 2.70342221 
0.36486 10.68781430 2.74256341 2.70046037 
0.36587 10.62637238 2.78673741 2.69732771 
0.36687 10.56691249 2.83337610 2.69401904 
0.36787 10.50937571 2.88260024 2.69052855 
0.36887 10.45370859 2.93454069 2.68684980 
0.36987 10.39986303 2.98933915 2.68297563 
0.37087 10.34779611 3.04714906 2.67889822 
0.37187 10.29747004 3.10813651 2.67460896 
0.37287 10.24885211 3.17248127 2.67009849 
0.37387 10.20191465 3.24037790 2.66535659 
0.37487 10.15663514 3.31203707 2.66037219 
0.37588 10.11299622 3.38768685 2.65513326 
0.37688 10.07098584 3.46757428 2.64962678 
0.37788 10.03059740 3.55196700 2.64383868 
0.37888 9.99183000 3.64115506 2.63775375 
0.37988 9.95468867 3.73545291 2.63135561 
0.38088 9.91918468 3.83520157 2.62462656 
0.38188 9.88533594 3.94077097 2.61754757 
0.38288 9.85316741 4.05256255 2.61009815 
0.38388 9.82271157 4.17101202 2.60225628 
0.38488 9.79400906 4.29659237 2.59399833 
0.38589 9.76710923 4.42981710 2.58529894 
0.38689 9.74207097 4.57124364 2.57613098 
0.38789 9.71896340 4.72147704 2.56646545 
0.38889 9.69786688 4.88117374 2.55627142 
0.38989 9.67887392 5.05104553 2.54551599 
0.39089 9.66209028 5.23186356 2.53416426 
0.39189 9.64763617 5.42446228 2.52217940 
0.39289 9.63564744 5.62974315 2.50952267 
0.39389 9.62627690 5.84867802 2.49615361 
0.39489 9.61969568 6.08231173 2.48203028 
0.39590 9.61609454 6.33176362 2.46710961 
0.39690 9.61568512 6.59822752 2.45134795 
0.39790 9.61870107 6.88296935 2.43470183 
0.39890 9.62539882 7.18732159 2.41712892 
0.39990 9.63605802 7.51267349 2.39858945 
0.40090 9.65098119 7.86045541 2.37904791 
0.40190 9.67049246 8.23211571 2.35847538 
0.40290 9.69493494 8.62908780 2.33685243 
0.40390 9.72466626 9.05274470 2.31417282 
0.40490 9.76005158 9.50433821 2.29044806 
0.40591 9.80145344 9.98491885 2.26571299 
0.40691 9.84921753 10.49523336 2.24003247 
0.40791 9.90365344 11.03559599 2.21350925 
0.40891 9.96500932 11.60573103 2.18629292 
0.40991 10.03343979 12.20458572 2.15858976 
0.41091 10.10896631 12.83011566 2.13067299 
0.41191 10.19143032 13.47904983 2.10289270 
0.41291 10.28044013 14.14664917 2.07568420 
0.41391 10.37531443 14.82648206 2.04957322 
0.41491 10.47502709 15.51025026 2.02517562 
0.41592 10.57816049 16.18770988 2.00318948 
0.41692 10.68287701 16.84673917 1.98437682 
0.41792 10.78691989 17.47360599 1.96953323 
0.41892 10.88765462 18.05347607 1.95944481 
0.41992 10.98215950 18.57117698 1.95483376 
0.42092 11.06736774 19.01218956 1.95629709 
0.42192 11.14025453 19.36378586 1.96424506 
0.42292 11.19805186 19.61618099 1.97884864 
0.42392 11.23846445 19.76353360 2.00000496 
0.42492 11.25985535 19.80463090 2.02732820 
0.42593 11.26137217 19.74313669 2.06016918 
0.42693 11.24299433 19.58735684 2.09766143 
0.42793 11.20549629 19.34956696 2.13878696 
0.42893 11.15033746 19.04502425 2.18245137 
0.42993 11.07950103 18.69083009 2.22755737 
0.43093 10.99530965 18.30481256 2.27306763 
0.43193 10.90024477 17.90456549 2.31805102 
0.43293 10.79679017 17.50672899 2.36171023 
0.43393 10.68731193 17.12654137 2.40339183 
0.43493 10.57397895 16.77764879 2.44258191 
0.43594 10.45872184 16.47213102 2.47889128 
0.43694 10.34322458 16.22069037 2.51203433 
0.43794 10.22894173 16.03295141 2.54180457 
0.43894 10.11713445 15.91782718 2.56804949 
0.43994 10.00891995 15.88391807 2.59064594 
0.44094 9.90533069 15.93991911 2.60947693 
0.44194 9.80738168 16.09501843 2.62440979 
0.44294 9.71614565 16.35927086 2.63527572 
0.44394 9.63283759 16.74392668 2.64185026 
0.44494 9.55891063 17.26168178 2.64383471 
0.44595 9.49616565 17.92679036 2.64083891 
0.44695 9.44687566 18.75493828 2.63236675 
0.44795 9.41392212 19.76270830 2.61780777 
0.44895 9.40093242 20.96637093 2.59644105 
0.44995 9.41239147 22.37960673 2.56746218 
0.45095 9.45367366 24.00962891 2.53005049 
0.45195 9.53089869 25.85110336 2.48350100 
0.45295 9.65046153 27.87743256 2.42744982 
0.45395 9.81804277 30.02970566 2.36221470 
0.45495 10.03693090 32.20533967 2.28923733 
0.45596 10.30568553 34.25129826 2.21153445 
0.45696 10.61563829 35.96977290 2.13394482 
0.45796 10.94938250 37.14424508 2.06286669 
0.45896 11.28176312 37.58671933 2.00526012 
0.45996 11.58419439 37.19248329 1.96704655 
0.46096 11.83124761 35.97664859 1.95152230 
0.46196 12.00664243 34.07120125 1.95857437 
0.46296 12.10586205 31.68358777 1.98506854 
0.46396 12.13473102 29.03963669 2.02608757 
0.46496 12.10551943 26.33684436 2.07632676 
0.46597 12.03277988 23.72077361 2.13110621 
0.46697 11.93032928 21.28244068 2.18684081 
0.46797 11.80969197 19.06774394 2.24108665 
0.46897 11.67966934 17.09061321 2.29236196 
0.46997 11.54654933 15.34501541 2.33989941 
0.47097 11.41457466 13.81401928 2.38341569 
0.47197 11.28644684 12.47586547 2.42293054 
0.47297 11.16376536 11.30766584 2.45863808 
0.47397 11.04737224 10.28745480 2.49082131 
0.47497 10.93760635 9.39518948 2.51979834 
0.47598 10.83448356 8.61312363 2.54589044 
0.47698 10.73782091 7.92583342 2.56940425 
0.47798 10.64732012 7.32006611 2.59062285 
0.47898 10.56262280 6.78451214 2.60980221 
0.47998 10.48334603 6.30955625 2.62717082 
0.48098 10.40910480 5.88703692 2.64293087 
0.48198 10.33952563 5.51002758 2.65726039 
0.48298 10.27425434 5.17264451 2.67031569 
0.48398 10.21296011 4.86988183 2.68223377 
0.48498 10.15533703 4.59747155 2.69313468 
0.48599 10.10110425 4.35176600 2.70312366 
0.48699 10.05000516 4.12963943 2.71229302 
0.48799 10.00180605 3.92840600 2.72072388 
0.48899 9.95629455 3.74575141 2.72848761 
0.48999 9.91327796 3.57967594 2.73564708 
0.49099 9.87258159 3.42844705 2.74225783 
0.49199 9.83404713 3.29055967 2.74836897 
0.49299 9.79753121 3.16470314 2.75402400 
0.49399 9.76290397 3.04973339 2.75926154 
0.49499 9.73004781 2.94464967 2.76411592 
0.49600 9.69885627 2.84857489 2.76861770 
0.49700 9.66923299 2.76073910 2.77279410 
0.49800 9.64109081 2.68046550 2.77666944 
0.49900 9.61435095 2.60715858 2.78026543 
0.50000 9.58894232 2.54029408 2.78360145 
