-0.50000 6.03033151 1.94596955
-0.49900 6.06529452 1.94513804
-0.49800 6.10229288 1.94425743
-0.49700 6.14148756 1.94332386
-0.49600 6.18305562 1.94233307
-0.49499 6.22719218 1.94128039
-0.49399 6.27411265 1.94016064
-0.49299 6.32405530 1.93896811
-0.49199 6.37728416 1.93769646
-0.49099 6.43409243 1.93633866
-0.48999 6.49480637 1.93488691
-0.48899 6.55978981 1.93333247
-0.48799 6.62944940 1.93166561
-0.48699 6.70424068 1.92987544
-0.48599 6.78467519 1.92794970
-0.48498 6.87132883 1.92587462
-0.48398 6.96485159 1.92363466
-0.48298 7.06597908 1.92121223
-0.48198 7.17554612 1.91858740
-0.48098 7.29450286 1.91573746
-0.47998 7.42393399 1.91263652
-0.47898 7.56508153 1.90925494
-0.47798 7.71937235 1.90555867
-0.47698 7.88845099 1.90150851
-0.47598 8.07421942 1.89705911
-0.47497 8.27888503 1.89215788
-0.47397 8.50501888 1.88674360
-0.47297 8.75562661 1.88074471
-0.47197 9.03423496 1.87407729
-0.47097 9.34499750 1.86664256
-0.46997 9.69282416 1.85832382
-0.46897 10.08353988 1.84898266
-0.46797 10.52407858 1.83845445
-0.46697 11.02271991 1.82654269
-0.46597 11.58937580 1.81301230
-0.46496 12.23593389 1.79758156
-0.46396 12.97666061 1.77991260
-0.46296 13.82865915 1.75960072
-0.46196 14.81235924 1.73616296
-0.46096 15.95198098 1.70902745
-0.45996 17.27584934 1.67752632
-0.45896 18.81631879 1.64089811
-0.45796 20.60886750 1.59831007
-0.45696 22.68960159 1.54891835
-0.45596 25.08995416 1.49199497
-0.45495 27.82684788 1.42716225
-0.45395 30.88635972 1.35478074
-0.45295 34.19989555 1.27651303
-0.45195 37.61573342 1.19599386
-0.45095 40.87715643 1.11933865
-0.44995 43.62934094 1.05496521
-0.44895 45.47964625 1.01214923
-0.44795 46.11232160 0.99829987
-0.44695 45.40978662 1.01609904
-0.44595 43.50354159 1.06232508
-0.44494 40.71729784 1.12923084
-0.44394 37.44398872 1.20747218
-0.44294 34.03353529 1.28876242
-0.44194 30.73617603 1.36720021
-0.44094 27.69801991 1.43936013
-0.43994 24.98377807 1.50374439
-0.43894 22.60511133 1.56010664
-0.43794 20.54400544 1.60889698
-0.43694 18.76866024 1.65088605
-0.43594 17.24299859 1.68694088
-0.43493 15.93175899 1.71790545
-0.43393 14.80287198 1.74454537
-0.43293 13.82830342 1.76752871
-0.43193 12.98410072 1.78742547
-0.43093 12.25006739 1.80471574
-0.42993 11.60929750 1.81980098
-0.42893 11.04768849 1.83301583
-0.42793 10.55348750 1.84463894
-0.42693 10.11689273 1.85490256
-0.42593 9.72971438 1.86400061
-0.42492 9.38509168 1.87209545
-0.42392 9.07725943 1.87932345
-0.42292 8.80135644 1.88579951
-0.42192 8.55326909 1.89162085
-0.42092 8.32950346 1.89686996
-0.41992 8.12708094 1.90161716
-0.41892 7.94345285 1.90592260
-0.41792 7.77643036 1.90983788
-0.41692 7.62412699 1.91340748
-0.41592 7.48491114 1.91666986
-0.41491 7.35736685 1.91965835
-0.41391 7.24026124 1.92240200
-0.41291 7.13251745 1.92492615
-0.41191 7.03319194 1.92725299
-0.41091 6.94145558 1.92940202
-0.40991 6.85657763 1.93139042
-0.40891 6.77791231 1.93323338
-0.40791 6.70488743 1.93494431
-0.40691 6.63699462 1.93653518
-0.40591 6.57378118 1.93801659
-0.40490 6.51484298 1.93939804
-0.40390 6.45981842 1.94068801
-0.40290 6.40838325 1.94189409
-0.40190 6.36024610 1.94302312
-0.40090 6.31514460 1.94408124
-0.39990 6.27284203 1.94507401
-0.39890 6.23312440 1.94600642
-0.39790 6.19579794 1.94688302
-0.39690 6.16068684 1.94770792
-0.39590 6.12763136 1.94848485
-0.39489 6.09648610 1.94921721
-0.39389 6.06711850 1.94990811
-0.39289 6.03940754 1.95056036
-0.39189 6.01324258 1.95117657
-0.39089 5.98852230 1.95175908
-0.38989 5.96515384 1.95231007
-0.38889 5.94305193 1.95283153
-0.38789 5.92213822 1.95332529
-0.38689 5.90234062 1.95379303
-0.38589 5.88359271 1.95423629
-0.38488 5.86583326 1.95465651
-0.38388 5.84900574 1.95505500
-0.38288 5.83305793 1.95543299
-0.38188 5.81794155 1.95579159
-0.38088 5.80361192 1.95613184
-0.37988 5.79002764 1.95645472
-0.37888 5.77715038 1.95676112
-0.37788 5.76494456 1.95705186
-0.37688 5.75337719 1.95732772
-0.37588 5.74241765 1.95758941
-0.37487 5.73203749 1.95783759
-0.37387 5.72221030 1.95807288
-0.37287 5.71291153 1.95829585
-0.37187 5.70411839 1.95850704
-0.37087 5.69580969 1.95870695
-0.36987 5.68796576 1.95889603
-0.36887 5.68056831 1.95907471
-0.36787 5.67360039 1.95924339
-0.36687 5.66704626 1.95940244
-0.36587 5.66089134 1.95955222
-0.36486 5.65512214 1.95969303
-0.36386 5.64972617 1.95982517
-0.36286 5.64469191 1.95994892
-0.36186 5.64000876 1.96006454
-0.36086 5.63566696 1.96017225
-0.35986 5.63165760 1.96027229
-0.35886 5.62797254 1.96036483
-0.35786 5.62460437 1.96045008
-0.35686 5.62154641 1.96052819
-0.35586 5.61879269 1.96059932
-0.35485 5.61633788 1.96066361
-0.35385 5.61417731 1.96072118
-0.35285 5.61230692 1.96077214
-0.35185 5.61072328 1.96081659
-0.35085 5.60942356 1.96085462
-0.34985 5.60840551 1.96088629
-0.34885 5.60766748 1.96091168
-0.34785 5.60720837 1.96093082
-0.34685 5.60702769 1.96094376
-0.34585 5.60712550 1.96095053
-0.34484 5.60750247 1.96095113
-0.34384 5.60815982 1.96094558
-0.34284 5.60909940 1.96093386
-0.34184 5.61032365 1.96091595
-0.34084 5.61183562 1.96089184
-0.33984 5.61363900 1.96086146
-0.33884 5.61573815 1.96082477
-0.33784 5.61813810 1.96078171
-0.33684 5.62084459 1.96073218
-0.33584 5.62386407 1.96067611
-0.33483 5.62720379 1.96061337
-0.33383 5.63087179 1.96054386
-0.33283 5.63487697 1.96046744
-0.33183 5.63922913 1.96038395
-0.33083 5.64393901 1.96029323
-0.32983 5.64901835 1.96019510
-0.32883 5.65448000 1.96008935
-0.32783 5.66033792 1.95997576
-0.32683 5.66660732 1.95985409
-0.32583 5.67330473 1.95972407
-0.32482 5.68044808 1.95958542
-0.32382 5.68805684 1.95943783
-0.32282 5.69615210 1.95928095
-0.32182 5.70475675 1.95911441
-0.32082 5.71389560 1.95893783
-0.31982 5.72359555 1.95875075
-0.31882 5.73388577 1.95855271
-0.31782 5.74479791 1.95834320
-0.31682 5.75636633 1.95812167
-0.31582 5.76862832 1.95788750
-0.31481 5.78162443 1.95764005
-0.31381 5.79539875 1.95737859
-0.31281 5.80999926 1.95710237
-0.31181 5.82547824 1.95681053
-0.31081 5.84189272 1.95650215
-0.30981 5.85930495 1.95617623
-0.30881 5.87778297 1.95583168
-0.30781 5.89740126 1.95546729
-0.30681 5.91824145 1.95508175
-0.30581 5.94039311 1.95467363
-0.30480 5.96395471 1.95424133
-0.30380 5.98903464 1.95378313
-0.30280 6.01575241 1.95329710
-0.30180 6.04424006 1.95278113
-0.30080 6.07464369 1.95223289
-0.29980 6.10712528 1.95164977
-0.29880 6.14186480 1.95102891
-0.29780 6.17906261 1.95036711
-0.29680 6.21894224 1.94966079
-0.29580 6.26175369 1.94890597
-0.29479 6.30777718 1.94809820
-0.29379 6.35732765 1.94723245
-0.29279 6.41075996 1.94630308
-0.29179 6.46847506 1.94530371
-0.29079 6.53092730 1.94422714
-0.28979 6.59863310 1.94306515
-0.28879 6.67218129 1.94180841
-0.28779 6.75224555 1.94044623
-0.28679 6.83959930 1.93896637
-0.28579 6.93513375 1.93735471
-0.28478 7.03987989 1.93559493
-0.28378 7.15503524 1.93366809
-0.28278 7.28199678 1.93155211
-0.28178 7.42240157 1.92922112
-0.28078 7.57817721 1.92664469
-0.27978 7.75160492 1.92378681
-0.27878 7.94539883 1.92060466
-0.27778 8.16280633 1.91704706
-0.27678 8.40773603 1.91305240
-0.27578 8.68492196 1.90854612
-0.27477 9.00013585 1.90343737
-0.27377 9.36046364 1.89761464
-0.27277 9.77466828 1.89094015
-0.27177 10.25366923 1.88324224
-0.27077 10.81118051 1.87430549
-0.26977 11.46456504 1.86385727
-0.26877 12.23598368 1.85154983
-0.26777 13.15394417 1.83693611
-0.26677 14.25538462 1.81943720
-0.26577 15.58844939 1.79829910
-0.26476 17.21610193 1.77253654
-0.26376 19.22059166 1.74086364
-0.26276 21.70835751 1.70161831
-0.26176 24.81376103 1.65270565
-0.26076 28.69714227 1.59163154
-0.25976 33.52635304 1.51579658
-0.25876 39.41928299 1.42340212
-0.25776 46.31121262 1.31553175
-0.25676 53.72169332 1.19979488
-0.25576 60.50603028 1.09418312
-0.25475 64.93124041 1.02581184
-0.25375 65.47180224 1.01840753
-0.25275 61.91955062 1.07498381
-0.25175 55.55806231 1.17525512
-0.25075 48.17218111 1.29122825
-0.24975 41.08531448 1.40223954
-0.24875 34.92611800 1.49853446
-0.24775 29.83842056 1.57793717
-0.24675 25.73408557 1.64188017
-0.24575 22.45031070 1.69294483
-0.24474 19.82220556 1.73373142
-0.24374 17.70837413 1.76646384
-0.24274 15.99564391 1.79291910
-0.24174 14.59617095 1.81447478
-0.24074 13.44261134 1.83218594
-0.23974 12.48348072 1.84685848
-0.23874 11.67932159 1.85910955
-0.23774 10.99973027 1.86941439
-0.23674 10.42111578 1.87814147
-0.23574 9.92503107 1.88557877
-0.23473 9.49693490 1.89195312
-0.23373 9.12527209 1.89744467
-0.23273 8.80078738 1.90219760
-0.23173 8.51601064 1.90632822
-0.23073 8.26486807 1.90993101
-0.22973 8.04238640 1.91308330
-0.22873 7.84446618 1.91584874
-0.22773 7.66770674 1.91828011
-0.22673 7.50927009 1.92042140
-0.22573 7.36677429 1.92230949
-0.22472 7.23820935 1.92397545
-0.22372 7.12187050 1.92544561
-0.22272 7.01630479 1.92674236
-0.22172 6.92026828 1.92788484
-0.22072 6.83269126 1.92888946
-0.21972 6.75265012 1.92977037
-0.21872 6.67934427 1.93053980
-0.21772 6.61207715 1.93120833
-0.21672 6.55024060 1.93178519
-0.21572 6.49330187 1.93227841
-0.21471 6.44079279 1.93269502
-0.21371 6.39230069 1.93304119
-0.21271 6.34746078 1.93332231
-0.21171 6.30594974 1.93354315
-0.21071 6.26748024 1.93370789
-0.20971 6.23179632 1.93382022
-0.20871 6.19866945 1.93388340
-0.20771 6.16789512 1.93390030
-0.20671 6.13928995 1.93387346
-0.20571 6.11268919 1.93380511
-0.20470 6.08794455 1.93369722
-0.20370 6.06492231 1.93355151
-0.20270 6.04350173 1.93336950
-0.20170 6.02357362 1.93315252
-0.20070 6.00503907 1.93290170
-0.19970 5.98780840 1.93261803
-0.19870 5.97180023 1.93230237
-0.19770 5.95694057 1.93195541
-0.19670 5.94316218 1.93157775
-0.19570 5.93040386 1.93116986
-0.19469 5.91860987 1.93073211
-0.19369 5.90772948 1.93026477
-0.19269 5.89771646 1.92976801
-0.19169 5.88852873 1.92924194
-0.19069 5.88012795 1.92868654
-0.18969 5.87247927 1.92810174
-0.18869 5.86555099 1.92748740
-0.18769 5.85931435 1.92684327
-0.18669 5.85374329 1.92616904
-0.18569 5.84881426 1.92546435
-0.18468 5.84450601 1.92472873
-0.18368 5.84079949 1.92396165
-0.18268 5.83767768 1.92316252
-0.18168 5.83512545 1.92233066
-0.18068 5.83312948 1.92146532
-0.17968 5.83167815 1.92056566
-0.17868 5.83076144 1.91963077
-0.17768 5.83037092 1.91865967
-0.17668 5.83049959 1.91765126
-0.17568 5.83114190 1.91660438
-0.17467 5.83229371 1.91551777
-0.17367 5.83395218 1.91439005
-0.17267 5.83611583 1.91321977
-0.17167 5.83878447 1.91200533
-0.17067 5.84195919 1.91074505
-0.16967 5.84564238 1.90943709
-0.16867 5.84983770 1.90807950
-0.16767 5.85455013 1.90667017
-0.16667 5.85978595 1.90520685
-0.16567 5.86555278 1.90368711
-0.16466 5.87185962 1.90210835
-0.16366 5.87871687 1.90046778
-0.16266 5.88613642 1.89876237
-0.16166 5.89413167 1.89698890
-0.16066 5.90271760 1.89514388
-0.15966 5.91191090 1.89322355
-0.15866 5.92173000 1.89122385
-0.15766 5.93219519 1.88914041
-0.15666 5.94332878 1.88696848
-0.15566 5.95515517 1.88470293
-0.15465 5.96770107 1.88233820
-0.15365 5.98099560 1.87986824
-0.15265 5.99507054 1.87728647
-0.15165 6.00996050 1.87458572
-0.15065 6.02570320 1.87175815
-0.14965 6.04233973 1.86879520
-0.14865 6.05991487 1.86568747
-0.14765 6.07847741 1.86242463
-0.14665 6.09808060 1.85899531
-0.14565 6.11878255 1.85538695
-0.14464 6.14064679 1.85158563
-0.14364 6.16374284 1.84757591
-0.14264 6.18814687 1.84334057
-0.14164 6.21394251 1.83886037
-0.14064 6.24122174 1.83411376
-0.13964 6.27008592 1.82907642
-0.13864 6.30064698 1.82372091
-0.13764 6.33302889 1.81801604
-0.13664 6.36736931 1.81192625
-0.13564 6.40382155 1.80541073
-0.13463 6.44255694 1.79842245
-0.13363 6.48376768 1.79090681
-0.13263 6.52767025 1.78280004
-0.13163 6.57450967 1.77402705
-0.13063 6.62456463 1.76449874
-0.12963 6.67815414 1.75410835
-0.12863 6.73564581 1.74272665
-0.12763 6.79746672 1.73019532
-0.12663 6.86411788 1.71631780
-0.12563 6.93619398 1.70084615
-0.12462 7.01441134 1.68346198
-0.12362 7.09964931 1.66374745
-0.12262 7.19301478 1.64114006
-0.12162 7.29595016 1.61485840
-0.12062 7.41043002 1.58377429
-0.11962 7.53936060 1.54617758
-0.11862 7.68751273 1.49931007
-0.11762 7.86412912 1.43836864
-0.11662 8.09207490 1.35439423
-0.11562 8.44502311 1.23433251
-0.11461 9.05842514 1.10752387
-0.11361 9.81659529 1.03365603
-0.11261 10.62415777 0.98954234
-0.11161 11.51195481 0.95637434
-0.11061 12.53597384 0.92694634
-0.10961 13.77943526 0.89762889
-0.10861 15.38629166 0.86574799
-0.10761 17.64952288 0.82858181
-0.10661 21.28997794 0.78363406
-0.10561 28.30848775 0.73952402
-0.10460 34.44257430 0.66474670
-0.10360 20.33413321 0.40699182
-0.10260 13.55792888 0.29587812
-0.10160 11.85456482 0.25968106
-0.10060 11.96306160 0.25060180
-0.09960 13.13824826 0.25761496
-0.09860 15.55049242 0.28202209
-0.09760 20.46781195 0.33778639
-0.09660 30.18965942 0.43431693
-0.09560 21.64890856 0.25784654
-0.09459 9.03005242 0.09011138
-0.09359 4.68278770 0.04018206
-0.09259 2.92578280 0.02203648
-0.09159 2.05164206 0.01377848
-0.09059 1.54972337 0.00939432
-0.08959 1.23167037 0.00680511
-0.08859 1.01539743 0.00515368
-0.08759 0.86041480 0.00403775
-0.08659 0.74478876 0.00324911
-0.08559 0.65574044 0.00267152
-0.08458 0.58538056 0.00223603
-0.08358 0.52860355 0.00189968
-0.08258 0.48197403 0.00163458
-0.08158 0.44310357 0.00142199
-0.08058 0.41028470 0.00124896
-0.07958 0.38226727 0.00110628
-0.07858 0.35811665 0.00098727
-0.07758 0.33712133 0.00088701
-0.07658 0.31873084 0.00080177
-0.07558 0.30251317 0.00072872
-0.07457 0.28812495 0.00066565
-0.07357 0.27529008 0.00061085
-0.07257 0.26378426 0.00056293
-0.07157 0.25342351 0.00052082
-0.07057 0.24405567 0.00048361
-0.06957 0.23555385 0.00045059
-0.06857 0.22781150 0.00042116
-0.06757 0.22073854 0.00039482
-0.06657 0.21425836 0.00037117
-0.06557 0.20830539 0.00034985
-0.06456 0.20282328 0.00033059
-0.06356 0.19776329 0.00031313
-0.06256 0.19308311 0.00029726
-0.06156 0.18874587 0.00028280
-0.06056 0.18471926 0.00026959
-0.05956 0.18097490 0.00025750
-0.05856 0.17748776 0.00024642
-0.05756 0.17423568 0.00023623
-0.05656 0.17119900 0.00022686
-0.05556 0.16836023 0.00021822
-0.05455 0.16570374 0.00021025
-0.05355 0.16321555 0.00020288
-0.05255 0.16088311 0.00019607
-0.05155 0.15869515 0.00018976
-0.05055 0.15664151 0.00018390
-0.04955 0.15471301 0.00017848
-0.04855 0.15290136 0.00017344
-0.04755 0.15119904 0.00016876
-0.04655 0.14959924 0.00016442
-0.04555 0.14809575 0.00016038
-0.04454 0.14668295 0.00015663
-0.04354 0.14535571 0.00015315
-0.04254 0.14410936 0.00014992
-0.04154 0.14293963 0.00014692
-0.04054 0.14184264 0.00014414
-0.03954 0.14081483 0.00014157
-0.03854 0.13985297 0.00013920
-0.03754 0.13895412 0.00013700
-0.03654 0.13811557 0.00013499
-0.03554 0.13733488 0.00013313
-0.03453 0.13660981 0.00013144
-0.03353 0.13593835 0.00012990
-0.03253 0.13531866 0.00012851
-0.03153 0.13474909 0.00012725
-0.03053 0.13422815 0.00012613
-0.02953 0.13375451 0.00012514
-0.02853 0.13332700 0.00012428
-0.02753 0.13294457 0.00012355
-0.02653 0.13260633 0.00012294
-0.02553 0.13231150 0.00012244
-0.02452 0.13205943 0.00012207
-0.02352 0.13184961 0.00012181
-0.02252 0.13168163 0.00012167
-0.02152 0.13155520 0.00012164
-0.02052 0.13147015 0.00012173
-0.01952 0.13142642 0.00012194
-0.01852 0.13142408 0.00012227
-0.01752 0.13146329 0.00012272
-0.01652 0.13154437 0.00012329
-0.01552 0.13166772 0.00012398
-0.01451 0.13183391 0.00012481
-0.01351 0.13204359 0.00012576
-0.01251 0.13229759 0.00012686
-0.01151 0.13259686 0.00012809
-0.01051 0.13294251 0.00012947
-0.00951 0.13333581 0.00013100
-0.00851 0.13377821 0.00013270
-0.00751 0.13427131 0.00013457
-0.00651 0.13481696 0.00013661
-0.00551 0.13541719 0.00013884
-0.00450 0.13607426 0.00014128
-0.00350 0.13679071 0.00014393
-0.00250 0.13756935 0.00014680
-0.00150 0.13841329 0.00014993
-0.00050 0.13932599 0.00015331
0.00050 0.14031128 0.00015698
0.00150 0.14137342 0.00016095
0.00250 0.14251713 0.00016526
0.00350 0.14374767 0.00016993
0.00450 0.14507087 0.00017499
0.00551 0.14649325 0.00018048
0.00651 0.14802208 0.00018645
0.00751 0.14966549 0.00019293
0.00851 0.15143262 0.00019999
0.00951 0.15333372 0.00020769
0.01051 0.15538035 0.00021609
0.01151 0.15758559 0.00022528
0.01251 0.15996429 0.00023536
0.01351 0.16253334 0.00024643
0.01451 0.16531209 0.00025862
0.01552 0.16832274 0.00027209
0.01652 0.17159090 0.00028702
0.01752 0.17514632 0.00030361
0.01852 0.17902368 0.00032212
0.01952 0.18326369 0.00034285
0.02052 0.18791452 0.00036619
0.02152 0.19303350 0.00039257
0.02252 0.19868955 0.00042257
0.02352 0.20496620 0.00045689
0.02452 0.21196585 0.00049641
0.02553 0.21981554 0.00054227
0.02653 0.22867499 0.00059595
0.02753 0.23874826 0.00065941
0.02853 0.25030093 0.00073530
0.02953 0.26368627 0.00082726
0.03053 0.27938677 0.00094051
0.03153 0.29808313 0.00108268
0.03253 0.32077567 0.00126553
0.03353 0.34901416 0.00150812
0.03453 0.38537564 0.00184366
0.03554 0.43458926 0.00233623
0.03654 0.50666417 0.00312851
0.03754 0.62756557 0.00461193
0.03854 0.87378924 0.00803719
0.03954 1.30072623 0.01476212
0.04054 1.75723066 0.02292991
0.04154 2.22320229 0.03235291
0.04254 2.78893669 0.04478358
0.04354 3.54181919 0.06273500
0.04454 4.33680461 0.08613018
0.04555 5.13367279 0.11763188
0.04655 5.97894956 0.16586587
0.04755 6.92203924 0.25419260
0.04855 7.84661251 0.41559073
0.04955 8.49132242 0.58389255
0.05055 9.04212037 0.73450162
0.05155 9.56300608 0.91719338
0.05255 9.77732825 1.10085227
0.05355 9.75665257 1.23443478
0.05455 9.65104231 1.33174836
0.05556 9.51519694 1.40621318
0.05656 9.36988586 1.46540328
0.05756 9.22408716 1.51378263
0.05856 9.08194579 1.55417108
0.05956 8.94537606 1.58845414
0.06056 8.81518217 1.61794973
0.06156 8.69159135 1.64361199
0.06256 8.57452592 1.66615146
0.06356 8.46374912 1.68610979
0.06456 8.35894576 1.70390802
0.06557 8.25976784 1.71987896
0.06657 8.16586035 1.73428949
0.06757 8.07687579 1.74735634
0.06857 7.99248203 1.75925750
0.06957 7.91236623 1.77014058
0.07057 7.83623639 1.78012911
0.07157 7.76382159 1.78932727
0.07257 7.69487135 1.79782361
0.07357 7.62915463 1.80569386
0.07457 7.56645858 1.81300321
0.07558 7.50658720 1.81980807
0.07658 7.44936003 1.82615753
0.07758 7.39461083 1.83209449
0.07858 7.34218642 1.83765664
0.07958 7.29194549 1.84287721
0.08058 7.24375761 1.84778561
0.08158 7.19750224 1.85240798
0.08258 7.15306789 1.85676764
0.08358 7.11035130 1.86088541
0.08458 7.06925675 1.86478002
0.08559 7.02969540 1.86846830
0.08659 6.99158468 1.87196542
0.08759 6.95484782 1.87528514
0.08859 6.91941330 1.87843990
0.08959 6.88521445 1.88144104
0.09059 6.85218904 1.88429887
0.09159 6.82027893 1.88702283
0.09259 6.78942977 1.88962151
0.09359 6.75959063 1.89210283
0.09459 6.73071382 1.89447403
0.09560 6.70275459 1.89674180
0.09660 6.67567092 1.89891227
0.09760 6.64942331 1.90099113
0.09860 6.62397462 1.90298362
0.09960 6.59928987 1.90489461
0.10060 6.57533611 1.90672858
0.10160 6.55208225 1.90848973
0.10260 6.52949895 1.91018193
0.10360 6.50755850 1.91180882
0.10460 6.48623469 1.91337376
0.10561 6.46550275 1.91487990
0.10661 6.44533920 1.91633019
0.10761 6.42572180 1.91772736
0.10861 6.40662949 1.91907400
0.10961 6.38804225 1.92037251
0.11061 6.36994110 1.92162517
0.11161 6.35230800 1.92283410
0.11261 6.33512580 1.92400130
0.11361 6.31837820 1.92512865
0.11461 6.30204967 1.92621792
0.11562 6.28612542 1.92727078
0.11662 6.27059138 1.92828881
0.11762 6.25543411 1.92927349
0.11862 6.24064081 1.93022623
0.11962 6.22619925 1.93114836
0.12062 6.21209776 1.93204113
0.12162 6.19832518 1.93290574
0.12262 6.18487085 1.93374331
0.12362 6.17172459 1.93455492
0.12462 6.15887663 1.93534158
0.12563 6.14631765 1.93610425
0.12663 6.13403870 1.93684386
0.12763 6.12203122 1.93756126
0.12863 6.11028701 1.93825730
0.12963 6.09879818 1.93893276
0.13063 6.08755721 1.93958840
0.13163 6.07655683 1.94022492
0.13263 6.06579010 1.94084302
0.13363 6.05525035 1.94144334
0.13463 6.04493114 1.94202651
0.13564 6.03482633 1.94259312
0.13664 6.02492999 1.94314374
0.13764 6.01523641 1.94367891
0.13864 6.00574011 1.94419915
0.13964 5.99643582 1.94470496
0.14064 5.98731846 1.94519681
0.14164 5.97838314 1.94567517
0.14264 5.96962515 1.94614046
0.14364 5.96103994 1.94659310
0.14464 5.95262316 1.94703351
0.14565 5.94437058 1.94746205
0.14665 5.93627814 1.94787911
0.14765 5.92834191 1.94828503
0.14865 5.92055812 1.94868016
0.14965 5.91292311 1.94906482
0.15065 5.90543336 1.94943934
0.15165 5.89808546 1.94980401
0.15265 5.89087615 1.95015912
0.15365 5.88380224 1.95050496
0.15465 5.87686066 1.95084179
0.15566 5.87004847 1.95116988
0.15666 5.86336279 1.95148948
0.15766 5.85680086 1.95180082
0.15866 5.85036001 1.95210415
0.15966 5.84403765 1.95239967
0.16066 5.83783128 1.95268762
0.16166 5.83173850 1.95296820
0.16266 5.82575694 1.95324161
0.16366 5.81988437 1.95350805
0.16466 5.81411858 1.95376769
0.16567 5.80845746 1.95402074
0.16667 5.80289896 1.95426735
0.16767 5.79744110 1.95450771
0.16867 5.79208196 1.95474197
0.16967 5.78681969 1.95497029
0.17067 5.78165248 1.95519283
0.17167 5.77657859 1.95540973
0.17267 5.77159635 1.95562114
0.17367 5.76670412 1.95582719
0.17467 5.76190033 1.95602803
0.17568 5.75718345 1.95622377
0.17668 5.75255201 1.95641456
0.17768 5.74800457 1.95660050
0.17868 5.74353976 1.95678172
0.17968 5.73915624 1.95695833
0.18068 5.73485271 1.95713045
0.18168 5.73062793 1.95729818
0.18268 5.72648069 1.95746162
0.18368 5.72240982 1.95762088
0.18468 5.71841419 1.95777606
0.18569 5.71449272 1.95792725
0.18669 5.71064435 1.95807455
0.18769 5.70686807 1.95821804
0.18869 5.70316290 1.95835781
0.18969 5.69952790 1.95849394
0.19069 5.69596215 1.95862653
0.19169 5.69246479 1.95875564
0.19269 5.68903497 1.95888137
0.19369 5.68567189 1.95900377
0.19469 5.68237476 1.95912293
0.19570 5.67914285 1.95923892
0.19670 5.67597544 1.95935180
0.19770 5.67287185 1.95946165
0.19870 5.66983143 1.95956852
0.19970 5.66685356 1.95967249
0.20070 5.66393765 1.95977361
0.20170 5.66108313 1.95987195
0.20270 5.65828948 1.95996757
0.20370 5.65555619 1.96006051
0.20470 5.65288279 1.96015084
0.20571 5.65026884 1.96023861
0.20671 5.64771393 1.96032387
0.20771 5.64521766 1.96040667
0.20871 5.64277970 1.96048707
0.20971 5.64039971 1.96056511
0.21071 5.63807740 1.96064084
0.21171 5.63581251 1.96071430
0.21271 5.63360480 1.96078554
0.21371 5.63145407 1.96085460
0.21471 5.62936015 1.96092153
0.21572 5.62732291 1.96098636
0.21672 5.62534224 1.96104913
0.21772 5.62341806 1.96110989
0.21872 5.62155034 1.96116867
0.21972 5.61973908 1.96122550
0.22072 5.61798431 1.96128043
0.22172 5.61628610 1.96133349
0.22272 5.61464456 1.96138470
0.22372 5.61305984 1.96143411
0.22472 5.61153212 1.96148175
0.22573 5.61006164 1.96152764
0.22673 5.60864868 1.96157182
0.22773 5.60729355 1.96161431
0.22873 5.60599662 1.96165515
0.22973 5.60475831 1.96169435
0.23073 5.60357909 1.96173196
0.23173 5.60245949 1.96176798
0.23273 5.60140009 1.96180245
0.23373 5.60040153 1.96183539
0.23473 5.59946452 1.96186683
0.23574 5.59858984 1.96189678
0.23674 5.59777832 1.96192527
0.23774 5.59703088 1.96195231
0.23874 5.59634853 1.96197793
0.23974 5.59573235 1.96200215
0.24074 5.59518350 1.96202498
0.24174 5.59470327 1.96204645
0.24274 5.59429302 1.96206656
0.24374 5.59395423 1.96208534
0.24474 5.59368850 1.96210279
0.24575 5.59349755 1.96211894
0.24675 5.59338323 1.96213379
0.24775 5.59334756 1.96214737
0.24875 5.59339269 1.96215967
0.24975 5.59352094 1.96217071
0.25075 5.59373482 1.96218050
0.25175 5.59403705 1.96218904
0.25275 5.59443053 1.96219636
0.25375 5.59491842 1.96220244
0.25475 5.59550411 1.96220730
0.25576 5.59619130 1.96221094
0.25676 5.59698395 1.96221337
0.25776 5.59788638 1.96221458
0.25876 5.59890325 1.96221458
0.25976 5.60003961 1.96221336
0.26076 5.60130098 1.96221093
0.26176 5.60269331 1.96220728
0.26276 5.60422313 1.96220240
0.26376 5.60589751 1.96219629
0.26476 5.60772420 1.96218893
0.26577 5.60971167 1.96218032
0.26677 5.61186919 1.96217045
0.26777 5.61420693 1.96215929
0.26877 5.61673607 1.96214683
0.26977 5.61946893 1.96213305
0.27077 5.62241912 1.96211792
0.27177 5.62560167 1.96210142
0.27277 5.62903327 1.96208351
0.27377 5.63273248 1.96206416
0.27477 5.63671997 1.96204333
0.27578 5.64101888 1.96202098
0.27678 5.64565512 1.96199705
0.27778 5.65065789 1.96197148
0.27878 5.65606012 1.96194422
0.27978 5.66189915 1.96191520
0.28078 5.66821744 1.96188432
0.28178 5.67506353 1.96185151
0.28278 5.68249310 1.96181666
0.28378 5.69057039 1.96177965
0.28478 5.69936989 1.96174036
0.28579 5.70897847 1.96169864
0.28679 5.71949805 1.96165433
0.28779 5.73104907 1.96160723
0.28879 5.74377488 1.96155714
0.28979 5.75784755 1.96150381
0.29079 5.77347541 1.96144697
0.29179 5.79091337 1.96138630
0.29279 5.81047680 1.96132144
0.29379 5.83256090 1.96125199
0.29479 5.85766812 1.96117748
0.29580 5.88644805 1.96109739
0.29680 5.91975684 1.96101116
0.29780 5.95874893 1.96091821
0.29880 6.00502375 1.96081795
0.29980 6.06087175 1.96071000
0.30080 6.12971001 1.96059441
0.30180 6.21690943 1.96047246
0.30280 6.33150978 1.96034847
0.30380 6.49021019 1.96023499
0.30480 6.72819247 1.96016948
0.30581 7.13472326 1.96028068
0.30681 7.97567308 1.96109673
0.30781 9.56043279 1.96382760
0.30881 11.25259482 1.96799627
0.30981 12.75379103 1.97302504
0.31081 14.13323904 1.97927465
0.31181 15.45872881 1.98748449
0.31281 16.78175447 1.99896339
0.31381 18.15019421 2.01633936
0.31481 19.61597246 2.04584616
0.31582 21.19651315 2.10511236
0.31682 22.45597015 2.22710300
0.31782 22.63105781 2.36157026
0.31882 22.27792357 2.45645637
0.31982 21.79832082 2.52352532
0.32082 21.30028420 2.57371866
0.32182 20.81595855 2.61297302
0.32282 20.35564253 2.64466605
0.32382 19.92207706 2.67086838
0.32482 19.51509936 2.69293084
0.32583 19.13340379 2.71177904
0.32683 18.77527496 2.72807239
0.32783 18.43890952 2.74229571
0.32883 18.12255878 2.75481482
0.32983 17.82458893 2.76591180
0.33083 17.54350204 2.77580817
0.33183 17.27793822 2.78468071
0.33283 17.02666914 2.79267243
0.33383 16.78858774 2.79990041
0.33483 16.56269685 2.80646157
0.33584 16.34809785 2.81243689
0.33684 16.14398002 2.81789461
0.33784 15.94961087 2.82289270
0.33884 15.76432739 2.82748073
0.33984 15.58752841 2.83170138
0.34084 15.41866768 2.83559162
0.34184 15.25724797 2.83918360
0.34284 15.10281572 2.84250547
0.34384 14.95495645 2.84558200
0.34484 14.81329070 2.84843500
0.34585 14.67747041 2.85108385
0.34685 14.54717581 2.85354577
0.34785 14.42211260 2.85583613
0.34885 14.30200953 2.85796870
0.34985 14.18661621 2.85995584
0.35085 14.07570116 2.86180870
0.35185 13.96905013 2.86353735
0.35285 13.86646456 2.86515090
0.35385 13.76776022 2.86665762
0.35485 13.67276597 2.86806505
0.35586 13.58132274 2.86938004
0.35686 13.49328249 2.87060887
0.35786 13.40850737 2.87175727
0.35886 13.32686892 2.87283051
0.35986 13.24824738 2.87383341
0.36086 13.17253103 2.87477042
0.36186 13.09961563 2.87564563
0.36286 13.02940393 2.87646282
0.36386 12.96180514 2.87722548
0.36486 12.89673455 2.87793682
0.36587 12.83411316 2.87859983
0.36687 12.77386729 2.87921728
0.36787 12.71592830 2.87979172
0.36887 12.66023232 2.88032553
0.36987 12.60671997 2.88082093
0.37087 12.55533613 2.88127995
0.37187 12.50602976 2.88170451
0.37287 12.45875370 2.88209638
0.37387 12.41346453 2.88245719
0.37487 12.37012237 2.88278849
0.37588 12.32869084 2.88309169
0.37688 12.28913688 2.88336811
0.37788 12.25143066 2.88361897
0.37888 12.21554556 2.88384542
0.37988 12.18145803 2.88404849
0.38088 12.14914761 2.88422915
0.38188 12.11859683 2.88438831
0.38288 12.08979123 2.88452678
0.38388 12.06271935 2.88464531
0.38488 12.03737269 2.88474458
0.38589 12.01374580 2.88482521
0.38689 11.99183624 2.88488775
0.38789 11.97164468 2.88493271
0.38889 11.95317493 2.88496050
0.38989 11.93643403 2.88497151
0.39089 11.92143235 2.88496603
0.39189 11.90818368 2.88494433
0.39289 11.89670538 2.88490659
0.39389 11.88701851 2.88485295
0.39489 11.87914804 2.88478347
0.39590 11.87312300 2.88469815
0.39690 11.86897670 2.88459693
0.39790 11.86674703 2.88447967
0.39890 11.86647667 2.88434616
0.39990 11.86821345 2.88419612
0.40090 11.87201068 2.88402918
0.40190 11.87792753 2.88384488
0.40290 11.88602947 2.88364268
0.40390 11.89638875 2.88342192
0.40490 11.90908497 2.88318184
0.40591 11.92420562 2.88292156
0.40691 11.94184682 2.88264007
0.40791 11.96211401 2.88233621
0.40891 11.98512283 2.88200866
0.40991 12.01100005 2.88165594
0.41091 12.03988462 2.88127637
0.41191 12.07192884 2.88086804
0.41291 12.10729970 2.88042882
0.41391 12.14618036 2.87995630
0.41491 12.18877183 2.87944777
0.41592 12.23529484 2.87890018
0.41692 12.28599202 2.87831011
0.41792 12.34113027 2.87767368
0.41892 12.40100350 2.87698655
0.41992 12.46593575 2.87624382
0.42092 12.53628468 2.87543994
0.42192 12.61244562 2.87456866
0.42292 12.69485612 2.87362289
0.42392 12.78400118 2.87259461
0.42492 12.88041921 2.87147470
0.42593 12.98470891 2.87025280
0.42693 13.09753710 2.86891709
0.42793 13.21964780 2.86745411
0.42893 13.35187260 2.86584842
0.42993 13.49514265 2.86408236
0.43093 13.65050256 2.86213561
0.43193 13.81912629 2.85998481
0.43293 14.00233574 2.85760298
0.43393 14.20162198 2.85495892
0.43493 14.41867001 2.85201646
0.43594 14.65538711 2.84873355
0.43694 14.91393568 2.84506124
0.43794 15.19677072 2.84094237
0.43894 15.50668275 2.83631004
0.43994 15.84684633 2.83108584
0.44094 16.22087444 2.82517767
0.44194 16.63287837 2.81847717
0.44294 17.08753207 2.81085671
0.44394 17.59013870 2.80216587
0.44494 18.14669507 2.79222737
0.44595 18.76394644 2.78083254
0.44695 19.44941967 2.76773629
0.44795 20.21141484 2.75265197
0.44895 21.05892578 2.73524657
0.44995 22.00144406 2.71513709
0.45095 23.04858152 2.69188968
0.45195 24.20942049 2.66502383
0.45295 25.49147264 2.63402527
0.45395 26.89910370 2.59837275
0.45495 28.43127983 2.55758520
0.45596 30.07854340 2.51129694
0.45696 31.81928434 2.45936711
0.45796 33.61569585 2.40202378
0.45896 35.41032714 2.34003026
0.45996 37.12479336 2.27483952
0.46096 38.66267797 2.20867666
0.46196 39.91840534 2.14447323
0.46296 40.79229204 2.08559301
0.46396 41.20913331 2.03535430
0.46496 41.13480949 1.99645316
0.46597 40.58466235 1.97047023
0.46697 39.62010276 1.95763563
0.46797 38.33485885 1.95692055
0.46897 36.83633159 1.96638679
0.46997 35.22833514 1.98364149
0.47097 33.59931452 2.00624933
0.47197 32.01700144 2.03201846
0.47297 30.52822114 2.05914583
0.47397 29.16175870 2.08625125
0.47497 27.93242870 2.11234271
0.47598 26.84513265 2.13674972
0.47698 25.89830170 2.15904973
0.47798 25.08654317 2.17900072
0.47898 24.40253707 2.19648566
0.47998 23.83832074 2.21146955
0.48098 23.38611552 2.22396759
0.48198 23.03883080 2.23402259
0.48298 22.79035175 2.24168919
0.48398 22.63568813 2.24702329
0.48498 22.57103831 2.25007514
0.48599 22.59380438 2.25088509
0.48699 22.70258133 2.24948117
0.48799 22.89713373 2.24587816
0.48899 23.17836653 2.24007769
0.48999 23.54829145 2.23206933
0.49099 24.00998576 2.22183281
0.49199 24.56753624 2.20934128
0.49299 25.22595625 2.19456608
0.49399 25.99105886 2.17748333
0.49499 26.86926315 2.15808276
0.49600 27.86730455 2.13637943
0.49700 28.99181525 2.11242856
0.49800 30.24873909 2.08634392
0.49900 31.64255177 2.05831929
0.50000 33.17527878 2.02865168
