-1.50000 60.24898524 2.65971457
-1.49700 63.11637807 2.73406820
-1.49399 61.72991993 2.78498360
-1.49099 55.34806714 2.77300081
-1.48799 47.39326681 2.72822299
-1.48498 40.55990124 2.68871044
-1.48198 35.43639854 2.66732055
-1.47898 31.73069762 2.66270342
-1.47598 29.04065376 2.67028458
-1.47297 27.05417015 2.68601361
-1.46997 25.55764259 2.70698543
-1.46697 24.40887871 2.73125170
-1.46396 23.51272169 2.75753564
-1.46096 22.80438135 2.78500722
-1.45796 22.23880376 2.81312889
-1.45495 21.78398006 2.84155445
-1.45195 21.41670106 2.87006343
-1.44895 21.11981935 2.89851845
-1.44595 20.88044910 2.92683731
-1.44294 20.68875840 2.95497457
-1.43994 20.53714322 2.98290926
-1.43694 20.41965184 3.01063655
-1.43393 20.33157682 3.03816212
-1.43093 20.26916107 3.06549823
-1.42793 20.22938298 3.09266095
-1.42492 20.20979725 3.11966821
-1.42192 20.20841537 3.14653828
-1.41892 20.22361497 3.17328862
-1.41592 20.25407018 3.19993488
-1.41291 20.29869772 3.22648996
-1.40991 20.35661452 3.25296310
-1.40691 20.42710428 3.27935882
-1.40390 20.50959049 3.30567570
-1.40090 20.60361449 3.33190491
-1.39790 20.70881705 3.35802832
-1.39489 20.82492254 3.38401614
-1.39189 20.95172449 3.40982381
-1.38889 21.08907165 3.43538796
-1.38589 21.23685340 3.46062109
-1.38288 21.39498308 3.48540443
-1.37988 21.56337753 3.50957842
-1.37688 21.74192996 3.53292957
-1.37387 21.93047243 3.55517256
-1.37087 22.12872153 3.57592488
-1.36787 22.33619745 3.59467076
-1.36486 22.55209941 3.61070843
-1.36186 22.77510826 3.62307077
-1.35886 23.00306204 3.63040198
-1.35586 23.23239898 3.63075641
-1.35285 23.45714334 3.62124975
-1.34985 23.66690040 3.59739838
-1.34685 23.84236639 3.55169448
-1.34384 23.94295152 3.46983951
-1.34084 23.85566435 3.31666287
-1.33784 22.88752824 2.96941552
-1.33483 21.18052718 2.76488734
-1.33183 20.49799626 2.69930796
-1.32883 20.28608268 2.64619056
-1.32583 20.34710085 2.58094405
-1.32282 20.62585319 2.47352825
-1.31982 23.02531326 2.22344413
-1.31682 32.08663495 2.01115908
-1.31381 65.91340674 2.04597132
-1.31081 24.36853788 1.73812802
-1.30781 13.62990035 1.48260665
-1.30480 12.61809069 1.37987172
-1.30180 14.48764281 1.17006120
-1.29880 23.55157645 1.10359783
-1.29580 113.46256296 1.18577510
-1.29279 67.21845561 1.28927651
-1.28979 21.24731261 1.32866032
-1.28679 14.79380077 1.38403920
-1.28378 12.50422480 1.41655719
-1.28078 11.05612735 1.39790925
-1.27778 9.95555548 1.40875996
-1.27477 9.62032286 1.66061685
-1.27177 9.61967891 1.79368983
-1.26877 9.61653044 1.85862393
-1.26577 9.52899153 1.80859799
-1.26276 8.67323972 1.36101923
-1.25976 9.08051447 1.44185291
-1.25676 9.66946448 1.93669032
-1.25375 9.36186788 1.90585394
-1.25075 9.28038142 1.89067455
-1.24775 9.23859866 1.88695356
-1.24474 9.21007478 1.88700684
-1.24174 9.18790896 1.88853738
-1.23874 9.16950121 1.89070369
-1.23574 9.15361898 1.89314985
-1.23273 9.13957757 1.89570985
-1.22973 9.12695109 1.89830083
-1.22673 9.11545211 1.90087951
-1.22372 9.10487487 1.90342265
-1.22072 9.09506545 1.90591759
-1.21772 9.08590493 1.90835753
-1.21471 9.07729911 1.91073893
-1.21171 9.06917185 1.91306014
-1.20871 9.06146066 1.91532057
-1.20571 9.05411360 1.91752027
-1.20270 9.04708702 1.91965963
-1.19970 9.04034391 1.92173923
-1.19670 9.03385264 1.92375976
-1.19369 9.02758602 1.92572194
-1.19069 9.02152051 1.92762653
-1.18769 9.01563565 1.92947424
-1.18468 9.00991358 1.93126581
-1.18168 9.00433865 1.93300195
-1.17868 8.99889709 1.93468335
-1.17568 8.99357675 1.93631068
-1.17267 8.98836693 1.93788463
-1.16967 8.98325810 1.93940584
-1.16667 8.97824186 1.94087498
-1.16366 8.97331072 1.94229270
-1.16066 8.96845804 1.94365966
-1.15766 8.96367792 1.94497652
-1.15465 8.95896511 1.94624394
-1.15165 8.95431495 1.94746258
-1.14865 8.94972331 1.94863313
-1.14565 8.94518653 1.94975628
-1.14264 8.94070137 1.95083273
-1.13964 8.93626497 1.95186317
-1.13664 8.93187483 1.95284834
-1.13363 8.92752873 1.95378897
-1.13063 8.92322478 1.95468578
-1.12763 8.91896132 1.95553955
-1.12462 8.91473692 1.95635104
-1.12162 8.91055036 1.95712101
-1.11862 8.90640065 1.95785026
-1.11562 8.90228693 1.95853957
-1.11261 8.89820854 1.95918977
-1.10961 8.89416494 1.95980164
-1.10661 8.89015573 1.96037602
-1.10360 8.88618064 1.96091373
-1.10060 8.88223951 1.96141560
-1.09760 8.87833227 1.96188247
-1.09459 8.87445897 1.96231517
-1.09159 8.87061972 1.96271455
-1.08859 8.86681472 1.96308146
-1.08559 8.86304422 1.96341673
-1.08258 8.85930855 1.96372121
-1.07958 8.85560811 1.96399574
-1.07658 8.85194333 1.96424117
-1.07357 8.84831470 1.96445834
-1.07057 8.84472274 1.96464807
-1.06757 8.84116802 1.96481119
-1.06456 8.83765115 1.96494854
-1.06156 8.83417276 1.96506092
-1.05856 8.83073352 1.96514913
-1.05556 8.82733411 1.96521398
-1.05255 8.82397525 1.96525626
-1.04955 8.82065768 1.96527674
-1.04655 8.81738214 1.96527619
-1.04354 8.81414941 1.96525535
-1.04054 8.81096029 1.96521498
-1.03754 8.80781556 1.96515578
-1.03453 8.80471607 1.96507847
-1.03153 8.80166262 1.96498374
-1.02853 8.79865609 1.96487227
-1.02553 8.79569731 1.96474470
-1.02252 8.79278718 1.96460168
-1.01952 8.78992656 1.96444383
-1.01652 8.78711638 1.96427173
-1.01351 8.78435753 1.96408596
-1.01051 8.78165096 1.96388706
-1.00751 8.77899762 1.96367558
-1.00450 8.77639846 1.96345199
-1.00150 8.77385447 1.96321677
-0.99850 8.77136668 1.96297037
-0.99550 8.76893610 1.96271320
-0.99249 8.76656379 1.96244564
-0.98949 8.76425085 1.96216803
-0.98649 8.76199840 1.96188069
-0.98348 8.75980758 1.96158390
-0.98048 8.75767959 1.96127788
-0.97748 8.75561566 1.96096282
-0.97447 8.75361708 1.96063888
-0.97147 8.75168517 1.96030615
-0.96847 8.74982133 1.95996466
-0.96547 8.74802700 1.95961440
-0.96246 8.74630370 1.95925529
-0.95946 8.74465300 1.95888717
-0.95646 8.74307659 1.95850982
-0.95345 8.74157621 1.95812292
-0.95045 8.74015370 1.95772606
-0.94745 8.73881101 1.95731872
-0.94444 8.73755021 1.95690027
-0.94144 8.73637346 1.95646992
-0.93844 8.73528307 1.95602674
-0.93544 8.73428148 1.95556963
-0.93243 8.73337129 1.95509726
-0.92943 8.73255524 1.95460807
-0.92643 8.73183627 1.95410024
-0.92342 8.73121749 1.95357158
-0.92042 8.73070218 1.95301954
-0.91742 8.73029388 1.95244109
-0.91441 8.72999629 1.95183265
-0.91141 8.72981338 1.95118995
-0.90841 8.72974932 1.95050791
-0.90541 8.72980853 1.94978041
-0.90240 8.72999567 1.94900009
-0.89940 8.73031560 1.94815801
-0.89640 8.73077338 1.94724323
-0.89339 8.73137423 1.94624227
-0.89039 8.73212346 1.94513836
-0.88739 8.73302635 1.94391044
-0.88438 8.73408800 1.94253172
-0.88138 8.73531308 1.94096780
-0.87838 8.73670546 1.93917379
-0.87538 8.73826766 1.93709025
-0.87237 8.73999997 1.93463705
-0.86937 8.74189916 1.93170403
-0.86637 8.74395633 1.92813623
-0.86336 8.74615359 1.92370964
-0.86036 8.74845833 1.91809011
-0.85736 8.75081335 1.91075946
-0.85435 8.75311858 1.90087487
-0.85135 8.75519481 1.88697849
-0.84835 8.75670412 1.86633148
-0.84535 8.75694732 1.83313994
-0.84234 8.75421292 1.77259905
-0.83934 8.74254043 1.63073155
-0.83634 8.70430213 1.27049941
-0.83333 8.69533300 1.15868810
-0.83033 8.69911032 1.12263187
-0.82733 8.70673034 1.10318005
-0.82432 8.71671906 1.09035704
-0.82132 8.72902806 1.08099116
-0.81832 8.74419269 1.07376494
-0.81532 8.76318298 1.06805181
-0.81231 8.78747301 1.06353075
-0.80931 8.81926915 1.06002667
-0.80631 8.86196196 1.05743134
-0.80330 8.92101672 1.05565612
-0.80030 9.00589647 1.05459576
-0.79730 9.13485032 1.05409129
-0.79429 9.34952785 1.05389337
-0.79129 9.77666875 1.05380786
-0.78829 11.12443990 1.05686909
-0.78529 9.97967510 0.40824288
-0.78228 7.55441908 0.17276682
-0.77928 8.65185340 0.17848623
-0.77628 20.26370376 0.40045372
-0.77327 7.85470623 0.11038162
-0.77027 4.53794105 0.04338882
-0.76727 6.16700446 0.05622787
-0.76426 24.76421072 0.25279900
-0.76126 25.60657323 0.24547729
-0.75826 6.45386408 0.04690430
-0.75526 4.21906171 0.02353962
-0.75225 3.87629647 0.01937235
-0.74925 4.40468878 0.02621916
-0.74625 7.44060370 0.08844210
-0.74324 11.14021006 0.13637471
-0.74024 14.51067044 0.10887146
-0.73724 32.84291752 0.09249622
-0.73423 174.30004562 0.56035878
-0.73123 73.47112006 0.49236358
-0.72823 23.96638659 0.33815492
-0.72523 18.69306557 0.72481983
-0.72222 15.41284727 0.92942185
-0.71922 13.51008783 0.86499371
-0.71622 15.97940730 1.02314423
-0.71321 16.28870451 1.27055947
-0.71021 17.64607211 1.31432033
-0.70721 20.98313169 1.30696625
-0.70420 28.54350469 1.20542827
-0.70120 47.52516422 1.03186283
-0.69820 88.39022333 0.91657466
-0.69520 74.81215230 1.08302750
-0.69219 39.66401841 1.48757679
-0.68919 24.46638107 1.68472490
-0.68619 17.95567200 1.77950050
-0.68318 14.72996896 1.83161902
-0.68018 12.92455230 1.86359710
-0.67718 11.81752905 1.88483755
-0.67417 11.09051768 1.89978781
-0.67117 10.58717619 1.91077937
-0.66817 10.22388241 1.91913774
-0.66517 9.95273995 1.92566652
-0.66216 9.74474405 1.93087866
-0.65916 9.58150310 1.93511560
-0.65616 9.45089650 1.93861273
-0.65315 9.34467047 1.94153709
-0.65015 9.25704404 1.94401025
-0.64715 9.18386826 1.94612255
-0.64414 9.12210125 1.94794243
-0.64114 9.06947049 1.94952256
-0.63814 9.02424973 1.95090406
-0.63514 8.98510807 1.95211948
-0.63213 8.95100563 1.95319484
-0.62913 8.92112020 1.95415120
-0.62613 8.89479462 1.95500572
-0.62312 8.87149850 1.95577255
-0.62012 8.85080003 1.95646340
-0.61712 8.83234485 1.95708808
-0.61411 8.81584012 1.95765483
-0.61111 8.80104229 1.95817062
-0.60811 8.78774770 1.95864138
-0.60511 8.77578527 1.95907219
-0.60210 8.76501071 1.95946741
-0.59910 8.75530200 1.95983080
-0.59610 8.74655578 1.96016564
-0.59309 8.73868449 1.96047477
-0.59009 8.73161406 1.96076066
-0.58709 8.72528205 1.96102549
-0.58408 8.71963629 1.96127117
-0.58108 8.71463366 1.96149938
-0.57808 8.71023927 1.96171160
-0.57508 8.70642584 1.96190914
-0.57207 8.70317328 1.96209315
-0.56907 8.70046846 1.96226464
-0.56607 8.69830530 1.96242451
-0.56306 8.69668490 1.96257355
-0.56006 8.69561611 1.96271241
-0.55706 8.69511627 1.96284169
-0.55405 8.69521233 1.96296187
-0.55105 8.69594253 1.96307333
-0.54805 8.69735856 1.96317638
-0.54505 8.69952864 1.96327120
-0.54204 8.70254167 1.96335788
-0.53904 8.70651305 1.96343639
-0.53604 8.71159270 1.96350652
-0.53303 8.71797652 1.96356791
-0.53003 8.72592287 1.96361996
-0.52703 8.73577686 1.96366177
-0.52402 8.74800700 1.96369203
-0.52102 8.76326204 1.96370890
-0.51802 8.78246231 1.96370970
-0.51502 8.80695187 1.96369064
-0.51201 8.83876443 1.96364610
-0.50901 8.88111458 1.96356770
-0.50601 8.93937023 1.96344251
-0.50300 9.02315497 1.96324997
-0.50000 9.15145310 1.96295652
-0.49700 9.36718962 1.96250889
-0.49399 9.79053685 1.96185602
-0.49099 10.92225158 1.96155121
-0.48799 17.43579296 1.99113589
-0.48498 27.88302073 2.32756525
-0.48198 25.09503029 2.63068016
-0.47898 22.57175947 2.73036277
-0.47598 20.89055027 2.78172927
-0.47297 19.68548603 2.81400050
-0.46997 18.77001788 2.83652993
-0.46697 18.04480988 2.85331473
-0.46396 17.45227729 2.86637790
-0.46096 16.95659395 2.87686471
-0.45796 16.53418588 2.88547764
-0.45495 16.16883036 2.89267430
-0.45195 15.84894921 2.89876713
-0.44895 15.56602634 2.90397767
-0.44595 15.31363734 2.90846796
-0.44294 15.08683025 2.91235962
-0.43994 14.88171661 2.91574595
-0.43694 14.69519343 2.91869992
-0.43393 14.52474919 2.92127956
-0.43093 14.36832551 2.92353166
-0.42793 14.22421645 2.92549446
-0.42492 14.09099399 2.92719958
-0.42192 13.96745196 2.92867342
-0.41892 13.85256321 2.92993828
-0.41592 13.74544656 2.93101312
-0.41291 13.64534094 2.93191420
-0.40991 13.55158493 2.93265560
-0.40691 13.46360044 2.93324958
-0.40390 13.38087959 2.93370687
-0.40090 13.30297400 2.93403695
-0.39790 13.22948604 2.93424825
-0.39489 13.16006168 2.93434828
-0.39189 13.09438445 2.93434380
-0.38889 13.03217046 2.93424091
-0.38589 12.97316423 2.93404515
-0.38288 12.91713509 2.93376158
-0.37988 12.86387422 2.93339483
-0.37688 12.81319205 2.93294918
-0.37387 12.76491608 2.93242860
-0.37087 12.71888896 2.93183676
-0.36787 12.67496686 2.93117709
-0.36486 12.63301806 2.93045284
-0.36186 12.59292169 2.92966703
-0.35886 12.55456667 2.92882253
-0.35586 12.51785074 2.92792207
-0.35285 12.48267964 2.92696823
-0.34985 12.44896636 2.92596351
-0.34685 12.41663053 2.92491025
-0.34384 12.38559777 2.92381074
-0.34084 12.35579926 2.92266717
-0.33784 12.32717122 2.92148165
-0.33483 12.29965455 2.92025623
-0.33183 12.27319443 2.91899288
-0.32883 12.24774002 2.91769352
-0.32583 12.22324418 2.91636002
-0.32282 12.19966317 2.91499419
-0.31982 12.17695648 2.91359781
-0.31682 12.15508656 2.91217260
-0.31381 12.13401867 2.91072025
-0.31081 12.11372074 2.90924239
-0.30781 12.09416316 2.90774063
-0.30480 12.07531873 2.90621653
-0.30180 12.05716250 2.90467162
-0.29880 12.03967168 2.90310740
-0.29580 12.02282559 2.90152530
-0.29279 12.00660559 2.89992675
-0.28979 11.99099500 2.89831310
-0.28679 11.97597911 2.89668570
-0.28378 11.96154516 2.89504582
-0.28078 11.94768229 2.89339469
-0.27778 11.93438164 2.89173349
-0.27477 11.92163633 2.89006335
-0.27177 11.90944153 2.88838532
-0.26877 11.89779456 2.88670038
-0.26577 11.88669500 2.88500944
-0.26276 11.87614483 2.88331331
-0.25976 11.86614860 2.88161268
-0.25676 11.85671369 2.87990815
-0.25375 11.84785057 2.87820016
-0.25075 11.83957311 2.87648896
-0.24775 11.83189909 2.87477464
-0.24474 11.82485061 2.87305703
-0.24174 11.81845481 2.87133569
-0.23874 11.81274459 2.86960983
-0.23574 11.80775959 2.86787826
-0.23273 11.80354735 2.86613927
-0.22973 11.80016484 2.86439052
-0.22673 11.79768024 2.86262889
-0.22372 11.79617530 2.86085027
-0.22072 11.79574833 2.85904928
-0.21772 11.79651793 2.85721894
-0.21471 11.79862796 2.85535015
-0.21171 11.80225396 2.85343105
-0.20871 11.80761162 2.85144605
-0.20571 11.81496820 2.84937456
-0.20270 11.82465795 2.84718905
-0.19970 11.83710355 2.84485224
-0.19670 11.85284600 2.84231289
-0.19369 11.87258757 2.83949920
-0.19069 11.89725466 2.83630832
-0.18769 11.92809218 2.83258896
-0.18468 11.96680950 2.82811142
-0.18168 12.01581408 2.82251321
-0.17868 12.07860093 2.81519475
-0.17568 12.16043441 2.80510361
-0.17267 12.26961559 2.79024530
-0.16967 12.42001814 2.76642802
-0.16667 12.63662750 2.72342734
-0.16366 12.96843335 2.62960000
-0.16066 13.49280769 2.33060239
-0.15766 13.07040550 1.47415942
-0.15465 11.94912769 1.23044966
-0.15165 10.64776487 1.12374777
-0.14865 7.69896506 1.01516289
-0.14565 6.82322384 0.99353267
-0.14264 6.87932813 0.98066719
-0.13964 6.87324056 0.97441645
-0.13664 6.88219642 0.97227598
-0.13363 6.90230529 0.97187560
-0.13063 6.93818851 0.97259345
-0.12763 7.00569785 0.97429284
-0.12462 7.13795728 0.97738004
-0.12162 7.43532871 0.98425285
-0.11862 8.55711524 1.02331801
-0.11562 10.90145149 1.18397975
-0.11261 13.00031208 1.59974205
-0.10961 13.30820841 2.39205142
-0.10661 12.86339620 2.59437991
-0.10360 12.57505618 2.67252362
-0.10060 12.38560655 2.71309827
-0.09760 12.25609085 2.73762128
-0.09459 12.16520753 2.75391882
-0.09159 12.10072668 2.76549371
-0.08859 12.05523606 2.77413668
-0.08559 12.02404608 2.78085288
-0.08258 12.00409808 2.78624731
-0.07958 11.99336281 2.79070438
-0.07658 11.99049327 2.79447914
-0.07357 11.99461734 2.79774682
-0.07057 12.00521125 2.80063134
-0.06757 12.02202254 2.80322235
-0.06456 12.04502494 2.80558590
-0.06156 12.07439557 2.80777123
-0.05856 12.11050921 2.80981523
-0.05556 12.15394749 2.81174544
-0.05255 12.20552263 2.81358195
-0.04955 12.26631767 2.81533860
-0.04655 12.33774709 2.81702372
-0.04354 12.42164422 2.81864020
-0.04054 12.52038619 2.82018531
-0.03754 12.63707276 2.82164973
-0.03453 12.77578539 2.82301608
-0.03153 12.94196859 2.82425624
-0.02853 13.14300367 2.82532725
-0.02553 13.38909352 2.82616454
-0.02252 13.69466822 2.82667102
-0.01952 14.08069535 2.82669886
-0.01652 14.57863179 2.82601770
-0.01351 15.23750687 2.82425742
-0.01051 16.13734300 2.82079907
-0.00751 17.41634269 2.81455419
-0.00450 19.33066541 2.80348414
-0.00150 22.40007399 2.78345592
0.00150 27.81317761 2.74521681
0.00450 38.77946638 2.66541738
0.00751 66.56584148 2.47748805
0.01051 181.54217001 1.96154857
0.01351 198.33468114 1.70636210
0.01652 91.36171701 2.24632689
0.01952 85.73277977 2.46302757
0.02252 211.11656323 2.09863502
0.02553 93.65963836 2.33970868
0.02853 60.62945833 2.38924177
0.03153 67.19367785 2.17561591
0.03453 75.43238055 1.92098553
0.03754 61.03546969 2.02208840
0.04054 42.16778704 2.27736099
0.04354 30.66805051 2.45869628
0.04655 24.31889923 2.56876918
0.04955 20.63669363 2.63769248
0.05255 18.35009872 2.68358828
0.05556 16.84133462 2.71599301
0.05856 15.79521591 2.74004091
0.06156 15.04038219 2.75864137
0.06456 14.47793344 2.77353190
0.06757 14.04773460 2.78580044
0.07057 13.71155262 2.79615681
0.07357 13.44413577 2.80508082
0.07658 13.22825296 2.81290679
0.07958 13.05181078 2.81987386
0.08258 12.90611199 2.82615700
0.08559 12.78476695 2.83188673
0.08859 12.68299250 2.83716211
0.09159 12.59714817 2.84205943
0.09459 12.52442199 2.84663819
0.09760 12.46261312 2.85094530
0.10060 12.40997854 2.85501811
0.10360 12.36512306 2.85888659
0.10661 12.32691916 2.86257491
0.10961 12.29444772 2.86610269
0.11261 12.26695367 2.86948591
0.11562 12.24381236 2.87273758
0.11862 12.22450379 2.87586831
0.12162 12.20859272 2.87888670
0.12462 12.19571313 2.88179975
0.12763 12.18555594 2.88461301
0.13063 12.17785934 2.88733091
0.13363 12.17240102 2.88995683
0.13664 12.16899198 2.89249331
0.13964 12.16747148 2.89494210
0.14264 12.16770296 2.89730430
0.14565 12.16957076 2.89958040
0.14865 12.17297741 2.90177034
0.15165 12.17784140 2.90387356
0.15465 12.18409543 2.90588903
0.15766 12.19168495 2.90781527
0.16066 12.20056695 2.90965039
0.16366 12.21070912 2.91139205
0.16667 12.22208902 2.91303751
0.16967 12.23469366 2.91458360
0.17267 12.24851903 2.91602670
0.17568 12.26356994 2.91736274
0.17868 12.27985991 2.91858714
0.18168 12.29741123 2.91969481
0.18468 12.31625514 2.92068007
0.18769 12.33643214 2.92153658
0.19069 12.35799244 2.92225733
0.19369 12.38099664 2.92283447
0.19670 12.40551640 2.92325925
0.19970 12.43163550 2.92352187
0.20270 12.45945098 2.92361132
0.20571 12.48907456 2.92351518
0.20871 12.52063441 2.92321942
0.21171 12.55427717 2.92270805
0.21471 12.59017046 2.92196279
0.21772 12.62850590 2.92096262
0.22072 12.66950275 2.91968325
0.22372 12.71341229 2.91809637
0.22673 12.76052329 2.91616881
0.22973 12.81116859 2.91386141
0.23273 12.86573344 2.91112750
0.23574 12.92466576 2.90791106
0.23874 12.98848928 2.90414418
0.24174 13.05782020 2.89974364
0.24474 13.13338892 2.89460634
0.24775 13.21606853 2.88860291
0.25075 13.30691284 2.88156876
0.25375 13.40720833 2.87329110
0.25676 13.51854640 2.86348987
0.25976 13.64292665 2.85178877
0.26276 13.78290906 2.83766984
0.26577 13.94184673 2.82039935
0.26877 14.12425840 2.79890115
0.27177 14.33646040 2.77152714
0.27477 14.58772347 2.73560870
0.27778 14.89262562 2.68648713
0.28078 15.27664668 2.61509382
0.28378 15.79344733 2.50036827
0.28679 16.61755642 2.27332790
0.28979 18.60279082 1.82454114
0.29279 21.53146898 1.39855151
0.29580 23.14877028 1.27163802
0.29880 23.24560971 1.29322067
0.30180 22.75613967 1.34849340
0.30480 22.11663028 1.40693489
0.30781 21.53291673 1.45781625
0.31081 21.09991448 1.49759723
0.31381 20.87134595 1.52479349
0.31682 20.90210098 1.53711951
0.31982 21.28229854 1.52783388
0.32282 22.14270601 1.47270154
0.32583 22.24526778 1.23917427
0.32883 15.18906225 1.01190703
0.33183 8.27782400 0.97959970
0.33483 6.94250464 0.98060376
0.33784 6.47376728 0.98165999
0.34084 6.23622851 0.98235645
0.34384 6.09460009 0.98283228
0.34685 6.00224109 0.98317364
0.34985 5.93880233 0.98342876
0.35285 5.89407686 0.98362579
0.35586 5.86248927 0.98378213
0.35886 5.84086785 0.98390906
0.36186 5.82744524 0.98401424
0.36486 5.82139604 0.98410314
0.36787 5.82265375 0.98417990
0.37087 5.83191918 0.98424796
0.37387 5.85086523 0.98431055
0.37688 5.88263874 0.98437141
0.37988 5.93293589 0.98443593
0.38288 6.01236272 0.98451374
0.38589 6.14206185 0.98462526
0.38889 6.36891806 0.98482165
0.39189 6.81475161 0.98525801
0.39489 7.88510674 0.98655271
0.39790 11.68083662 0.99267196
0.40090 48.05250121 1.07963561
0.40390 36.45037912 1.13510582
0.40691 16.96255721 1.15834273
0.40991 14.61719640 1.44356898
0.41291 13.85462964 1.60942317
0.41592 13.26692659 1.69744135
0.41892 12.80556542 1.75288055
0.42192 12.43772077 1.79117782
0.42492 12.14032155 1.81923594
0.42793 11.89839904 1.84064708
0.43093 11.70331826 1.85747233
0.43393 11.55262617 1.87097574
0.43694 11.45361392 1.88196871
0.43994 11.44208282 1.89101562
0.44294 11.74553555 1.89940592
0.44595 13.81015523 1.94268749
0.44895 15.41191038 2.02098128
0.45195 16.37001701 2.09743365
0.45495 17.01496502 2.16998073
0.45796 17.46361079 2.23837647
0.46096 17.77312406 2.30258527
0.46396 17.97720902 2.36262275
0.46697 18.09829744 2.41853253
0.46997 18.15263671 2.47038470
0.47297 18.15271869 2.51827651
0.47598 18.10855232 2.56233161
0.47898 18.02838028 2.60269754
0.48198 17.91910885 2.63954186
0.48498 17.78658236 2.67304773
0.48799 17.63577001 2.70340921
0.49099 17.47090161 2.73082680
0.49399 17.29557224 2.75550335
0.49700 17.11282741 2.77764057
0.50000 16.92523473 2.79743611
0.50300 16.73494612 2.81508122
0.50601 16.54375238 2.83075909
0.50901 16.35313153 2.84464353
0.51201 16.16429171 2.85689822
0.51502 15.97820920 2.86767625
0.51802 15.79566197 2.87711999
0.52102 15.61725927 2.88536120
0.52402 15.44346744 2.89252127
0.52703 15.27463254 2.89871161
0.53003 15.11099986 2.90403416
0.53303 14.95273082 2.90858194
0.53604 14.79991751 2.91243959
0.53904 14.65259509 2.91568396
0.54204 14.51075241 2.91838473
0.54505 14.37434099 2.92060494
0.54805 14.24328264 2.92240156
0.55105 14.11747584 2.92382597
0.55405 13.99680118 2.92492450
0.55706 13.88112580 2.92573886
0.56006 13.77030713 2.92630655
0.56306 13.66419607 2.92666127
0.56607 13.56263944 2.92683327
0.56907 13.46548217 2.92684967
0.57207 13.37256895 2.92673478
0.57508 13.28374566 2.92651036
0.57808 13.19886048 2.92619585
0.58108 13.11776476 2.92580864
0.58408 13.04031373 2.92536422
0.58709 12.96636709 2.92487641
0.59009 12.89578937 2.92435747
0.59309 12.82845031 2.92381832
0.59610 12.76422509 2.92326863
0.59910 12.70299449 2.92271694
0.60210 12.64464505 2.92217077
0.60511 12.58906917 2.92163677
0.60811 12.53616515 2.92112072
0.61111 12.48583733 2.92062769
0.61411 12.43799610 2.92016205
0.61712 12.39255800 2.91972760
0.62012 12.34944582 2.91932755
0.62312 12.30858874 2.91896465
0.62613 12.26992249 2.91864117
0.62913 12.23338958 2.91835900
0.63213 12.19893961 2.91811964
0.63514 12.16652967 2.91792427
0.63814 12.13612480 2.91777375
0.64114 12.10769872 2.91766867
0.64414 12.08123457 2.91760937
0.64715 12.05672607 2.91759595
0.65015 12.03417883 2.91762831
0.65315 12.01361213 2.91770614
0.65616 11.99506121 2.91782897
0.65916 11.97858021 2.91799614
0.66216 11.96424612 2.91820687
0.66517 11.95216388 2.91846022
0.66817 11.94247339 2.91875514
0.67117 11.93535888 2.91909045
0.67417 11.93106200 2.91946487
0.67718 11.92990015 2.91987705
0.68018 11.93229278 2.92032556
0.68318 11.93880000 2.92080898
0.68619 11.95018072 2.92132588
0.68919 11.96748268 2.92187497
0.69219 11.99218686 2.92245522
0.69520 12.02644803 2.92306613
0.69820 12.07351455 2.92370830
0.70120 12.13850162 2.92438438
0.70420 12.22991326 2.92510130
0.70721 12.36289329 2.92587528
0.71021 12.56693632 2.92674468
0.71321 12.90690674 2.92780808
0.71622 13.55273179 2.92936250
0.71922 15.09177324 2.93259275
0.72222 20.93391096 2.94570993
0.72523 76.73584727 3.12971457
0.72823 44.63465763 3.08688620
0.73123 32.63950750 3.05223952
0.73423 27.31938912 3.04567368
0.73724 24.12648696 3.07098335
0.74024 23.12086947 3.27049496
0.74324 24.96606604 3.43433191
0.74625 30.14733147 3.57965820
0.74925 34.46937585 3.71536692
0.75225 37.11179648 3.96057488
0.75526 40.41636840 4.03554264
0.75826 46.83745735 3.98424060
0.76126 56.31435637 3.87934000
0.76426 63.71693831 3.84381999
0.76727 61.04381954 3.99009732
0.77027 51.74824261 4.20565022
0.77327 43.34536214 4.36485336
0.77628 37.69802011 4.45799795
0.77928 34.19064811 4.50719681
0.78228 32.09130633 4.52885456
0.78529 30.94305370 4.53156784
0.78829 30.51029633 4.51893620
0.79129 30.70794814 4.49136422
0.79429 31.56799911 4.44675331
0.79730 33.23777071 4.38054164
0.80030 35.99341529 4.28573663
0.80330 40.21160292 4.15485618
0.80631 46.08837920 3.98975513
0.80931 52.65429744 3.82888567
0.81231 56.60511572 3.76692340
0.81532 54.87018862 3.86388374
0.81832 49.29870348 4.03812650
0.82132 43.68477085 4.18248178
0.82432 39.68204470 4.26290466
0.82733 37.34267649 4.28620180
0.83033 36.32470167 4.26509029
0.83333 36.31785025 4.20910912
0.83634 37.08367650 4.12583169
0.83934 38.38939829 4.02466760
0.84234 39.92587795 3.92085456
0.84535 41.27053783 3.83677845
0.84835 41.97424068 3.79631471
0.85135 41.77791775 3.81222117
0.85435 40.78065797 3.87697133
0.85736 39.36822819 3.96745588
0.86036 37.98324892 4.05822575
0.86336 36.95960894 4.13052271
0.86637 36.49213762 4.17340584
0.86937 36.67003310 4.18120610
0.87237 37.49650434 4.15162483
0.87538 38.85688831 4.08661100
0.87838 40.43830250 3.99647582
0.88138 41.67982848 3.90450346
0.88438 41.92340330 3.84380297
0.88739 40.81046039 3.84037217
0.89039 38.55685296 3.89565059
0.89339 35.74971422 3.98929241
0.89640 32.93569405 4.09659299
0.89940 30.42145656 4.20048777
0.90240 28.30513528 4.29296614
0.90541 26.57238308 4.37191952
0.90841 25.16703012 4.43807386
0.91141 24.02647933 4.49316338
0.91441 23.09525122 4.53906922
0.91742 22.32830896 4.57748543
0.92042 21.69045854 4.60982807
0.92342 21.15461770 4.63724187
0.92643 20.70002580 4.66063919
0.92943 20.31073022 4.68074395
0.93243 19.97440215 4.69813125
0.93544 19.68144137 4.71325975
0.93844 19.42430937 4.72649741
0.94144 19.19703486 4.73814138
0.94444 18.99484660 4.74843330
0.94745 18.81389976 4.75757107
0.95045 18.65107052 4.76571792
0.95345 18.50380096 4.77300942
0.95646 18.36998095 4.77955887
0.95946 18.24785745 4.78546162
0.96246 18.13596443 4.79079834
0.96547 18.03306817 4.79563772
0.96847 17.93812439 4.80003853
0.97147 17.85024420 4.80405134
0.97447 17.76866711 4.80771988
0.97748 17.69273927 4.81108210
0.98048 17.62189596 4.81417114
0.98348 17.55564736 4.81701600
0.98649 17.49356692 4.81964220
0.98949 17.43528175 4.82207225
0.99249 17.38046481 4.82432610
0.99550 17.32882828 4.82642145
0.99850 17.28011813 4.82837410
1.00150 17.23410953 4.83019815
1.00450 17.19060301 4.83190624
1.00751 17.14942116 4.83350972
1.01051 17.11040592 4.83501882
1.01351 17.07341620 4.83644274
1.01652 17.03832589 4.83778980
1.01952 17.00502212 4.83906755
1.02252 16.97340381 4.84028280
1.02553 16.94338040 4.84144174
1.02853 16.91487077 4.84254998
1.03153 16.88780227 4.84361264
1.03453 16.86210992 4.84463434
1.03754 16.83773575 4.84561930
1.04054 16.81462814 4.84657133
1.04354 16.79274136 4.84749391
1.04655 16.77203508 4.84839017
1.04955 16.75247404 4.84926296
1.05255 16.73402771 4.85011484
1.05556 16.71667007 4.85094811
1.05856 16.70037935 4.85176483
1.06156 16.68513790 4.85256684
1.06456 16.67093210 4.85335576
1.06757 16.65775225 4.85413301
1.07057 16.64559257 4.85489980
1.07357 16.63445118 4.85565718
1.07658 16.62433021 4.85640601
1.07958 16.61523585 4.85714697
1.08258 16.60717856 4.85788057
1.08559 16.60017321 4.85860716
1.08859 16.59423939 4.85932691
1.09159 16.58940171 4.86003984
1.09459 16.58569018 4.86074577
1.09760 16.58314071 4.86144436
1.10060 16.58179567 4.86213509
1.10360 16.58170453 4.86281725
1.10661 16.58292467 4.86348989
1.10961 16.58552231 4.86415189
1.11261 16.58957363 4.86480187
1.11562 16.59516603 4.86543818
1.11862 16.60239971 4.86605889
1.12162 16.61138948 4.86666177
1.12462 16.62226694 4.86724419
1.12763 16.63518311 4.86780314
1.13063 16.65031147 4.86833511
1.13363 16.66785178 4.86883606
1.13664 16.68803456 4.86930129
1.13964 16.71112663 4.86972538
1.14264 16.73743778 4.87010198
1.14565 16.76732904 4.87042370
1.14865 16.80122290 4.87068186
1.15165 16.83961594 4.87086622
1.15465 16.88309479 4.87096463
1.15766 16.93235615 4.87096262
1.16066 16.98823236 4.87084279
1.16366 17.05172422 4.87058410
1.16667 17.12404347 4.87016090
1.16967 17.20666849 4.86954163
1.17267 17.30141791 4.86868714
1.17568 17.41054924 4.86754834
1.17868 17.53689244 4.86606301
1.18168 17.68403346 4.86415137
1.18468 17.85656989 4.86170984
1.18769 18.06047274 4.85860196
1.19069 18.30360683 4.85464530
1.19369 18.59649247 4.84959182
1.19670 18.95344142 4.84309813
1.19970 19.39428318 4.83467933
1.20270 19.94703912 4.82363588
1.20571 20.65213699 4.80893527
1.20871 21.56913872 4.78901713
1.21171 22.78749390 4.76146870
1.21471 24.44327504 4.72248949
1.21772 26.74262788 4.66605862
1.22072 29.98289694 4.58290422
1.22372 34.51937173 4.46043690
1.22673 40.49146416 4.28869233
1.22973 46.96101752 4.08400640
1.23273 50.99716297 3.92319822
1.23574 49.86520896 3.89811530
1.23874 45.02761571 3.99193401
1.24174 39.95833751 4.11308492
1.24474 36.44925820 4.20353145
1.24775 34.79592424 4.24728057
1.25075 34.89005136 4.24313053
1.25375 36.66252035 4.19141679
1.25676 40.03053530 4.09501488
1.25976 44.41883426 3.97329172
1.26276 48.00866080 3.88286471
1.26577 48.20784208 3.89918698
1.26877 44.45011730 4.03194389
1.27177 38.93084751 4.21045129
1.27477 33.78427675 4.37148857
1.27778 29.76092087 4.49521141
1.28078 26.81052337 4.58510777
1.28378 24.67894195 4.64986071
1.28679 23.13157516 4.69701159
1.28979 21.99643267 4.73195471
1.29279 21.15609637 4.75833191
1.29580 20.53231129 4.77857027
1.29880 20.07362445 4.79429155
1.30180 19.74714194 4.80658402
1.30480 19.53358948 4.81617321
1.30781 19.42490431 4.82352392
1.31081 19.42407300 4.82889329
1.31381 19.54763659 4.83234172
1.31682 19.83251402 4.83369339
1.31982 20.35153770 4.83241031
1.32282 21.24936280 4.82727599
1.32583 22.83242448 4.81558155
1.32883 25.82304216 4.79080214
1.33183 32.19331919 4.73491792
1.33483 48.25914178 4.58966607
1.33784 90.22250262 4.20262354
1.34084 102.37885238 4.07957381
1.34384 55.35098836 4.51129058
1.34685 35.26451069 4.69850802
1.34985 27.87991830 4.76774547
1.35285 24.92003649 4.79509947
1.35586 23.96877036 4.80276963
1.35886 24.40149024 4.79612665
1.36186 26.46352536 4.77193008
1.36486 31.55695976 4.71491300
1.36787 44.18694499 4.57779179
1.37087 75.94060810 4.24559392
1.37387 101.61136371 4.00959969
1.37688 62.58472802 4.43900339
1.37988 37.95481377 4.69355783
1.38288 28.06358409 4.79246992
1.38589 23.54957117 4.83645748
1.38889 21.17016276 4.85914770
1.39189 19.76986691 4.87226009
1.39489 18.87517088 4.88051126
1.39790 18.26660314 4.88605245
1.40090 17.83194048 4.88996743
1.40390 17.50914074 4.89284714
1.40691 17.26167749 4.89503504
1.40991 17.06690924 4.89674154
1.41291 16.91018640 4.89810133
1.41592 16.78168104 4.89920394
1.41892 16.67459289 4.90011082
1.42192 16.58408933 4.90086535
1.42492 16.50665516 4.90149897
1.42793 16.43968065 4.90203492
1.43093 16.38119284 4.90249079
1.43393 16.32967596 4.90288009
1.43694 16.28394844 4.90321341
1.43994 16.24307719 4.90349915
1.44294 16.20631658 4.90374407
1.44595 16.17306432 4.90395371
1.44895 16.14282915 4.90413264
1.45195 16.11520674 4.90428467
1.45495 16.08986153 4.90441303
1.45796 16.06651294 4.90452047
1.46096 16.04492469 4.90460935
1.46396 16.02489648 4.90468173
1.46697 16.00625752 4.90473940
1.46997 15.98886131 4.90478394
1.47297 15.97258157 4.90481675
1.47598 15.95730886 4.90483908
1.47898 15.94294793 4.90485205
1.48198 15.92941550 4.90485666
1.48498 15.91663847 4.90485382
1.48799 15.90455241 4.90484437
1.49099 15.89310032 4.90482905
1.49399 15.88223164 4.90480856
1.49700 15.87190131 4.90478352
1.50000 15.86206911 4.90475451
