-2.50000 36.35668457 11.79834290
-2.49499 36.42651140 11.79352145
-2.48999 36.50769442 11.78813407
-2.48498 36.59953767 11.78209511
-2.47998 36.70213859 11.77529460
-2.47497 36.81616381 11.76759143
-2.46997 36.94277618 11.75880323
-2.46496 37.08365281 11.74869095
-2.45996 37.24107768 11.73693561
-2.45495 37.41811811 11.72310139
-2.44995 37.61892148 11.70657460
-2.44494 37.84920670 11.68645006
-2.43994 38.11676326 11.66091496
-2.43493 38.43638931 11.62739558
-2.42993 38.82436314 11.58296425
-2.42492 39.36521811 11.50902730
-2.41992 40.39531700 11.37285463
-2.41491 38.70316982 10.27233951
-2.40991 42.09564648 11.00983495
-2.40490 43.62309516 10.49687721
-2.39990 117.48353560 10.64423953
-2.39489 41.49205997 9.90558202
-2.38989 35.22229844 9.87909581
-2.38488 34.25091157 9.87560563
-2.37988 33.96824457 9.87425253
-2.37487 33.88856909 9.87337677
-2.36987 33.90186823 9.87266323
-2.36486 33.97805975 9.87201910
-2.35986 34.11650935 9.87140545
-2.35485 34.33910008 9.87079734
-2.34985 34.70433493 9.87016633
-2.34484 35.36295734 9.86944515
-2.33984 36.78357723 9.86731666
-2.33483 41.08641215 9.86670409
-2.32983 73.79622516 9.85491259
-2.32482 264.53203990 9.80352980
-2.31982 55.75726847 9.85866435
-2.31481 44.29085718 9.85930740
-2.30981 83.74314103 9.81446558
-2.30480 62.30274867 9.83484543
-2.29980 39.21706318 9.85968440
-2.29479 36.51307232 9.86214024
-2.28979 35.73404911 9.86250306
-2.28478 35.46965814 9.86229799
-2.27978 35.42816565 9.86142964
-2.27477 35.53466090 9.86141043
-2.26977 35.78063455 9.86081195
-2.26476 36.21782657 9.86008526
-2.25976 36.99199845 9.85916774
-2.25475 38.50795218 9.85782372
-2.24975 42.16866192 9.85511616
-2.24474 55.91060272 9.84474188
-2.23974 268.23696308 9.62959214
-2.23473 284.45276931 9.78796512
-2.22973 64.81501001 9.84223208
-2.22472 43.99739534 9.84802040
-2.21972 39.80528934 9.84916049
-2.21471 38.39958238 9.84899256
-2.20971 37.94693862 9.84812768
-2.20470 38.02891902 9.84205961
-2.19970 38.68110671 9.80805102
-2.19469 40.57740175 9.83971097
-2.18969 48.32791649 9.83148491
-2.18468 225.71848645 9.62306074
-2.17968 77.80282318 9.80859402
-2.17467 157.49872043 9.75899058
-2.16967 101.29571823 9.81583613
-2.16466 49.45308701 9.83004143
-2.15966 52.73013291 9.82058344
-2.15465 198.24425991 9.65059130
-2.14965 95.19145408 9.75308758
-2.14464 46.63819586 9.81875033
-2.13964 41.30933469 9.82380183
-2.13463 39.79126553 9.82354219
-2.12963 39.22932392 9.82184443
-2.12462 39.03152918 9.81946421
-2.11962 39.01056397 9.81670861
-2.11461 39.09202584 9.81354133
-2.10961 39.24131275 9.81004255
-2.10460 39.44126039 9.80619132
-2.09960 39.68296750 9.80196216
-2.09459 39.96204257 9.79731836
-2.08959 40.27680738 9.79221243
-2.08458 40.62741044 9.78658554
-2.07958 41.01539213 9.78036577
-2.07457 41.44349981 9.77346541
-2.06957 41.91566176 9.76577700
-2.06456 42.43708261 9.75716778
-2.05956 43.01445491 9.74747196
-2.05455 43.65631194 9.73647969
-2.04955 44.37370807 9.72392197
-2.04454 45.17977709 9.70920627
-2.03954 46.09368199 9.69257952
-2.03453 47.13882141 9.67263633
-2.02953 48.34840860 9.64871125
-2.02452 49.76833348 9.61941226
-2.01952 51.46553375 9.58257999
-2.01451 53.54141035 9.53450738
-2.00951 56.17148626 9.46899467
-2.00450 59.64592133 9.37275485
-1.99950 64.58649683 9.21129122
-1.99449 69.54291477 8.66917416
-1.98949 98.21212027 7.93522500
-1.98448 235.93288510 6.89443491
-1.97948 97.96168972 5.94818141
-1.97447 220.00391357 5.88880007
-1.96947 286.34318693 5.82476444
-1.96446 56.04942506 5.93881131
-1.95946 278.93682186 5.88786441
-1.95445 63.47237418 5.93940753
-1.94945 33.53521828 5.94655754
-1.94444 28.82302336 5.94768788
-1.93944 27.15020303 5.94807674
-1.93443 26.34816224 5.94824781
-1.92943 25.90658481 5.94832618
-1.92442 25.65142033 5.94835477
-1.91942 25.51128346 5.94835088
-1.91441 25.45610779 5.94832110
-1.90941 25.47809010 5.94826563
-1.90440 25.58786010 5.94817850
-1.89940 25.82152712 5.94804400
-1.89439 26.26727031 5.94782504
-1.88939 27.15276890 5.94742520
-1.88438 29.20086089 5.94653175
-1.87938 35.89251259 5.94359421
-1.87437 99.46021072 5.91492605
-1.86937 216.11756901 5.87598612
-1.86436 59.80352710 5.93879657
-1.85936 36.77913824 5.94445703
-1.85435 45.21713552 5.94190736
-1.84935 296.65796423 5.85508557
-1.84434 83.76605707 5.94336777
-1.83934 33.33191530 5.94654035
-1.83433 28.20636463 5.94715828
-1.82933 26.62527540 5.94736256
-1.82432 25.93668877 5.94743335
-1.81932 25.59639787 5.94744427
-1.81431 25.43790623 5.94742167
-1.80931 25.40652733 5.94737627
-1.80430 25.50112394 5.94731161
-1.79930 25.77520600 5.94722559
-1.79429 26.40095460 5.94710602
-1.78929 27.96986917 5.94690075
-1.78428 33.59981876 5.94600993
-1.77928 107.60589669 5.93118707
-1.77427 200.09326968 5.90160928
-1.76927 47.21559722 5.93349743
-1.76426 30.33938763 5.94581886
-1.75926 27.67783860 5.94619671
-1.75425 27.46147921 5.94609277
-1.74925 30.01673607 5.94572166
-1.74424 62.99624528 5.94308735
-1.73924 62.37914230 5.94298784
-1.73423 29.42395958 5.94489427
-1.72923 26.29687307 5.94451896
-1.72422 25.38557893 5.94364964
-1.71922 24.98836064 5.94204768
-1.71421 24.77324669 5.93882802
-1.70921 24.63532076 5.93125172
-1.70420 24.51722513 5.90854079
-1.69920 24.28237973 5.80270743
-1.69419 22.72911749 4.92159912
-1.68919 36.39356403 5.15691632
-1.68418 18.93454758 4.07650429
-1.67918 19.18098355 4.10274108
-1.67417 31.24046869 5.33294526
-1.66917 23.92241207 5.69443721
-1.66416 24.19977125 5.88767307
-1.65916 24.25603964 5.92301086
-1.65415 24.27252116 5.93383887
-1.64915 24.27816822 5.93809537
-1.64414 24.28023122 5.94001537
-1.63914 24.28104107 5.94093968
-1.63413 24.28144619 5.94138059
-1.62913 24.28174459 5.94156166
-1.62412 24.28197381 5.94159066
-1.61912 24.28197956 5.94152368
-1.61411 24.28130862 5.94139177
-1.60911 24.27848585 5.94121292
-1.60410 24.27369007 5.94099796
-1.59910 24.27751739 5.94075356
-1.59409 24.28594396 5.94048387
-1.58909 24.29538060 5.94019146
-1.58408 24.30554582 5.93987787
-1.57908 24.31638569 5.93954395
-1.57407 24.32788622 5.93919003
-1.56907 24.34004772 5.93881609
-1.56406 24.35287787 5.93842182
-1.55906 24.36638926 5.93800669
-1.55405 24.38059838 5.93756998
-1.54905 24.39552519 5.93711078
-1.54404 24.41119293 5.93662804
-1.53904 24.42762808 5.93612057
-1.53403 24.44486047 5.93558698
-1.52903 24.46292338 5.93502577
-1.52402 24.48185376 5.93443525
-1.51902 24.50169244 5.93381355
-1.51401 24.52248450 5.93315861
-1.50901 24.54427956 5.93246815
-1.50400 24.56713227 5.93173969
-1.49900 24.59110275 5.93097044
-1.49399 24.61625723 5.93015735
-1.48899 24.64266866 5.92929704
-1.48398 24.67041756 5.92838574
-1.47898 24.69959287 5.92741927
-1.47397 24.73029305 5.92639298
-1.46897 24.76262728 5.92530165
-1.46396 24.79671698 5.92413942
-1.45896 24.83269747 5.92289970
-1.45395 24.87071999 5.92157505
-1.44895 24.91095417 5.92015700
-1.44394 24.95359081 5.91863591
-1.43894 24.99884538 5.91700072
-1.43393 25.04696216 5.91523864
-1.42893 25.09821920 5.91333480
-1.42392 25.15293448 5.91127167
-1.41892 25.21147323 5.90902815
-1.41391 25.27425669 5.90657765
-1.40891 25.34177140 5.90388221
-1.40390 25.41456643 5.90085872
-1.39890 25.49285801 5.89676825
-1.39389 25.56667753 5.81135000
-1.38889 25.59083832 5.79632815
-1.38388 25.79605863 5.88436724
-1.37888 25.88909657 5.88049573
-1.37387 26.01399039 5.87493955
-1.36887 26.15364766 5.86842269
-1.36386 26.31078925 5.86083443
-1.35886 26.48919866 5.85191895
-1.35385 26.69394871 5.84130182
-1.34885 26.93199251 5.82844110
-1.34384 27.21315628 5.81252868
-1.33884 27.55186625 5.79230466
-1.33383 27.97034408 5.76568649
-1.32883 28.50501893 5.72895381
-1.32382 29.22085803 5.67470294
-1.31882 30.24866695 5.58561386
-1.31381 31.90934251 5.40822446
-1.30881 35.80364237 4.84108046
-1.30380 107.43070993 4.79432470
-1.29880 25.68895108 3.98073270
-1.29379 22.90644951 3.96625285
-1.28879 22.28666259 3.96396460
-1.28378 22.04926436 3.96326550
-1.27878 21.93284731 3.96296409
-1.27377 21.86718943 3.96279911
-1.26877 21.82678127 3.96269057
-1.26376 21.80046670 3.96260838
-1.25876 21.78270716 3.96253948
-1.25375 21.77048646 3.96247759
-1.24875 21.76204193 3.96241946
-1.24374 21.75628457 3.96236325
-1.23874 21.75251070 3.96230790
-1.23373 21.75024854 3.96225274
-1.22873 21.74917187 3.96219734
-1.22372 21.74904929 3.96214143
-1.21872 21.74971297 3.96208478
-1.21371 21.75103893 3.96202726
-1.20871 21.75293414 3.96196875
-1.20370 21.75532789 3.96190916
-1.19870 21.75816585 3.96184840
-1.19369 21.76140595 3.96178641
-1.18869 21.76501539 3.96172311
-1.18368 21.76896853 3.96165846
-1.17868 21.77324531 3.96159239
-1.17367 21.77783010 3.96152485
-1.16867 21.78271080 3.96145577
-1.16366 21.78787816 3.96138509
-1.15866 21.79332528 3.96131275
-1.15365 21.79904723 3.96123870
-1.14865 21.80504069 3.96116286
-1.14364 21.81130375 3.96108516
-1.13864 21.81783569 3.96100553
-1.13363 21.82463684 3.96092390
-1.12863 21.83170845 3.96084018
-1.12362 21.83905261 3.96075430
-1.11862 21.84667216 3.96066615
-1.11361 21.85457063 3.96057566
-1.10861 21.86275224 3.96048271
-1.10360 21.87122180 3.96038721
-1.09860 21.87998473 3.96028904
-1.09359 21.88904706 3.96018808
-1.08859 21.89841540 3.96008421
-1.08358 21.90809696 3.95997730
-1.07858 21.91809953 3.95986721
-1.07357 21.92843156 3.95975378
-1.06857 21.93910213 3.95963685
-1.06356 21.95012103 3.95951626
-1.05856 21.96149878 3.95939183
-1.05355 21.97324667 3.95926336
-1.04855 21.98537687 3.95913065
-1.04354 21.99790248 3.95899348
-1.03854 22.01083764 3.95885161
-1.03353 22.02419763 3.95870479
-1.02853 22.03799902 3.95855275
-1.02352 22.05225986 3.95839522
-1.01852 22.06699982 3.95823187
-1.01351 22.08224052 3.95806239
-1.00851 22.09800576 3.95788641
-1.00350 22.11432193 3.95770355
-0.99850 22.13121846 3.95751342
-0.99349 22.14872842 3.95731555
-0.98849 22.16688923 3.95710949
-0.98348 22.18574362 3.95689471
-0.97848 22.20534086 3.95667067
-0.97347 22.22573831 3.95643675
-0.96847 22.24700360 3.95619231
-0.96346 22.26921741 3.95593664
-0.95846 22.29247736 3.95566896
-0.95345 22.31690338 3.95538843
-0.94845 22.34264524 3.95509411
-0.94344 22.36989343 3.95478499
-0.93844 22.39889499 3.95445992
-0.93343 22.42997748 3.95411763
-0.92843 22.46358569 3.95375669
-0.92342 22.50034014 3.95337546
-0.91842 22.54113294 3.95297201
-0.91341 22.58729164 3.95254407
-0.90841 22.64087197 3.95208879
-0.90340 22.70521018 3.95160250
-0.89840 22.78603611 3.95108009
-0.89339 22.89390551 3.95051378
-0.88839 23.05009641 3.94989025
-0.88338 23.30300614 3.94918291
-0.87838 23.78343053 3.94832661
-0.87337 24.95480403 3.94710684
-0.86837 29.54130222 3.94433744
-0.86336 105.97204673 3.91229004
-0.85836 46.38693808 3.93805464
-0.85335 27.08061494 3.94412348
-0.84835 24.60234361 3.94400020
-0.84334 23.87108834 3.94322546
-0.83834 23.58307882 3.94223972
-0.83333 23.45883497 3.94112520
-0.82833 23.40993573 3.93989978
-0.82332 23.40141447 3.93856328
-0.81832 23.41730221 3.93710840
-0.81331 23.44956626 3.93552391
-0.80831 23.49390956 3.93379553
-0.80330 23.54796943 3.93190608
-0.79830 23.61047201 3.92983517
-0.79329 23.68080830 3.92755874
-0.78829 23.75881250 3.92504827
-0.78328 23.84464543 3.92226977
-0.77828 23.93873702 3.91918251
-0.77327 24.04176575 3.91573722
-0.76827 24.15466464 3.91187380
-0.76326 24.27864981 3.90751810
-0.75826 24.41527266 3.90257761
-0.75325 24.56649998 3.89693533
-0.74825 24.73483178 3.89044106
-0.74324 24.92347268 3.88289862
-0.73824 25.13658391 3.87404658
-0.73323 25.37966128 3.86352848
-0.72823 25.66011801 3.85084475
-0.72322 25.98821564 3.83527198
-0.71822 26.37861562 3.81572000
-0.71321 26.85310435 3.79046194
-0.70821 27.44570055 3.75658137
-0.70320 28.21304945 3.70871197
-0.69820 29.25797664 3.63570470
-0.69319 30.79120734 3.50960326
-0.68819 33.33362730 3.23138782
-0.68318 44.81305386 2.46107219
-0.67818 49.21573789 2.09787703
-0.67317 21.58949972 1.98725119
-0.66817 19.38050405 1.98204381
-0.66316 18.76313818 1.98090584
-0.65816 18.50342949 1.98043122
-0.65315 18.36937170 1.98013344
-0.64815 18.29130748 1.97989502
-0.64314 18.24225271 1.97967798
-0.63814 18.20990288 1.97946744
-0.63313 18.18797039 1.97925661
-0.62813 18.17296073 1.97904197
-0.62312 18.16280308 1.97882144
-0.61812 18.15620736 1.97859364
-0.61311 18.15233771 1.97835755
-0.60811 18.15063589 1.97811227
-0.60310 18.15072056 1.97785701
-0.59810 18.15232733 1.97759100
-0.59309 18.15527171 1.97731346
-0.58809 18.15942560 1.97702356
-0.58308 18.16470181 1.97672047
-0.57808 18.17104384 1.97640324
-0.57307 18.17841889 1.97607089
-0.56807 18.18681315 1.97572235
-0.56306 18.19622851 1.97535643
-0.55806 18.20668044 1.97497185
-0.55305 18.21819657 1.97456719
-0.54805 18.23081586 1.97414090
-0.54304 18.24458828 1.97369125
-0.53804 18.25957481 1.97321632
-0.53303 18.27584786 1.97271399
-0.52803 18.29349194 1.97218188
-0.52302 18.31260474 1.97161732
-0.51802 18.33329848 1.97101731
-0.51301 18.35570171 1.97037847
-0.50801 18.37996155 1.96969698
-0.50300 18.40624648 1.96896846
-0.49800 18.43474976 1.96818793
-0.49299 18.46569372 1.96734967
-0.48799 18.49933507 1.96644705
-0.48298 18.53597149 1.96547239
-0.47798 18.57595001 1.96441672
-0.47297 18.61967755 1.96326947
-0.46797 18.66763449 1.96201814
-0.46296 18.72039219 1.96064779
-0.45796 18.77863596 1.95914043
-0.45295 18.84319565 1.95747419
-0.44795 18.91508684 1.95562219
-0.44294 18.99556743 1.95355103
-0.43794 19.08621681 1.95121859
-0.43293 19.18904920 1.94857106
-0.42793 19.30667973 1.94553841
-0.42292 19.44257523 1.94202776
-0.41792 19.60144561 1.93791309
-0.41291 19.78987892 1.93301874
-0.40791 20.01742148 1.92709196
-0.40290 20.29852152 1.91975447
-0.39790 20.65628053 1.91041210
-0.39289 21.13036580 1.89807128
-0.38789 21.79576119 1.88092640
-0.38288 22.81491716 1.85528641
-0.37788 24.62142877 1.81210771
-0.37287 28.88024290 1.72063222
-0.36787 51.25252152 1.35217839
-0.36286 211.55418088 0.19521183
-0.35786 25.55882009 0.01110871
-0.35285 18.43343045 0.00300246
-0.34785 16.77984042 0.00127139
-0.34284 16.14082971 0.00066800
-0.33784 15.82501859 0.00039876
-0.33283 15.64400796 0.00025908
-0.32783 15.52926728 0.00017883
-0.32282 15.45095233 0.00012917
-0.31782 15.39434821 0.00009667
-0.31281 15.35150641 0.00007444
-0.30781 15.31782163 0.00005869
-0.30280 15.29047304 0.00004718
-0.29780 15.26765282 0.00003858
-0.29279 15.24815802 0.00003200
-0.28779 15.23116242 0.00002688
-0.28278 15.21608297 0.00002283
-0.27778 15.20249843 0.00001958
-0.27277 15.19009814 0.00001695
-0.26777 15.17864888 0.00001478
-0.26276 15.16797266 0.00001299
-0.25776 15.15793173 0.00001149
-0.25275 15.14841804 0.00001023
-0.24775 15.13934591 0.00000915
-0.24274 15.13064662 0.00000823
-0.23774 15.12226452 0.00000744
-0.23273 15.11415419 0.00000676
-0.22773 15.10627818 0.00000616
-0.22272 15.09860544 0.00000564
-0.21772 15.09111003 0.00000518
-0.21271 15.08377012 0.00000478
-0.20771 15.07656724 0.00000442
-0.20270 15.06948569 0.00000410
-0.19770 15.06251203 0.00000382
-0.19269 15.05563470 0.00000356
-0.18769 15.04884374 0.00000334
-0.18268 15.04213049 0.00000313
-0.17768 15.03548744 0.00000294
-0.17267 15.02890799 0.00000278
-0.16767 15.02238638 0.00000262
-0.16266 15.01591752 0.00000248
-0.15766 15.00949694 0.00000236
-0.15265 15.00312066 0.00000224
-0.14765 14.99678515 0.00000214
-0.14264 14.99048729 0.00000204
-0.13764 14.98422427 0.00000195
-0.13263 14.97799358 0.00000187
-0.12763 14.97179298 0.00000180
-0.12262 14.96562047 0.00000173
-0.11762 14.95947422 0.00000166
-0.11261 14.95335261 0.00000161
-0.10761 14.94725417 0.00000155
-0.10260 14.94117757 0.00000150
-0.09760 14.93512161 0.00000146
-0.09259 14.92908521 0.00000141
-0.08759 14.92306739 0.00000138
-0.08258 14.91706725 0.00000134
-0.07758 14.91108400 0.00000131
-0.07257 14.90511692 0.00000128
-0.06757 14.89916536 0.00000125
-0.06256 14.89322871 0.00000122
-0.05756 14.88730647 0.00000120
-0.05255 14.88139815 0.00000118
-0.04755 14.87550334 0.00000116
-0.04254 14.86962166 0.00000114
-0.03754 14.86375278 0.00000112
-0.03253 14.85789643 0.00000111
-0.02753 14.85205236 0.00000109
-0.02252 14.84622036 0.00000108
-0.01752 14.84040026 0.00000107
-0.01251 14.83459194 0.00000106
-0.00751 14.82879530 0.00000106
-0.00250 14.82301028 0.00000105
0.00250 14.81723686 0.00000105
0.00751 14.81147504 0.00000104
0.01251 14.80572487 0.00000104
0.01752 14.79998643 0.00000104
0.02252 14.79425984 0.00000104
0.02753 14.78854525 0.00000104
0.03253 14.78284286 0.00000105
0.03754 14.77715291 0.00000105
0.04254 14.77147567 0.00000106
0.04755 14.76581149 0.00000106
0.05255 14.76016072 0.00000107
0.05756 14.75452381 0.00000108
0.06256 14.74890125 0.00000109
0.06757 14.74329359 0.00000111
0.07257 14.73770145 0.00000112
0.07758 14.73212554 0.00000114
0.08258 14.72656664 0.00000116
0.08759 14.72102563 0.00000118
0.09259 14.71550350 0.00000120
0.09760 14.71000135 0.00000122
0.10260 14.70452041 0.00000125
0.10761 14.69906206 0.00000128
0.11261 14.69362786 0.00000131
0.11762 14.68821954 0.00000135
0.12262 14.68283906 0.00000138
0.12763 14.67748863 0.00000142
0.13263 14.67217074 0.00000147
0.13764 14.66688821 0.00000152
0.14264 14.66164426 0.00000157
0.14765 14.65644253 0.00000163
0.15265 14.65128721 0.00000169
0.15766 14.64618308 0.00000176
0.16266 14.64113566 0.00000183
0.16767 14.63615132 0.00000191
0.17267 14.63123747 0.00000200
0.17768 14.62640276 0.00000209
0.18268 14.62165733 0.00000220
0.18769 14.61701312 0.00000232
0.19269 14.61248434 0.00000244
0.19770 14.60808793 0.00000258
0.20270 14.60384428 0.00000274
0.20771 14.59977808 0.00000291
0.21271 14.59591953 0.00000310
0.21772 14.59230583 0.00000331
0.22272 14.58898328 0.00000355
0.22773 14.58601017 0.00000382
0.23273 14.58346068 0.00000412
0.23774 14.58143048 0.00000445
0.24274 14.58004476 0.00000484
0.24775 14.57947000 0.00000527
0.25275 14.57993160 0.00000577
0.25776 14.58174108 0.00000634
0.26276 14.58533923 0.00000701
0.26777 14.59136676 0.00000778
0.27277 14.60078475 0.00000868
0.27778 14.61508949 0.00000975
0.28278 14.63671663 0.00001101
0.28779 14.66985302 0.00001253
0.29279 14.72220422 0.00001436
0.29780 14.80925880 0.00001661
0.30280 14.96607429 0.00001939
0.30781 15.28666896 0.00002287
0.31281 16.09994193 0.00002731
0.31782 19.29018051 0.00003306
0.32282 68.78067252 0.00004067
0.32783 34.28536076 0.00005098
0.33283 17.76770982 0.00006535
0.33784 15.76576685 0.00008610
0.34284 15.16532751 0.00011736
0.34785 14.91481442 0.00016715
0.35285 14.79640293 0.00025250
0.35786 14.74694286 0.00041470
0.36286 14.75384965 0.00077504
0.36787 14.85168857 0.00182209
0.37287 15.29401775 0.00737766
0.37788 22.55545863 0.28790797
0.38288 26.63484852 1.56419591
0.38789 24.10024206 1.77384399
0.39289 22.65188588 1.84505655
0.39790 21.71744339 1.88073770
0.40290 21.05631755 1.90218065
0.40791 20.55896017 1.91650755
0.41291 20.16835732 1.92676830
0.41792 19.85171744 1.93448599
0.42292 19.58872429 1.94050610
0.42793 19.36605304 1.94533577
0.43293 19.17456318 1.94929781
0.43794 19.00775333 1.95260756
0.44294 18.86085922 1.95541426
0.44795 18.73030126 1.95782465
0.45295 18.61333230 1.95991712
0.45796 18.50780524 1.96175059
0.46296 18.41201516 1.96337016
0.46797 18.32458931 1.96481101
0.47297 18.24440876 1.96610096
0.47798 18.17055150 1.96726230
0.48298 18.10225029 1.96831313
0.48799 18.03886111 1.96926829
0.49299 17.97983902 1.97014006
0.49800 17.92471967 1.97093870
0.50300 17.87310477 1.97167284
0.50801 17.82465067 1.97234982
0.51301 17.77905932 1.97297587
0.51802 17.73607088 1.97355637
0.52302 17.69545792 1.97409596
0.52803 17.65702053 1.97459866
0.53303 17.62058242 1.97506801
0.53804 17.58598762 1.97550707
0.54304 17.55309782 1.97591857
0.54805 17.52179011 1.97630490
0.55305 17.49195509 1.97666820
0.55806 17.46349534 1.97701035
0.56306 17.43632407 1.97733307
0.56807 17.41036407 1.97763785
0.57307 17.38554676 1.97792608
0.57808 17.36181151 1.97819898
0.58308 17.33910502 1.97845767
0.58809 17.31738086 1.97870314
0.59309 17.29659917 1.97893633
0.59810 17.27672644 1.97915806
0.60310 17.25773547 1.97936909
0.60811 17.23960542 1.97957012
0.61311 17.22232204 1.97976179
0.61812 17.20587810 1.97994468
0.62312 17.19027401 1.98011932
0.62813 17.17551868 1.98028622
0.63313 17.16163082 1.98044583
0.63814 17.14864057 1.98059856
0.64314 17.13659176 1.98074482
0.64815 17.12554499 1.98088495
0.65315 17.11558171 1.98101930
0.65816 17.10680989 1.98114817
0.66316 17.09937175 1.98127185
0.66817 17.09345458 1.98139061
0.67317 17.08930610 1.98150468
0.67818 17.08725664 1.98161430
0.68318 17.08775182 1.98171967
0.68819 17.09140176 1.98182098
0.69319 17.09905749 1.98191840
0.69820 17.11193288 1.98201207
0.70320 17.13180663 1.98210210
0.70821 17.16137109 1.98218856
0.71321 17.20486561 1.98227145
0.71822 17.26929816 1.98235065
0.72322 17.36698515 1.98242584
0.72823 17.52135971 1.98249622
0.73323 17.78203309 1.98255989
0.73824 18.27127939 1.98261178
0.74324 19.37015769 1.98263522
0.74825 22.88042959 1.98254784
0.75325 52.44549832 1.98122952
0.75826 87.81093761 1.97949309
0.76326 31.47104237 1.98248067
0.76827 118.47751390 1.98097910
0.77327 44.64560329 1.98247515
0.77828 22.29916445 1.98300646
0.78328 19.22677143 1.98313851
0.78829 18.23371534 1.98322731
0.79329 17.80321461 1.98331177
0.79830 17.60801200 1.98341481
0.80330 17.56428835 1.98358906
0.80831 17.71908694 1.98407949
0.81331 18.73439921 1.98824588
0.81832 30.10550283 2.26146065
0.82332 35.82849833 2.82221961
0.82833 35.99630619 3.12626592
0.83333 35.22206848 3.31364962
0.83834 34.27867362 3.44011853
0.84334 33.35728718 3.53087598
0.84835 32.50795371 3.59893141
0.85335 31.73932352 3.65166938
0.85836 31.04719970 3.69359078
0.86336 30.42380355 3.72759469
0.86837 29.86094765 3.75563268
0.87337 29.35109233 3.77906670
0.87838 28.88762918 3.79887616
0.88338 28.46488195 3.81578346
0.88839 28.07801239 3.83033312
0.89339 27.72290361 3.84294334
0.89840 27.39604834 3.85394065
0.90340 27.09445111 3.86358367
0.90841 26.81554600 3.87207993
0.91341 26.55712905 3.87959780
0.91842 26.31730331 3.88627536
0.92342 26.09443484 3.89222685
0.92843 25.88711788 3.89754762
0.93343 25.69414808 3.90231782
0.93844 25.51450283 3.90660532
0.94344 25.34732855 3.91046797
0.94845 25.19193489 3.91395534
0.95345 25.04779702 3.91711016
0.95846 24.91456778 3.91996947
0.96346 24.79210326 3.92256551
0.96847 24.68050816 3.92492654
0.97347 24.58021156 3.92707747
0.97848 24.49209283 3.92904044
0.98348 24.41769354 3.93083543
0.98849 24.35958608 3.93248093
0.99349 24.32204504 3.93399504
0.99850 24.31235026 3.93539751
1.00350 24.34354327 3.93671511
1.00851 24.44101775 3.93799829
1.01351 24.66155146 3.93938999
1.01852 25.17022078 3.94155755
1.02352 26.93634367 3.95290134
1.02853 44.94594818 4.77805303
1.03353 46.38762105 5.51438238
1.03854 70.09152122 5.67700677
1.04354 137.46367306 5.74281798
1.04855 271.13907976 5.74781941
1.05355 54.21539230 5.80903087
1.05856 37.43715436 5.83169481
1.06356 33.88675183 5.84617337
1.06857 32.31156605 5.85704942
1.07357 31.36593664 5.86565538
1.07858 30.70341221 5.87268043
1.08358 30.19678405 5.87854624
1.08859 29.78845256 5.88353229
1.09359 29.44869886 5.88783401
1.09860 29.16125589 5.89159468
1.10360 28.91802359 5.89492629
1.10861 28.71850783 5.89792989
1.11361 28.57606836 5.90073958
1.11862 28.55320822 5.90374643
1.12362 29.09602748 5.91057401
1.12863 42.57301641 6.35001938
1.13363 37.91086042 6.80625514
1.13864 35.24647009 6.84889491
1.14364 33.84828983 6.86527339
1.14865 32.94048325 6.87460811
1.15365 32.28391779 6.88095868
1.15866 31.77949377 6.88572933
1.16366 31.37958859 6.88954850
1.16867 31.06130070 6.89275302
1.17367 30.81908841 6.89556393
1.17868 30.67115805 6.89820086
1.18368 30.70443366 6.90116487
1.18869 31.41838434 6.90784262
1.19369 45.04124486 7.15949722
1.19870 51.43995777 8.55861901
1.20370 45.36422260 8.70989995
1.20871 42.42795948 8.76300087
1.21371 40.60699278 8.79156747
1.21872 39.33750108 8.81004007
1.22372 38.40119927 8.82333705
1.22873 37.70964341 8.83369890
1.23373 37.26960820 8.84257004
1.23874 37.35869205 8.85266433
1.24374 43.44558782 8.94477941
1.24875 56.87049096 10.31217004
1.25375 51.19918011 10.57999735
1.25876 48.07037564 10.66607856
1.26376 46.03382291 10.71052775
1.26877 44.55409565 10.73858005
1.27377 43.40373212 10.75834849
1.27878 42.46846078 10.77327633
1.28378 41.68371206 10.78509122
1.28879 41.00977144 10.79476381
1.29379 40.42060559 10.80288589
1.29880 39.89828438 10.80984134
1.30380 39.42996197 10.81589157
1.30881 39.00613469 10.82122168
1.31381 38.61958162 10.82596702
1.31882 38.26469183 10.83022922
1.32382 37.93702125 10.83408638
1.32883 37.63299151 10.83759968
1.33383 37.34967968 10.84081785
1.33884 37.08466797 10.84378028
1.34384 36.83593403 10.84651923
1.34885 36.60176945 10.84906145
1.35385 36.38071817 10.85142930
1.35886 36.17152920 10.85364168
1.36386 35.97311999 10.85571469
1.36887 35.78454753 10.85766214
1.37387 35.60498544 10.85949597
1.37888 35.43370555 10.86122656
1.38388 35.27006295 10.86286299
1.38889 35.11348383 10.86441324
1.39389 34.96345538 10.86588438
1.39890 34.81951755 10.86728264
1.40390 34.68125596 10.86861363
1.40891 34.54829619 10.86988233
1.41391 34.42029874 10.87109324
1.41892 34.29695484 10.87225038
1.42392 34.17798292 10.87335743
1.42893 34.06312547 10.87441771
1.43393 33.95214640 10.87543421
1.43894 33.84482875 10.87640971
1.44394 33.74097269 10.87734672
1.44895 33.64039377 10.87824754
1.45395 33.54292139 10.87911430
1.45896 33.44839746 10.87994895
1.46396 33.35667524 10.88075329
1.46897 33.26761825 10.88152898
1.47397 33.18109937 10.88227758
1.47898 33.09700001 10.88300051
1.48398 33.01520939 10.88369910
1.48899 32.93562405 10.88437459
1.49399 32.85814633 10.88502814
1.49900 32.78268542 10.88566084
1.50400 32.70915618 10.88627368
1.50901 32.63747780 10.88686762
1.51401 32.56757442 10.88744353
1.51902 32.49937583 10.88800227
1.52402 32.43281323 10.88854460
1.52903 32.36782376 10.88907126
1.53403 32.30434668 10.88958296
1.53904 32.24232663 10.89008033
1.54404 32.18170977 10.89056401
1.54905 32.12244468 10.89103457
1.55405 32.06448366 10.89149257
1.55906 32.00778059 10.89193853
1.56406 31.95229170 10.89237295
1.56907 31.89797627 10.89279629
1.57407 31.84479632 10.89320901
1.57908 31.79271407 10.89361151
1.58408 31.74169312 10.89400422
1.58909 31.69170110 10.89438750
1.59409 31.64270653 10.89476172
1.59910 31.59467754 10.89512724
1.60410 31.54758643 10.89548437
1.60911 31.50140521 10.89583343
1.61411 31.45610730 10.89617473
1.61912 31.41166778 10.89650854
1.62412 31.36806233 10.89683515
1.62913 31.32526737 10.89715480
1.63413 31.28326064 10.89746775
1.63914 31.24201952 10.89777424
1.64414 31.20152157 10.89807449
1.64915 31.16174506 10.89836872
1.65415 31.12266564 10.89865713
1.65916 31.08425705 10.89893993
1.66416 31.04648978 10.89921729
1.66917 31.00932730 10.89948940
1.67417 30.97272126 10.89975644
1.67918 30.93660296 10.90001856
1.68418 30.90086607 10.90027591
1.68919 30.86532865 10.90052865
1.69419 30.82963491 10.90077691
1.69920 30.79291397 10.90102083
1.70420 30.75184282 10.90126052
1.70921 30.71539465 10.90149609
1.71421 30.69143007 10.90172769
1.71922 30.66985200 10.90195540
1.72422 30.65012235 10.90217931
1.72923 30.63233004 10.90239950
1.73423 30.61670399 10.90261602
1.73924 30.60357590 10.90282894
1.74424 30.59339610 10.90303828
1.74925 30.58677246 10.90324408
1.75425 30.58453583 10.90344631
1.75926 30.58784366 10.90364497
1.76426 30.59835068 10.90384001
1.76927 30.61849885 10.90403137
1.77427 30.65203741 10.90421907
1.77928 30.70501611 10.90440330
1.78428 30.78784422 10.90458497
1.78929 30.92004192 10.90476739
1.79429 31.14296571 10.90496276
1.79930 31.56246011 10.90522521
1.80430 32.56109437 10.90591740
1.80931 37.94869261 10.91682458
1.81431 74.83420661 11.50635467
1.81932 87.98731792 12.27107365
1.82432 90.31160495 12.78899433
1.82933 89.35612180 13.14901481
1.83433 87.45524270 13.36413513
1.83934 91.47006549 12.68787552
1.84434 83.58120574 13.78878148
1.84935 80.58692004 14.02149828
1.85435 77.97062563 14.12766826
1.85936 75.58832619 14.21638851
1.86436 73.49100241 14.28993389
1.86937 71.57048132 14.35049577
1.87437 69.81176653 14.40074142
1.87938 68.19691817 14.44184095
1.88438 66.70596619 14.47372640
1.88939 65.31109246 14.49380741
1.89439 63.95301343 14.49184968
1.89940 62.40499073 14.42435548
1.90440 58.50682198 13.98291689
1.90941 44.94422402 12.97238286
1.91441 55.07173140 12.95790341
1.91942 123.38299648 13.29656562
1.92442 42.62082898 12.85436047
1.92943 38.22511379 12.83937685
1.93443 37.59792577 12.84238981
1.93944 40.03222758 12.86636446
1.94444 106.05812482 13.47569824
1.94945 47.88223398 13.06923907
1.95445 51.06797497 13.86334088
1.95946 53.96488744 14.30603807
1.96446 54.78248438 14.58704315
1.96947 54.80686441 14.65814185
1.97447 54.65506725 14.69306772
1.97948 54.44491694 14.71267888
1.98448 54.22113079 14.72450665
1.98949 54.00423447 14.73172875
1.99449 53.80719697 14.73564344
1.99950 53.64549095 14.73633628
2.00450 53.55667689 14.73205788
2.00951 53.70832778 14.71290603
2.01451 56.64132797 14.51864506
2.01952 49.50318019 13.54096700
2.02452 49.64942494 13.78440212
2.02953 53.69281942 14.71411526
2.03453 52.93869678 14.76858121
2.03954 52.67295191 14.76832905
2.04454 52.38297056 14.67140790
2.04955 52.42670615 14.77034311
2.05455 52.35754739 14.76913240
2.05956 52.31364701 14.77353910
2.06456 52.27667064 14.71777915
2.06957 52.30444606 14.77096230
2.07457 52.13294824 14.65387156
2.07958 52.33117985 14.77651622
2.08458 52.36848854 14.78088725
2.08959 52.42519250 14.78164174
2.09459 52.49823363 14.78180506
2.09960 52.58699337 14.78169417
2.10460 52.69135746 14.78136266
2.10961 52.81136217 14.78080044
2.11461 52.94710517 14.77996932
2.11962 53.09871355 14.77881038
2.12462 53.26632835 14.77724356
2.12963 53.45009501 14.77516375
2.13463 53.65015617 14.77243421
2.13964 53.86664487 14.76887698
2.14464 54.09967714 14.76425930
2.14965 54.34934190 14.75827423
2.15465 54.61568510 14.75051254
2.15966 54.89868157 14.74042134
2.16466 55.19818116 14.72724122
2.16967 55.51379993 14.70990817
2.17467 55.84469022 14.68689487
2.17968 56.18903258 14.65594267
2.18468 56.54285199 14.61358520
2.18969 56.89706737 14.55424560
2.19469 57.22943985 14.46837996
2.19970 57.47960325 14.33822004
2.20470 57.45507446 14.12637258
2.20971 56.33714556 13.73650935
2.21471 51.20700476 13.02153935
2.21972 82.70031213 12.94979747
2.22472 193.75470580 12.98281870
2.22973 50.34331432 12.88131262
2.23473 41.02753186 12.87752387
2.23974 38.60406161 12.87712325
2.24474 37.60872143 12.87723631
2.24975 37.09410916 12.87747618
2.25475 36.78883087 12.87775403
2.25976 36.59131662 12.87804244
2.26476 36.45675888 12.87833096
2.26977 36.36328621 12.87861470
2.27477 36.29977658 12.87889064
2.27978 36.26094141 12.87915614
2.28478 36.24532024 12.87940811
2.28979 36.25473314 12.87964212
2.29479 36.29481736 12.87985112
2.29980 36.37693805 12.88002297
2.30480 36.52269093 12.88013533
2.30981 36.77447844 12.88014347
2.31481 37.22272353 12.87994793
2.31982 38.08725345 12.87929316
2.32482 40.02255709 12.87736444
2.32983 45.77795161 12.87042235
2.33483 79.59980049 12.82081040
2.33984 349.85385397 12.55100437
2.34484 75.42028921 12.84782993
2.34985 45.01100454 12.87012707
2.35485 39.69811491 12.87568223
2.35986 37.84505957 12.87788200
2.36486 36.98532170 12.87888603
2.36987 36.51920240 12.87924139
2.37487 36.24301983 12.87901537
2.37988 36.07412585 12.87785632
2.38488 35.98087252 12.87399783
2.38989 36.01344426 12.84894292
2.39489 34.80279447 12.02866269
2.39990 35.96067760 12.87227177
2.40490 35.98157712 12.88467417
2.40991 36.10279785 12.88578849
2.41491 36.33947975 12.88592768
2.41992 36.77947102 12.88579824
2.42492 37.65481344 12.88538814
2.42993 39.69536546 12.88428290
2.43493 46.27807517 12.88040558
2.43994 98.30896918 12.84803503
2.44494 431.91532273 12.66583100
2.44995 61.67537749 12.87009204
2.45495 42.51180222 12.88220844
2.45996 38.52605620 12.88492914
2.46496 37.04908507 12.88603885
2.46997 36.33784192 12.88664473
2.47497 35.93854098 12.88704089
2.47998 35.69038572 12.88733316
2.48498 35.52463464 12.88756731
2.48999 35.40790223 12.88776582
2.49499 35.32241059 12.88794072
2.50000 35.25802507 12.88809892
