-1.50000 9.242432711207 3.943246276222
-1.49700 9.257240162406 3.943124316144
-1.49399 9.272756815598 3.942999829843
-1.49099 9.288969922849 3.942872740578
-1.48799 9.305869872378 3.942742968305
-1.48498 9.323449890671 3.942610429502
-1.48198 9.341705793308 3.942475036972
-1.47898 9.360635777065 3.942336699641
-1.47598 9.380240247257 3.942195322330
-1.47297 9.400521675330 3.942050805527
-1.46997 9.421484482692 3.941903045126
-1.46697 9.443134947474 3.941751932157
-1.46396 9.465481131486 3.941597352495
-1.46096 9.488532825196 3.941439186543
-1.45796 9.512301508952 3.941277308892
-1.45495 9.536800328998 3.941111587959
-1.45195 9.562044087168 3.940941885595
-1.44895 9.588049243414 3.940768056655
-1.44595 9.614833930506 3.940589948545
-1.44294 9.642417980466 3.940407400725
-1.43994 9.670822962531 3.940220244171
-1.43694 9.700072232516 3.940028300794
-1.43393 9.730190993670 3.939831382811
-1.43093 9.761206369299 3.939629292056
-1.42793 9.793147487490 3.939421819238
-1.42492 9.826045578520 3.939208743126
-1.42192 9.859934085637 3.938989829666
-1.41892 9.894848790103 3.938764831010
-1.41592 9.930827951529 3.938533484463
-1.41291 9.967912464771 3.938295511320
-1.40991 10.006146034857 3.938050615597
-1.40691 10.045575371637 3.937798482634
-1.40390 10.086250406140 3.937538777559
-1.40090 10.128224530940 3.937271143592
-1.39790 10.171554867146 3.936995200176
-1.39489 10.216302561066 3.936710540905
-1.39189 10.262533114043 3.936416731233
-1.38889 10.310316749517 3.936113305921
-1.38589 10.359728821952 3.935799766209
-1.38288 10.410850273057 3.935475576645
-1.37988 10.463768141542 3.935140161556
-1.37688 10.518576133676 3.934792901090
-1.37387 10.575375263133 3.934433126763
-1.37087 10.634274569986 3.934060116460
-1.36787 10.695391930466 3.933673088782
-1.36486 10.758854971055 3.933271196652
-1.36186 10.824802102992 3.932853520058
-1.35886 10.893383696152 3.932419057787
-1.35586 10.964763414842 3.931966717996
-1.35285 11.039119742386 3.931495307392
-1.34985 11.116647726675 3.931003518807
-1.34685 11.197560985352 3.930489916849
-1.34384 11.282094017370 3.929952921289
-1.34084 11.370504877631 3.929390787731
-1.33784 11.463078283909 3.928801585037
-1.33483 11.560129240945 3.928183168837
-1.33183 11.662007286441 3.927533150291
-1.32883 11.769101488940 3.926848859081
-1.32583 11.881846359976 3.926127299297
-1.32282 12.000728884747 3.925365096584
-1.31982 12.126296930043 3.924558434396
-1.31682 12.259169359830 3.923702976616
-1.31381 12.400048283753 3.922793772952
-1.31081 12.549733990919 3.921825142383
-1.30781 12.709143293189 3.920790528378
-1.30480 12.879332237233 3.919682317428
-1.30180 13.061524470086 3.918491609380
-1.29880 13.257146999375 3.917207923678
-1.29580 13.467875738787 3.915818819256
-1.29279 13.695694167475 3.914309396388
-1.28979 13.942969810530 3.912661634650
-1.28679 14.212555310474 3.910853499243
-1.28378 14.507924010847 3.908857713555
-1.28078 14.833354895412 3.906640040164
-1.27778 15.194189613010 3.904156819935
-1.27477 15.597197314147 3.901351359717
-1.27177 16.051105135637 3.898148475293
-1.26877 16.567391178670 3.894445967926
-1.26577 17.161508590223 3.890100779689
-1.26276 17.854847975088 3.884905432214
-1.25976 18.678028967818 3.878545600639
-1.25676 19.676733498937 3.870518197249
-1.25375 20.922776421534 3.859958566557
-1.25075 22.537043707453 3.845231007614
-1.24775 24.742906153755 3.822789914684
-1.24474 28.012566463288 3.783163687904
-1.24174 33.572883581825 3.689857446713
-1.23874 44.690310700416 3.240275896263
-1.23574 31.325784860752 2.231558112011
-1.23273 9.032289504772 1.993070221237
-1.22973 5.958266833351 1.978908077524
-1.22673 5.129654886113 1.976572784261
-1.22372 4.764413844873 1.975842082235
-1.22072 4.564870280153 1.975539005266
-1.21772 4.441533712431 1.975391150285
-1.21471 4.358866749235 1.975310975812
-1.21171 4.300174847899 1.975264178908
-1.20871 4.256666688057 1.975235375140
-1.20571 4.223310888941 1.975216949274
-1.20270 4.197038745598 1.975204835691
-1.19970 4.175881990810 1.975196729660
-1.19670 4.158525505607 1.975191259270
-1.19369 4.144060291932 1.975187574045
-1.19069 4.131839849690 1.975185128347
-1.18769 4.121393003868 1.975183561664
-1.18468 4.112369024429 1.975182629640
-1.18168 4.104501971477 1.975182162912
-1.17868 4.097586887268 1.975182041748
-1.17568 4.091463511319 1.975182180004
-1.17267 4.086004901161 1.975182514714
-1.16967 4.081109328131 1.975182999195
-1.16667 4.076694406066 1.975183598389
-1.16366 4.072692771481 1.975184285653
-1.16066 4.069048860390 1.975185040522
-1.15766 4.065716472426 1.975185847120
-1.15465 4.062656908269 1.975186693018
-1.15165 4.059837530041 1.975187568403
-1.14865 4.057230637516 1.975188465465
-1.14565 4.054812582767 1.975189377942
-1.14264 4.052563066693 1.975190300783
-1.13964 4.050464575600 1.975191229882
-1.13664 4.048501926598 1.975192161882
-1.13363 4.046661898258 1.975193094026
-1.13063 4.044932928587 1.975194024033
-1.12763 4.043304866524 1.975194950010
-1.12462 4.041768766319 1.975195870373
-1.12162 4.040316716446 1.975196783796
-1.11862 4.038941696549 1.975197689160
-1.11562 4.037637457225 1.975198585518
-1.11261 4.036398418558 1.975199472065
-1.10961 4.035219584080 1.975200348112
-1.10661 4.034096467526 1.975201213071
-1.10360 4.033025030246 1.975202066433
-1.10060 4.032001627498 1.975202907758
-1.09760 4.031022962227 1.975203736667
-1.09459 4.030086045116 1.975204552825
-1.09159 4.029188159978 1.975205355943
-1.08859 4.028326833660 1.975206145763
-1.08559 4.027499809808 1.975206922061
-1.08258 4.026705025922 1.975207684635
-1.07958 4.025940593233 1.975208433307
-1.07658 4.025204779010 1.975209167916
-1.07357 4.024495990971 1.975209888319
-1.07057 4.023812763511 1.975210594386
-1.06757 4.023153745502 1.975211285997
-1.06456 4.022517689458 1.975211963046
-1.06156 4.021903441904 1.975212625432
-1.05856 4.021309934789 1.975213273065
-1.05556 4.020736177819 1.975213905858
-1.05255 4.020181251591 1.975214523734
-1.04955 4.019644301438 1.975215126617
-1.04655 4.019124531898 1.975215714438
-1.04354 4.018621201738 1.975216287130
-1.04054 4.018133619471 1.975216844630
-1.03754 4.017661139312 1.975217386878
-1.03453 4.017203157505 1.975217913815
-1.03153 4.016759109012 1.975218425386
-1.02853 4.016328464500 1.975218921536
-1.02553 4.015910727612 1.975219402214
-1.02252 4.015505432479 1.975219867366
-1.01952 4.015112141451 1.975220316944
-1.01652 4.014730443033 1.975220750897
-1.01351 4.014359949992 1.975221169177
-1.01051 4.014000297636 1.975221571735
-1.00751 4.013651142233 1.975221958526
-1.00450 4.013312159558 1.975222329500
-1.00150 4.012983043560 1.975222684612
-0.99850 4.012663505143 1.975223023815
-0.99550 4.012353271041 1.975223347064
-0.99249 4.012052082779 1.975223654310
-0.98949 4.011759695723 1.975223945510
-0.98649 4.011475878192 1.975224220616
-0.98348 4.011200410645 1.975224479582
-0.98048 4.010933084929 1.975224722363
-0.97748 4.010673703584 1.975224948913
-0.97447 4.010422079194 1.975225159185
-0.97147 4.010178033789 1.975225353132
-0.96847 4.009941398287 1.975225530709
-0.96547 4.009712011977 1.975225691869
-0.96246 4.009489722045 1.975225836565
-0.95946 4.009274383122 1.975225964751
-0.95646 4.009065856868 1.975226076378
-0.95345 4.008864011583 1.975226171400
-0.95045 4.008668721847 1.975226249769
-0.94745 4.008479868181 1.975226311439
-0.94444 4.008297336736 1.975226356360
-0.94144 4.008121018989 1.975226384485
-0.93844 4.007950811476 1.975226395765
-0.93544 4.007786615524 1.975226390152
-0.93243 4.007628337018 1.975226367598
-0.92943 4.007475886170 1.975226328053
-0.92643 4.007329177305 1.975226271469
-0.92342 4.007188128663 1.975226197795
-0.92042 4.007052662209 1.975226106983
-0.91742 4.006922703456 1.975225998982
-0.91441 4.006798181306 1.975225873744
-0.91141 4.006679027884 1.975225731216
-0.90841 4.006565178399 1.975225571350
-0.90541 4.006456570999 1.975225394095
-0.90240 4.006353146643 1.975225199398
-0.89940 4.006254848981 1.975224987211
-0.89640 4.006161624234 1.975224757480
-0.89339 4.006073421085 1.975224510155
-0.89039 4.005990190576 1.975224245183
-0.88739 4.005911886009 1.975223962513
-0.88438 4.005838462856 1.975223662093
-0.88138 4.005769878672 1.975223343868
-0.87838 4.005706093008 1.975223007787
-0.87538 4.005647067336 1.975222653797
-0.87237 4.005592764973 1.975222281843
-0.86937 4.005543151016 1.975221891873
-0.86637 4.005498192268 1.975221483831
-0.86336 4.005457857182 1.975221057663
-0.86036 4.005422115798 1.975220613315
-0.85736 4.005390939686 1.975220150730
-0.85435 4.005364301894 1.975219669854
-0.85135 4.005342176898 1.975219170630
-0.84835 4.005324540553 1.975218653002
-0.84535 4.005311370048 1.975218116912
-0.84234 4.005302643861 1.975217562302
-0.83934 4.005298341719 1.975216989116
-0.83634 4.005298444564 1.975216397294
-0.83333 4.005302934509 1.975215786776
-0.83033 4.005311794807 1.975215157504
-0.82733 4.005325009818 1.975214509415
-0.82432 4.005342564978 1.975213842450
-0.82132 4.005364446769 1.975213156546
-0.81832 4.005390642691 1.975212451641
-0.81532 4.005421141239 1.975211727670
-0.81231 4.005455931871 1.975210984570
-0.80931 4.005495004993 1.975210222274
-0.80631 4.005538351931 1.975209440718
-0.80330 4.005585964914 1.975208639833
-0.80030 4.005637837053 1.975207819551
-0.79730 4.005693962323 1.975206979802
-0.79429 4.005754335545 1.975206120517
-0.79129 4.005818952372 1.975205241622
-0.78829 4.005887809275 1.975204343046
-0.78529 4.005960903524 1.975203424713
-0.78228 4.006038233183 1.975202486547
-0.77928 4.006119797093 1.975201528472
-0.77628 4.006205594861 1.975200550407
-0.77327 4.006295626854 1.975199552274
-0.77027 4.006389894187 1.975198533988
-0.76727 4.006488398717 1.975197495467
-0.76426 4.006591143034 1.975196436624
-0.76126 4.006698130458 1.975195357371
-0.75826 4.006809365029 1.975194257618
-0.75526 4.006924851505 1.975193137274
-0.75225 4.007044595361 1.975191996244
-0.74925 4.007168602781 1.975190834432
-0.74625 4.007296880659 1.975189651738
-0.74324 4.007429436596 1.975188448062
-0.74024 4.007566278901 1.975187223298
-0.73724 4.007707416589 1.975185977341
-0.73423 4.007852859387 1.975184710082
-0.73123 4.008002617727 1.975183421406
-0.72823 4.008156702755 1.975182111200
-0.72523 4.008315126332 1.975180779344
-0.72222 4.008477901040 1.975179425717
-0.71922 4.008645040183 1.975178050193
-0.71622 4.008816557793 1.975176652644
-0.71321 4.008992468638 1.975175232936
-0.71021 4.009172788225 1.975173790935
-0.70721 4.009357532814 1.975172326500
-0.70420 4.009546719419 1.975170839487
-0.70120 4.009740365818 1.975169329748
-0.69820 4.009938490568 1.975167797130
-0.69520 4.010141113007 1.975166241475
-0.69219 4.010348253274 1.975164662624
-0.68919 4.010559932312 1.975163060409
-0.68619 4.010776171885 1.975161434658
-0.68318 4.010996994589 1.975159785196
-0.68018 4.011222423871 1.975158111841
-0.67718 4.011452484037 1.975156414406
-0.67417 4.011687200270 1.975154692698
-0.67117 4.011926598644 1.975152946520
-0.66817 4.012170706147 1.975151175666
-0.66517 4.012419550692 1.975149379926
-0.66216 4.012673161139 1.975147559084
-0.65916 4.012931567310 1.975145712917
-0.65616 4.013194800013 1.975143841194
-0.65315 4.013462891065 1.975141943679
-0.65015 4.013735873307 1.975140020129
-0.64715 4.014013780630 1.975138070292
-0.64414 4.014296647997 1.975136093909
-0.64114 4.014584511469 1.975134090715
-0.63814 4.014877408232 1.975132060435
-0.63514 4.015175376615 1.975130002787
-0.63213 4.015478456124 1.975127917480
-0.62913 4.015786687467 1.975125804215
-0.62613 4.016100112586 1.975123662683
-0.62312 4.016418774681 1.975121492568
-0.62012 4.016742718245 1.975119293542
-0.61712 4.017071989093 1.975117065270
-0.61411 4.017406634398 1.975114807405
-0.61111 4.017746702724 1.975112519591
-0.60811 4.018092244057 1.975110201462
-0.60511 4.018443309845 1.975107852639
-0.60210 4.018799953037 1.975105472735
-0.59910 4.019162228115 1.975103061350
-0.59610 4.019530191141 1.975100618072
-0.59309 4.019903899789 1.975098142479
-0.59009 4.020283413399 1.975095634136
-0.58709 4.020668793011 1.975093092594
-0.58408 4.021060101412 1.975090517394
-0.58108 4.021457403182 1.975087908060
-0.57808 4.021860764748 1.975085264106
-0.57508 4.022270254425 1.975082585030
-0.57207 4.022685942471 1.975079870317
-0.56907 4.023107901136 1.975077119437
-0.56607 4.023536204723 1.975074331845
-0.56306 4.023970929639 1.975071506979
-0.56006 4.024412154450 1.975068644264
-0.55706 4.024859959947 1.975065743106
-0.55405 4.025314429203 1.975062802897
-0.55105 4.025775647639 1.975059823009
-0.54805 4.026243703085 1.975056802800
-0.54505 4.026718685853 1.975053741605
-0.54204 4.027200688805 1.975050638746
-0.53904 4.027689807424 1.975047493522
-0.53604 4.028186139887 1.975044305213
-0.53303 4.028689787148 1.975041073082
-0.53003 4.029200853011 1.975037796367
-0.52703 4.029719444215 1.975034474288
-0.52402 4.030245670519 1.975031106041
-0.52102 4.030779644793 1.975027690802
-0.51802 4.031321483102 1.975024227722
-0.51502 4.031871304807 1.975020715930
-0.51201 4.032429232658 1.975017154530
-0.50901 4.032995392899 1.975013542600
-0.50601 4.033569915367 1.975009879193
-0.50300 4.034152933605 1.975006163337
-0.50000 4.034744584975 1.975002394032
-0.49700 4.035345010769 1.974998570249
-0.49399 4.035954356331 1.974994690930
-0.49099 4.036572771188 1.974990754991
-0.48799 4.037200409172 1.974986761313
-0.48498 4.037837428555 1.974982708748
-0.48198 4.038483992196 1.974978596116
-0.47898 4.039140267678 1.974974422202
-0.47598 4.039806427459 1.974970185758
-0.47297 4.040482649036 1.974965885501
-0.46997 4.041169115096 1.974961520110
-0.46697 4.041866013693 1.974957088228
-0.46396 4.042573538421 1.974952588457
-0.46096 4.043291888596 1.974948019363
-0.45796 4.044021269443 1.974943379465
-0.45495 4.044761892300 1.974938667245
-0.45195 4.045513974819 1.974933881138
-0.44895 4.046277741177 1.974929019534
-0.44595 4.047053422308 1.974924080776
-0.44294 4.047841256127 1.974919063158
-0.43994 4.048641487773 1.974913964925
-0.43694 4.049454369864 1.974908784270
-0.43393 4.050280162761 1.974903519330
-0.43093 4.051119134835 1.974898168190
-0.42793 4.051971562765 1.974892728876
-0.42492 4.052837731825 1.974887199352
-0.42192 4.053717936203 1.974881577524
-0.41892 4.054612479325 1.974875861233
-0.41592 4.055521674197 1.974870048253
-0.41291 4.056445843756 1.974864136289
-0.40991 4.057385321251 1.974858122976
-0.40691 4.058340450621 1.974852005875
-0.40390 4.059311586910 1.974845782470
-0.40090 4.060299096693 1.974839450166
-0.39790 4.061303358514 1.974833006283
-0.39489 4.062324763366 1.974826448058
-0.39189 4.063363715168 1.974819772638
-0.38889 4.064420631282 1.974812977077
-0.38589 4.065495943056 1.974806058331
-0.38288 4.066590096378 1.974799013258
-0.37988 4.067703552274 1.974791838611
-0.37688 4.068836787529 1.974784531032
-0.37387 4.069990295329 1.974777087053
-0.37087 4.071164585968 1.974769503086
-0.36787 4.072360187516 1.974761775419
-0.36486 4.073577646653 1.974753900215
-0.36186 4.074817529391 1.974745873499
-0.35886 4.076080421943 1.974737691161
-0.35586 4.077366931598 1.974729348940
-0.35285 4.078677687637 1.974720842426
-0.34985 4.080013342323 1.974712167050
-0.34685 4.081374571904 1.974703318075
-0.34384 4.082762077719 1.974694290592
-0.34084 4.084176587314 1.974685079509
-0.33784 4.085618855662 1.974675679542
-0.33483 4.087089666419 1.974666085212
-0.33183 4.088589833267 1.974656290827
-0.32883 4.090120201332 1.974646290479
-0.32583 4.091681648664 1.974636078029
-0.32282 4.093275087832 1.974625647099
-0.31982 4.094901467576 1.974614991058
-0.31682 4.096561774591 1.974604103011
-0.31381 4.098257035373 1.974592975783
-0.31081 4.099988318223 1.974581601909
-0.30781 4.101756735320 1.974569973616
-0.30480 4.103563444964 1.974558082808
-0.30180 4.105409653914 1.974545921051
-0.29880 4.107296619908 1.974533479549
-0.29580 4.109225654297 1.974520749134
-0.29279 4.111198124884 1.974507720239
-0.28979 4.113215458909 1.974494382880
-0.28679 4.115279146242 1.974480726629
-0.28378 4.117390742773 1.974466740595
-0.28078 4.119551874017 1.974452413393
-0.27778 4.121764238976 1.974437733122
-0.27477 4.124029614210 1.974422687328
-0.27177 4.126349858246 1.974407262978
-0.26877 4.128726916207 1.974391446424
-0.26577 4.131162824823 1.974375223368
-0.26276 4.133659717748 1.974358578821
-0.25976 4.136219831241 1.974341497063
-0.25676 4.138845510289 1.974323961599
-0.25375 4.141539215104 1.974305955112
-0.25075 4.144303528130 1.974287459406
-0.24775 4.147141161553 1.974268455360
-0.24474 4.150054965323 1.974248922861
-0.24174 4.153047935831 1.974228840745
-0.23874 4.156123225187 1.974208186726
-0.23574 4.159284151217 1.974186937323
-0.23273 4.162534208238 1.974165067780
-0.22973 4.165877078663 1.974142551979
-0.22673 4.169316645501 1.974119362349
-0.22372 4.172857005884 1.974095469761
-0.22072 4.176502485663 1.974070843425
-0.21772 4.180257655198 1.974045450765
-0.21471 4.184127346451 1.974019257296
-0.21171 4.188116671529 1.973992226479
-0.20871 4.192231042778 1.973964319574
-0.20571 4.196476194623 1.973935495473
-0.20270 4.200858207295 1.973905710518
-0.19970 4.205383532682 1.973874918306
-0.19670 4.210059022479 1.973843069472
-0.19369 4.214891958911 1.973810111458
-0.19069 4.219890088287 1.973775988248
-0.18769 4.225061657704 1.973740640092
-0.18468 4.230415455239 1.973704003189
-0.18168 4.235960854035 1.973666009350
-0.17868 4.241707860707 1.973626585615
-0.17568 4.247667168579 1.973585653842
-0.17267 4.253850216318 1.973543130242
-0.16967 4.260269252609 1.973498924873
-0.16667 4.266937407617 1.973452941071
-0.16366 4.273868772058 1.973405074822
-0.16066 4.281078484856 1.973355214062
-0.15766 4.288582830489 1.973303237898
-0.15465 4.296399347270 1.973249015729
-0.15165 4.304546948057 1.973192406272
-0.14865 4.313046055043 1.973133256465
-0.14565 4.321918750608 1.973071400224
-0.14264 4.331188946490 1.973006657057
-0.13964 4.340882573924 1.972938830483
-0.13664 4.351027797837 1.972867706245
-0.13363 4.361655258739 1.972793050280
-0.13063 4.372798346538 1.972714606406
-0.12763 4.384493511351 1.972632093671
-0.12462 4.396780617257 1.972545203321
-0.12162 4.409703346056 1.972453595309
-0.11862 4.423309659529 1.972356894262
-0.11562 4.437652330321 1.972254684815
-0.11261 4.452789553639 1.972146506181
-0.10961 4.468785654561 1.972031845812
-0.10661 4.485711908848 1.971910131969
-0.10360 4.503647499194 1.971780724976
-0.10060 4.522680633792 1.971642906863
-0.09760 4.542909860397 1.971495869069
-0.09459 4.564445617142 1.971338697726
-0.09159 4.587412071608 1.971170355987
-0.08859 4.611949312991 1.970989662650
-0.08559 4.638215979484 1.970795266147
-0.08258 4.666392425753 1.970585612679
-0.07958 4.696684565444 1.970358906881
-0.07658 4.729328563917 1.970113062888
-0.07357 4.764596610733 1.969845642943
-0.07057 4.802804075606 1.969553779649
-0.06757 4.844318454058 1.969234076527
-0.06456 4.889570652463 1.968882479432
-0.06156 4.939069365612 1.968494108306
-0.05856 4.993419593036 1.968063034113
-0.05556 5.053346769258 1.967581978853
-0.05255 5.119728622349 1.967041905645
-0.04955 5.193637846766 1.966431448588
-0.04655 5.276400185634 1.965736103975
-0.04354 5.369674919564 1.964937057087
-0.04054 5.475568687041 1.964009436935
-0.03754 5.596800184682 1.962919643997
-0.03453 5.736944859489 1.961621120196
-0.03153 5.900809718066 1.960047388155
-0.02853 6.095028372908 1.958100059943
-0.02553 6.329046836496 1.955627013054
-0.02252 6.616843029850 1.952379912795
-0.01952 6.980123448476 1.947924290987
-0.01652 7.454767071858 1.941427398775
-0.01351 8.105275558868 1.931079046895
-0.01051 9.062305742381 1.912142386402
-0.00751 10.643432606357 1.867800631183
-0.00450 13.856749057883 1.687504911575
-0.00150 14.678183061494 0.657372823286
0.00150 3.584374683796 0.071435564722
0.00450 1.037638377673 0.011788551133
0.00751 0.565114661853 0.004611295419
0.01051 0.381594976290 0.002438635382
0.01351 0.287511298530 0.001507525329
0.01652 0.231594617572 0.001026679162
0.01952 0.195135120093 0.000747293191
0.02252 0.169802003999 0.000571155791
0.02553 0.151368273444 0.000453254893
0.02853 0.137479857283 0.000370640409
0.03153 0.126730658987 0.000310632797
0.03453 0.118233648817 0.000265772840
0.03754 0.111404195882 0.000231445051
0.04054 0.105842930498 0.000204672584
0.04354 0.101268821113 0.000183467860
0.04655 0.097479146876 0.000166464530
0.04955 0.094324614109 0.000152699781
0.05255 0.091693369671 0.000141480801
0.05556 0.089500436340 0.000132300242
0.05856 0.087680560373 0.000124781239
0.06156 0.086183268733 0.000118640788
0.06456 0.084969395055 0.000113664879
0.06757 0.084008605959 0.000109691328
0.07057 0.083277625243 0.000106597790
0.07357 0.082758957172 0.000104293345
0.07658 0.082439976801 0.000102712613
0.07958 0.082312299391 0.000101811722
0.08258 0.082371371188 0.000101565705
0.08559 0.082616245573 0.000101967033
0.08859 0.083049525189 0.000103025162
0.09159 0.083677464643 0.000104767029
0.09459 0.084510241601 0.000107238553
0.09760 0.085562418287 0.000110507284
0.10060 0.086853632446 0.000114666470
0.10360 0.088409579273 0.000119840966
0.10661 0.090263377124 0.000126195663
0.10961 0.092457455555 0.000133947461
0.11261 0.095046173201 0.000143382345
0.11562 0.098099480057 0.000154880055
0.11862 0.101708109105 0.000168950258
0.12162 0.105991061217 0.000186286644
0.12462 0.111106616984 0.000207849672
0.12763 0.117268925980 0.000234996570
0.13063 0.124773695805 0.000269691854
0.13363 0.134039265358 0.000314860521
0.13664 0.145674778026 0.000375005503
0.13964 0.160598448787 0.000457340825
0.14264 0.180253901495 0.000573995728
0.14565 0.207032373344 0.000746617555
0.14865 0.245166275042 0.001016877376
0.15165 0.302829425402 0.001473369221
0.15465 0.397826008963 0.002332081848
0.15766 0.576515162239 0.004238096713
0.16066 1.001711484366 0.009900465343
0.16366 2.763052881334 0.043233773046
0.16667 15.016300280359 0.500025353016
0.16967 16.835799818058 1.568176538274
0.17267 11.890862122180 1.864820750536
0.17568 9.813957645165 1.915405210315
0.17868 8.646164264013 1.934259426953
0.18168 7.882246786260 1.943953220373
0.18468 7.337805309027 1.949859675328
0.18769 6.927698964151 1.953850794768
0.19069 6.606555307430 1.956739610698
0.19369 6.347732145991 1.958934501807
0.19670 6.134446814106 1.960662950434
0.19970 5.955547917234 1.962061861188
0.20270 5.803308173230 1.963218712616
0.20571 5.672188337342 1.964192129945
0.20871 5.558104975605 1.965022954132
0.21171 5.457976308914 1.965740563790
0.21471 5.369429516816 1.966366668873
0.21772 5.290605867648 1.966917683949
0.22072 5.220027306323 1.967406266535
0.22372 5.156502875966 1.967842345239
0.22673 5.099061669656 1.968233825480
0.22973 5.046903879435 1.968587085374
0.23273 4.999364454670 1.968907331482
0.23574 4.955885713950 1.969198858759
0.23874 4.915996423675 1.969465243685
0.24174 4.879295619528 1.969709489889
0.24474 4.845439955448 1.969934139454
0.24775 4.814133709780 1.970141359034
0.25075 4.785120816530 1.970333007224
0.25375 4.758178456661 1.970510687826
0.25676 4.733111863199 1.970675792339
0.25976 4.709750079457 1.970829534167
0.26276 4.687942472192 1.970972976369
0.26577 4.667555847502 1.971107054348
0.26877 4.648472051660 1.971232594522
0.27177 4.630585964895 1.971350329791
0.27477 4.613803815810 1.971460912439
0.27778 4.598041759177 1.971564924935
0.28078 4.583224671504 1.971662889041
0.28378 4.569285127868 1.971755273528
0.28679 4.556162530655 1.971842500739
0.28979 4.543802366512 1.971924952195
0.29279 4.532155572398 1.972002973418
0.29580 4.521177995280 1.972076878076
0.29880 4.510829933056 1.972146951576
0.30180 4.501075746837 1.972213454190
0.30480 4.491883536879 1.972276623767
0.30781 4.483224876332 1.972336678124
0.31081 4.475074598781 1.972393817131
0.31381 4.467410637138 1.972448224565
0.31682 4.460213913191 1.972500069743
0.31982 4.453468278867 1.972549508983
0.32282 4.447160512314 1.972596686913
0.32583 4.441280374286 1.972641737656
0.32883 4.435820733328 1.972684785911
0.33183 4.430777772048 1.972725947958
0.33483 4.426151291839 1.972765332604
0.33784 4.421945140247 1.972803042100
0.34084 4.418167794604 1.972839173063
0.34384 4.414833148778 1.972873817432
0.34685 4.411961568799 1.972907063521
0.34985 4.409581310538 1.972938997228
0.35285 4.407730433085 1.972969703526
0.35586 4.406459402311 1.972999268369
0.35886 4.405834672186 1.973027781292
0.36186 4.405943676928 1.973055339067
0.36486 4.406901899596 1.973082051083
0.36787 4.408863063579 1.973108047522
0.37087 4.412034134618 1.973133492199
0.37387 4.416697933922 1.973158603399
0.37688 4.423248162707 1.973183688881
0.37988 4.432245375483 1.973209206914
0.38288 4.444509744823 1.973235877294
0.38589 4.461281508814 1.973264893292
0.38889 4.484512959631 1.973298350171
0.39189 4.517433576481 1.973340173289
0.39489 4.565730506518 1.973398306726
0.39790 4.640266002146 1.973490463815
0.40090 4.764191131313 1.973661559823
0.40390 4.995233769660 1.974048268612
0.40691 5.517499725319 1.975203682759
0.40991 7.256340710127 1.980931689802
0.41291 23.507335779571 2.088723726098
0.41592 34.119322695930 2.502261562909
0.41892 20.210823026751 2.793093956158
0.42192 16.323468785135 2.856263564439
0.42492 14.423749235306 2.881613763969
0.42793 13.235494903509 2.896040748976
0.43093 12.401041853912 2.905616246086
0.43393 11.773437985473 2.912544433073
0.43694 11.279303008740 2.917842520111
0.43994 10.877263061357 2.922053565823
0.44294 10.541949026341 2.925497440585
0.44595 10.256813912164 2.928376418912
0.44895 10.010539212920 2.930825483883
0.45195 9.795084415604 2.932938600917
0.45495 9.604558805635 2.934783450696
0.45796 9.434534600859 2.936410171922
0.46096 9.281610743314 2.937856795045
0.46396 9.143125884531 2.939152752096
0.46697 9.016963748059 2.940321219016
0.46997 8.901417653517 2.941380723239
0.47297 8.795094052915 2.942346274135
0.47598 8.696842458075 2.943230175077
0.47898 8.605703628137 2.944042617863
0.48198 8.520870647048 2.944792125202
0.48498 8.441659264958 2.945485885089
0.48799 8.367485005991 2.946130006929
0.49099 8.297845291074 2.946729720150
0.49399 8.232305327653 2.947289529955
0.49700 8.170486863458 2.947813340724
0.50000 8.112059142389 2.948304554698
0.50300 8.056731571122 2.948766151598
0.50601 8.004247727453 2.949200753367
0.50901 7.954380430379 2.949610677214
0.51201 7.906927657308 2.949997979377
0.51502 7.861709142475 2.950364491459
0.51802 7.818563527148 2.950711850776
0.52102 7.777345959896 2.951041525861
0.52402 7.737926066425 2.951354837998
0.52703 7.700186224798 2.951652979496
0.53003 7.664020094601 2.951937029286
0.53303 7.629331358598 2.952207966265
0.53604 7.596032643291 2.952466680788
0.53904 7.564044591102 2.952713984587
0.54204 7.533295061936 2.952950619373
0.54505 7.503718445983 2.953177264319
0.54805 7.475255072980 2.953394542598
0.55105 7.447850705933 2.953603027105
0.55405 7.421456109659 2.953803245493
0.55706 7.396026686533 2.953995684611
0.56006 7.371522173595 2.954180794429
0.56306 7.347906396820 2.954358991521
0.56607 7.325147079884 2.954530662167
0.56907 7.303215706292 2.954696165124
0.57207 7.282087435334 2.954855834108
0.57508 7.261741074078 2.955009980029
0.57808 7.242159109593 2.955158893016
0.58108 7.223327808033 2.955302844253
0.58408 7.205237390088 2.955442087665
0.58709 7.187882296139 2.955576861477
0.59009 7.171261559265 2.955707389678
0.59309 7.155379310738 2.955833883404
0.59610 7.140245451341 2.955956542292
0.59910 7.125876533706 2.956075555833
0.60210 7.112296917402 2.956191104772
0.60511 7.099540281663 2.956303362615
0.60811 7.087651613733 2.956412497346
0.61111 7.076689838701 2.956518673458
0.61411 7.066731327108 2.956622054503
0.61712 7.057874621890 2.956722806429
0.62012 7.050246886556 2.956821102138
0.62312 7.044012825433 2.956917127958
0.62613 7.039387221922 2.957011093140
0.62913 7.036652882756 2.957103244241
0.63213 7.036186847812 2.957193887573
0.63514 7.038499566838 2.957283425353
0.63814 7.044295017545 2.957372415824
0.64114 7.054565779587 2.957461676903
0.64414 7.070748717466 2.957552472157
0.64715 7.094990501063 2.957646860327
0.65015 7.130622831240 2.957748388800
0.65315 7.183063866573 2.957863561941
0.65616 7.261654698850 2.958005208054
0.65916 7.383753973318 2.958201016191
0.66216 7.585010442254 2.958518220163
0.66517 7.949670633776 2.959149112546
0.66817 8.724280295503 2.960798707807
0.67117 10.957933849693 2.967468314874
0.67417 25.213608294756 3.043696351997
0.67718 73.855698056413 3.823389590345
0.68018 43.443931824447 4.490105708647
0.68318 32.368720638779 4.701439607887
0.68619 27.797750229897 4.765767130402
0.68919 25.097608115933 4.799072947125
0.69219 23.255813811609 4.820215263419
0.69520 21.894888039041 4.835130415050
0.69820 20.836047556646 4.846355989861
0.70120 19.981860474758 4.855183456795
0.70420 19.274003394162 4.862349062201
0.70721 18.675117572930 4.868307483500
0.71021 18.160013449314 4.873356748686
0.71321 17.711010011705 4.877701438076
0.71622 17.315290006992 4.881487262781
0.71922 16.963315151538 4.884821186202
0.72222 16.647833740693 4.887783732481
0.72523 16.363236524843 4.890436833646
0.72823 16.105126468053 4.892829010383
0.73123 15.870025197225 4.894998897025
0.73423 15.655170372179 4.896977704648
0.73724 15.458376409367 4.898790984876
0.74024 15.277942254636 4.900459924027
0.74324 15.112597642084 4.902002319059
0.74625 14.961485676260 4.903433341332
0.74925 14.824186524693 4.904766170737
0.75225 14.700797014556 4.906012578555
0.75526 14.592098620429 4.907183558648
0.75826 14.499881956225 4.908290176828
0.76126 14.427574768301 4.909344996551
0.76426 14.381511518146 4.910364954773
0.76727 14.373695109546 4.911378104440
0.77027 14.428460460172 4.912441897122
0.77327 14.601051686019 4.913702097363
0.77628 15.041576899771 4.915634021040
0.77928 16.304946297945 4.920495113116
0.78228 22.344031121433 4.951700043861
0.78529 68.048480660723 5.517324109373
0.78829 53.537719888483 6.391577445181
0.79129 39.445157509672 6.678543390036
0.79429 34.174344241716 6.745130935368
0.79730 31.184112127756 6.776530409140
0.80030 29.178918136371 6.795751722917
0.80330 27.707229751153 6.809126039627
0.80631 26.563656081880 6.819160935853
0.80931 25.639244802094 6.827072625571
0.81231 24.870013868969 6.833532465216
0.81532 24.215551328322 6.838945884776
0.81832 23.648890120183 6.843574444046
0.82132 23.151242986423 6.847595654168
0.82432 22.709058885377 6.851134914649
0.82733 22.312279828154 6.854283743108
0.83033 21.953259016504 6.857110755938
0.83333 21.626062679044 6.859668581592
0.83634 21.326004394705 6.861998377268
0.83934 21.049325561657 6.864132874140
0.84234 20.792970690281 6.866098486866
0.84535 20.554425939167 6.867916809735
0.84835 20.331600864156 6.869605699991
0.85135 20.122740333928 6.871180076734
0.85435 19.926357911158 6.872652519803
0.85736 19.741184772572 6.874033725345
0.86036 19.566130053460 6.875332856988
0.86336 19.400249710810 6.876557819830
0.86637 19.242721820510 6.877715476549
0.86937 19.092826791667 6.878811819599
0.87237 18.949931379683 6.879852109674
0.87538 18.813475663501 6.880840988016
0.87838 18.682962357328 6.881782568212
0.88138 18.557947976704 6.882680511793
0.88438 18.438035489419 6.883538090913
0.88739 18.322868164277 6.884358240642
0.89039 18.212124392922 6.885143602867
0.89339 18.105513307360 6.885896563341
0.89640 18.002771052168 6.886619283124
0.89940 17.903657598403 6.887313725391
0.90240 17.807954008287 6.887981678396
0.90541 17.715460076915 6.888624775239
0.90841 17.625992290745 6.889244510933
0.91141 17.539382053704 6.889842257223
0.91441 17.455474140080 6.890419275477
0.91742 17.374125340721 6.890976727959
0.92042 17.295203274346 6.891515687706
0.92342 17.218585340699 6.892037147219
0.92643 17.144157795783 6.892542026134
0.92943 17.071814932640 6.893031178003
0.93243 17.001458353688 6.893505396314
0.93544 16.932996322633 6.893965419851
0.93844 16.866343185871 6.894411937470
0.94144 16.801418854680 6.894845592372
0.94444 16.738148340728 6.895266985933
0.94745 16.676461338527 6.895676681144
0.95045 16.616291849269 6.896075205709
0.95345 16.557577841264 6.896463054839
0.95646 16.500260942819 6.896840693776
0.95946 16.444286163934 6.897208560087
0.96246 16.389601643652 6.897567065731
0.96547 16.336158420299 6.897916598956
0.96847 16.283910222194 6.898257526011
0.97147 16.232813276676 6.898590192713
0.97447 16.182826135601 6.898914925887
0.97748 16.133909515614 6.899232034667
0.98048 16.086026151759 6.899541811704
0.98348 16.039140663099 6.899844534263
0.98649 15.993219429210 6.900140465241
0.98949 15.948230476508 6.900429854094
0.99249 15.904143373495 6.900712937700
0.99550 15.860929134093 6.900989941152
0.99850 15.818560128368 6.901261078485
1.00150 15.777009999917 6.901526553358
1.00450 15.736253589421 6.901786559683
1.00751 15.696266863756 6.902041282199
1.01051 15.657026850193 6.902290897019
1.01351 15.618511575312 6.902535572126
1.01652 15.580700008177 6.902775467844
1.01952 15.543572007449 6.903010737267
1.02252 15.507108272110 6.903241526669
1.02553 15.471290295520 6.903467975877
1.02853 15.436100322523 6.903690218623
1.03153 15.401521309386 6.903908382878
1.03453 15.367536886333 6.904122591154
1.03754 15.334131322493 6.904332960796
1.04054 15.301289493065 6.904539604251
1.04354 15.268996848547 6.904742629319
1.04655 15.237239385873 6.904942139394
1.04955 15.206003621313 6.905138233686
1.05255 15.175276565023 6.905331007427
1.05556 15.145045697114 6.905520552075
1.05856 15.115298945143 6.905706955491
1.06156 15.086024662922 6.905890302122
1.06456 15.057211610554 6.906070673160
1.06757 15.028848935623 6.906248146698
1.07057 15.000926155438 6.906422797880
1.07357 14.973433140290 6.906594699033
1.07658 14.946360097629 6.906763919805
1.07958 14.919697557120 6.906930527282
1.08258 14.893436356508 6.907094586109
1.08559 14.867567628249 6.907256158599
1.08859 14.842082786858 6.907415304836
1.09159 14.816973516920 6.907572082779
1.09459 14.792231761737 6.907726548349
1.09760 14.767849712560 6.907878755525
1.10060 14.743819798376 6.908028756423
1.10360 14.720134676220 6.908176601381
1.10661 14.696787221969 6.908322339031
1.10961 14.673770521601 6.908466016375
1.11261 14.651077862890 6.908607678850
1.11562 14.628702727505 6.908747370399
1.11862 14.606638783496 6.908885133526
1.12162 14.584879878145 6.909021009361
1.12462 14.563420031154 6.909155037717
1.12763 14.542253428164 6.909287257137
1.13063 14.521374414573 6.909417704952
1.13363 14.500777489645 6.909546417328
1.13664 14.480457300892 6.909673429311
1.13964 14.460408638718 6.909798774873
1.14264 14.440626431291 6.909922486953
1.14565 14.421105739679 6.910044597500
1.14865 14.401841753167 6.910165137507
1.15165 14.382829784797 6.910284137054
1.15465 14.364065267114 6.910401625339
1.15766 14.345543748095 6.910517630711
1.16066 14.327260887242 6.910632180707
1.16366 14.309212451853 6.910745302078
1.16667 14.291394313456 6.910857020820
1.16967 14.273802444382 6.910967362205
1.17267 14.256432914495 6.911076350803
1.17568 14.239281888052 6.911184010510
1.17868 14.222345620694 6.911290364576
1.18168 14.205620456559 6.911395435622
1.18468 14.189102825519 6.911499245671
1.18769 14.172789240523 6.911601816161
1.19069 14.156676295047 6.911703167973
1.19369 14.140760660652 6.911803321447
1.19670 14.125039084629 6.911902296401
1.19970 14.109508387749 6.912000112154
1.20270 14.094165462087 6.912096787537
1.20571 14.079007268942 6.912192340916
1.20871 14.064030836831 6.912286790202
1.21171 14.049233259561 6.912380152874
1.21471 14.034611694377 6.912472445989
1.21772 14.020163360165 6.912563686193
1.22072 14.005885535762 6.912653889746
1.22372 13.991775558271 6.912743072524
1.22673 13.977830821479 6.912831250037
1.22973 13.964048774331 6.912918437442
1.23273 13.950426919440 6.913004649552
1.23574 13.936962811665 6.913089900847
1.23874 13.923654056739 6.913174205489
1.24174 13.910498309940 6.913257577327
1.24474 13.897493274815 6.913340029912
1.24775 13.884636701946 6.913421576504
1.25075 13.871926387759 6.913502230080
1.25375 13.859360173374 6.913582003347
1.25676 13.846935943499 6.913660908746
1.25976 13.834651625356 6.913738958463
1.26276 13.822505187647 6.913816164438
1.26577 13.810494639553 6.913892538368
1.26877 13.798618029770 6.913968091720
1.27177 13.786873445573 6.914042835735
1.27477 13.775259011915 6.914116781434
1.27778 13.763772890554 6.914189939625
1.28078 13.752413279207 6.914262320914
1.28378 13.741178410736 6.914333935703
1.28679 13.730066552358 6.914404794201
1.28979 13.719076004878 6.914474906431
1.29279 13.708205101953 6.914544282231
1.29580 13.697452209374 6.914612931260
1.29880 13.686815724375 6.914680863007
1.30180 13.676294074961 6.914748086791
1.30480 13.665885719259 6.914814611770
1.30781 13.655589144890 6.914880446942
1.31081 13.645402868361 6.914945601149
1.31381 13.635325434473 6.915010083086
1.31682 13.625355415754 6.915073901299
1.31982 13.615491411902 6.915137064194
1.32282 13.605732049252 6.915199580037
1.32583 13.596075980259 6.915261456959
1.32883 13.586521882994 6.915322702960
1.33183 13.577068460658 6.915383325911
1.33483 13.567714441112 6.915443333560
1.33784 13.558458576422 6.915502733530
1.34084 13.549299642416 6.915561533328
1.34384 13.540236438260 6.915619740343
1.34685 13.531267786042 6.915677361853
1.34985 13.522392530376 6.915734405023
1.35285 13.513609538012 6.915790876912
1.35586 13.504917697466 6.915846784472
1.35886 13.496315918656 6.915902134553
1.36186 13.487803132557 6.915956933905
1.36486 13.479378290862 6.916011189177
1.36787 13.471040365657 6.916064906925
1.37087 13.462788349110 6.916118093608
1.37387 13.454621253169 6.916170755593
1.37688 13.446538109269 6.916222899159
1.37988 13.438537968059 6.916274530495
1.38288 13.430619899126 6.916325655704
1.38589 13.422782990745 6.916376280803
1.38889 13.415026349627 6.916426411726
1.39189 13.407349100686 6.916476054328
1.39489 13.399750386812 6.916525214381
1.39790 13.392229368660 6.916573897580
1.40090 13.384785224441 6.916622109544
1.40390 13.377417149731 6.916669855813
1.40691 13.370124357291 6.916717141857
1.40991 13.362906076877 6.916763973071
1.41291 13.355761555115 6.916810354779
1.41592 13.348690055299 6.916856292234
1.41892 13.341690857303 6.916901790620
1.42192 13.334763257415 6.916946855055
1.42492 13.327906568228 6.916991490587
1.42793 13.321120118535 6.917035702202
1.43093 13.314403253232 6.917079494817
1.43393 13.307755333234 6.917122873288
1.43694 13.301175735396 6.917165842410
1.43994 13.294663852461 6.917208406911
1.44294 13.288219093002 6.917250571464
1.44595 13.281840881392 6.917292340678
1.44895 13.275528657777 6.917333719106
1.45195 13.269281878069 6.917374711239
1.45495 13.263100013943 6.917415321515
1.45796 13.256982552864 6.917455554311
1.46096 13.250928998109 6.917495413953
1.46396 13.244938868823 6.917534904708
1.46697 13.239011700075 6.917574030791
1.46997 13.233147042941 6.917612796362
1.47297 13.227344464600 6.917651205528
1.47598 13.221603548447 6.917689262345
1.47898 13.215923894223 6.917726970817
1.48198 13.210305118173 6.917764334896
1.48498 13.204746853210 6.917801358485
1.48799 13.199248749114 6.917838045436
1.49099 13.193810472745 6.917874399553
1.49399 13.188431708283 6.917910424590
1.49700 13.183112157487 6.917946124254
1.50000 13.177851539990 6.917981502205
