#Vsd      IVsd
0.00000000 0.00000000
0.00300300 0.00000000
0.00600601 0.00000000
0.00900901 0.00000000
0.01201201 0.00000000
0.01501502 0.00000000
0.01801802 0.00000000
0.02102102 0.00000000
0.02402402 0.00000000
0.02702703 0.00000000
0.03003003 0.00000000
0.03303303 0.00000000
0.03603604 0.00000000
0.03903904 0.00000000
0.04204204 0.00000000
0.04504505 0.00000000
0.04804805 0.00000000
0.05105105 0.00000000
0.05405405 0.00000000
0.05705706 0.00000000
0.06006006 0.00000000
0.06306306 0.00000000
0.06606607 0.00000000
0.06906907 0.00000000
0.07207207 0.00000000
0.07507508 0.00000000
0.07807808 0.00000000
0.08108108 0.00000000
0.08408408 0.00000000
0.08708709 0.00000001
0.09009009 0.00000001
0.09309309 0.00000001
0.09609610 0.00000001
0.09909910 0.00000001
0.10210210 0.00000001
0.10510511 0.00000001
0.10810811 0.00000001
0.11111111 0.00000001
0.11411411 0.00000002
0.11711712 0.00000002
0.12012012 0.00000002
0.12312312 0.00000002
0.12612613 0.00000002
0.12912913 0.00000003
0.13213213 0.00000003
0.13513514 0.00000003
0.13813814 0.00000004
0.14114114 0.00000004
0.14414414 0.00000005
0.14714715 0.00000005
0.15015015 0.00000006
0.15315315 0.00000007
0.15615616 0.00000007
0.15915916 0.00000008
0.16216216 0.00000009
0.16516517 0.00000011
0.16816817 0.00000012
0.17117117 0.00000013
0.17417417 0.00000015
0.17717718 0.00000017
0.18018018 0.00000019
0.18318318 0.00000021
0.18618619 0.00000023
0.18918919 0.00000026
0.19219219 0.00000029
0.19519520 0.00000032
0.19819820 0.00000036
0.20120120 0.00000040
0.20420420 0.00000045
0.20720721 0.00000050
0.21021021 0.00000056
0.21321321 0.00000062
0.21621622 0.00000069
0.21921922 0.00000076
0.22222222 0.00000085
0.22522523 0.00000094
0.22822823 0.00000103
0.23123123 0.00000114
0.23423423 0.00000126
0.23723724 0.00000138
0.24024024 0.00000152
0.24324324 0.00000167
0.24624625 0.00000183
0.24924925 0.00000199
0.25225225 0.00000217
0.25525526 0.00000237
0.25825826 0.00000257
0.26126126 0.00000279
0.26426426 0.00000302
0.26726727 0.00000326
0.27027027 0.00000351
0.27327327 0.00000377
0.27627628 0.00000404
0.27927928 0.00000433
0.28228228 0.00000463
0.28528529 0.00000493
0.28828829 0.00000525
0.29129129 0.00000558
0.29429429 0.00000591
0.29729730 0.00000626
0.30030030 0.00000661
0.30330330 0.00000697
0.30630631 0.00000734
0.30930931 0.00000771
0.31231231 0.00000809
0.31531532 0.00000848
0.31831832 0.00000887
0.32132132 0.00000927
0.32432432 0.00000968
0.32732733 0.00001008
0.33033033 0.00001049
0.33333333 0.00001091
0.33633634 0.00001133
0.33933934 0.00001175
0.34234234 0.00001218
0.34534535 0.00001260
0.34834835 0.00001303
0.35135135 0.00001347
0.35435435 0.00001390
0.35735736 0.00001434
0.36036036 0.00001478
0.36336336 0.00001522
0.36636637 0.00001566
0.36936937 0.00001610
0.37237237 0.00001655
0.37537538 0.00001699
0.37837838 0.00001744
0.38138138 0.00001789
0.38438438 0.00001833
0.38738739 0.00001878
0.39039039 0.00001923
0.39339339 0.00001968
0.39639640 0.00002013
0.39939940 0.00002059
0.40240240 0.00002104
0.40540541 0.00002149
0.40840841 0.00002194
0.41141141 0.00002240
0.41441441 0.00002285
0.41741742 0.00002330
0.42042042 0.00002376
0.42342342 0.00002421
0.42642643 0.00002467
0.42942943 0.00002512
0.43243243 0.00002558
0.43543544 0.00002603
0.43843844 0.00002649
0.44144144 0.00002694
0.44444444 0.00002740
0.44744745 0.00002785
0.45045045 0.00002831
0.45345345 0.00002876
0.45645646 0.00002922
0.45945946 0.00002967
0.46246246 0.00003013
0.46546547 0.00003059
0.46846847 0.00003104
0.47147147 0.00003150
0.47447447 0.00003195
0.47747748 0.00003241
0.48048048 0.00003286
0.48348348 0.00003332
0.48648649 0.00003377
0.48948949 0.00003423
0.49249249 0.00003468
0.49549550 0.00003514
0.49849850 0.00003559
0.50150150 0.00003605
0.50450450 0.00003650
0.50750751 0.00003695
0.51051051 0.00003741
0.51351351 0.00003786
0.51651652 0.00003832
0.51951952 0.00003877
0.52252252 0.00003922
0.52552553 0.00003968
0.52852853 0.00004013
0.53153153 0.00004058
0.53453453 0.00004103
0.53753754 0.00004149
0.54054054 0.00004194
0.54354354 0.00004239
0.54654655 0.00004284
0.54954955 0.00004329
0.55255255 0.00004374
0.55555556 0.00004419
0.55855856 0.00004464
0.56156156 0.00004509
0.56456456 0.00004554
0.56756757 0.00004599
0.57057057 0.00004643
0.57357357 0.00004688
0.57657658 0.00004732
0.57957958 0.00004777
0.58258258 0.00004821
0.58558559 0.00004866
0.58858859 0.00004910
0.59159159 0.00004954
0.59459459 0.00004998
0.59759760 0.00005042
0.60060060 0.00005086
0.60360360 0.00005130
0.60660661 0.00005174
0.60960961 0.00005218
0.61261261 0.00005261
0.61561562 0.00005305
0.61861862 0.00005349
0.62162162 0.00005393
0.62462462 0.00005436
0.62762763 0.00005480
0.63063063 0.00005524
0.63363363 0.00005568
0.63663664 0.00005613
0.63963964 0.00005657
0.64264264 0.00005702
0.64564565 0.00005747
0.64864865 0.00005793
0.65165165 0.00005838
0.65465465 0.00005885
0.65765766 0.00005931
0.66066066 0.00005979
0.66366366 0.00006027
0.66666667 0.00006075
0.66966967 0.00006124
0.67267267 0.00006174
0.67567568 0.00006225
0.67867868 0.00006276
0.68168168 0.00006329
0.68468468 0.00006382
0.68768769 0.00006436
0.69069069 0.00006491
0.69369369 0.00006546
0.69669670 0.00006603
0.69969970 0.00006661
0.70270270 0.00006719
0.70570571 0.00006779
0.70870871 0.00006839
0.71171171 0.00006900
0.71471471 0.00006963
0.71771772 0.00007026
0.72072072 0.00007090
0.72372372 0.00007154
0.72672673 0.00007220
0.72972973 0.00007287
0.73273273 0.00007354
0.73573574 0.00007422
0.73873874 0.00007491
0.74174174 0.00007560
0.74474474 0.00007631
0.74774775 0.00007702
0.75075075 0.00007774
0.75375375 0.00007846
0.75675676 0.00007920
0.75975976 0.00007993
0.76276276 0.00008068
0.76576577 0.00008143
0.76876877 0.00008219
0.77177177 0.00008295
0.77477477 0.00008372
0.77777778 0.00008450
0.78078078 0.00008528
0.78378378 0.00008607
0.78678679 0.00008686
0.78978979 0.00008765
0.79279279 0.00008845
0.79579580 0.00008926
0.79879880 0.00009007
0.80180180 0.00009088
0.80480480 0.00009170
0.80780781 0.00009252
0.81081081 0.00009334
0.81381381 0.00009417
0.81681682 0.00009500
0.81981982 0.00009584
0.82282282 0.00009668
0.82582583 0.00009752
0.82882883 0.00009836
0.83183183 0.00009921
0.83483483 0.00010006
0.83783784 0.00010091
0.84084084 0.00010176
0.84384384 0.00010262
0.84684685 0.00010348
0.84984985 0.00010434
0.85285285 0.00010520
0.85585586 0.00010606
0.85885886 0.00010693
0.86186186 0.00010780
0.86486486 0.00010866
0.86786787 0.00010953
0.87087087 0.00011040
0.87387387 0.00011127
0.87687688 0.00011215
0.87987988 0.00011302
0.88288288 0.00011389
0.88588589 0.00011476
0.88888889 0.00011563
0.89189189 0.00011650
0.89489489 0.00011737
0.89789790 0.00011824
0.90090090 0.00011911
0.90390390 0.00011998
0.90690691 0.00012084
0.90990991 0.00012171
0.91291291 0.00012257
0.91591592 0.00012342
0.91891892 0.00012428
0.92192192 0.00012513
0.92492492 0.00012598
0.92792793 0.00012683
0.93093093 0.00012767
0.93393393 0.00012851
0.93693694 0.00012934
0.93993994 0.00013017
0.94294294 0.00013100
0.94594595 0.00013182
0.94894895 0.00013264
0.95195195 0.00013345
0.95495495 0.00013427
0.95795796 0.00013508
0.96096096 0.00013589
0.96396396 0.00013669
0.96696697 0.00013750
0.96996997 0.00013830
0.97297297 0.00013910
0.97597598 0.00013991
0.97897898 0.00014071
0.98198198 0.00014152
0.98498498 0.00014233
0.98798799 0.00014313
0.99099099 0.00014395
0.99399399 0.00014476
0.99699700 0.00014558
1.00000000 0.00014640
1.00300300 0.00014722
1.00600601 0.00014805
1.00900901 0.00014888
1.01201201 0.00014971
1.01501502 0.00015055
1.01801802 0.00015139
1.02102102 0.00015223
1.02402402 0.00015308
1.02702703 0.00015393
1.03003003 0.00015478
1.03303303 0.00015564
1.03603604 0.00015649
1.03903904 0.00015736
1.04204204 0.00015822
1.04504505 0.00015909
1.04804805 0.00015995
1.05105105 0.00016083
1.05405405 0.00016170
1.05705706 0.00016258
1.06006006 0.00016346
1.06306306 0.00016434
1.06606607 0.00016522
1.06906907 0.00016611
1.07207207 0.00016699
1.07507508 0.00016788
1.07807808 0.00016878
1.08108108 0.00016967
1.08408408 0.00017056
1.08708709 0.00017146
1.09009009 0.00017236
1.09309309 0.00017326
1.09609610 0.00017416
1.09909910 0.00017507
1.10210210 0.00017597
1.10510511 0.00017688
1.10810811 0.00017779
1.11111111 0.00017870
1.11411411 0.00017962
1.11711712 0.00018053
1.12012012 0.00018145
1.12312312 0.00018237
1.12612613 0.00018330
1.12912913 0.00018423
1.13213213 0.00018516
1.13513514 0.00018610
1.13813814 0.00018704
1.14114114 0.00018798
1.14414414 0.00018894
1.14714715 0.00018990
1.15015015 0.00019086
1.15315315 0.00019184
1.15615616 0.00019282
1.15915916 0.00019381
1.16216216 0.00019481
1.16516517 0.00019582
1.16816817 0.00019684
1.17117117 0.00019788
1.17417417 0.00019892
1.17717718 0.00019998
1.18018018 0.00020105
1.18318318 0.00020213
1.18618619 0.00020323
1.18918919 0.00020433
1.19219219 0.00020545
1.19519520 0.00020659
1.19819820 0.00020773
1.20120120 0.00020889
1.20420420 0.00021006
1.20720721 0.00021125
1.21021021 0.00021244
1.21321321 0.00021365
1.21621622 0.00021486
1.21921922 0.00021609
1.22222222 0.00021732
1.22522523 0.00021856
1.22822823 0.00021981
1.23123123 0.00022107
1.23423423 0.00022234
1.23723724 0.00022361
1.24024024 0.00022488
1.24324324 0.00022617
1.24624625 0.00022745
1.24924925 0.00022874
1.25225225 0.00023004
1.25525526 0.00023134
1.25825826 0.00023264
1.26126126 0.00023394
1.26426426 0.00023525
1.26726727 0.00023655
1.27027027 0.00023786
1.27327327 0.00023917
1.27627628 0.00024048
1.27927928 0.00024180
1.28228228 0.00024311
1.28528529 0.00024442
1.28828829 0.00024573
1.29129129 0.00024705
1.29429429 0.00024836
1.29729730 0.00024968
1.30030030 0.00025099
1.30330330 0.00025230
1.30630631 0.00025361
1.30930931 0.00025493
1.31231231 0.00025624
1.31531532 0.00025755
1.31831832 0.00025886
1.32132132 0.00026017
1.32432432 0.00026148
1.32732733 0.00026279
1.33033033 0.00026410
1.33333333 0.00026541
1.33633634 0.00026672
1.33933934 0.00026803
1.34234234 0.00026934
1.34534535 0.00027065
1.34834835 0.00027195
1.35135135 0.00027326
1.35435435 0.00027457
1.35735736 0.00027587
1.36036036 0.00027718
1.36336336 0.00027848
1.36636637 0.00027978
1.36936937 0.00028109
1.37237237 0.00028239
1.37537538 0.00028369
1.37837838 0.00028498
1.38138138 0.00028628
1.38438438 0.00028758
1.38738739 0.00028887
1.39039039 0.00029016
1.39339339 0.00029145
1.39639640 0.00029273
1.39939940 0.00029401
1.40240240 0.00029529
1.40540541 0.00029656
1.40840841 0.00029783
1.41141141 0.00029910
1.41441441 0.00030036
1.41741742 0.00030161
1.42042042 0.00030286
1.42342342 0.00030409
1.42642643 0.00030532
1.42942943 0.00030654
1.43243243 0.00030776
1.43543544 0.00030896
1.43843844 0.00031014
1.44144144 0.00031132
1.44444444 0.00031248
1.44744745 0.00031363
1.45045045 0.00031475
1.45345345 0.00031587
1.45645646 0.00031696
1.45945946 0.00031803
1.46246246 0.00031907
1.46546547 0.00032009
1.46846847 0.00032109
1.47147147 0.00032206
1.47447447 0.00032300
1.47747748 0.00032391
1.48048048 0.00032478
1.48348348 0.00032563
1.48648649 0.00032644
1.48948949 0.00032721
1.49249249 0.00032795
1.49549550 0.00032865
1.49849850 0.00032932
1.50150150 0.00032994
1.50450450 0.00033053
1.50750751 0.00033109
1.51051051 0.00033160
1.51351351 0.00033208
1.51651652 0.00033253
1.51951952 0.00033295
1.52252252 0.00033333
1.52552553 0.00033368
1.52852853 0.00033400
1.53153153 0.00033430
1.53453453 0.00033457
1.53753754 0.00033482
1.54054054 0.00033504
1.54354354 0.00033525
1.54654655 0.00033543
1.54954955 0.00033560
1.55255255 0.00033575
1.55555556 0.00033589
1.55855856 0.00033601
1.56156156 0.00033612
1.56456456 0.00033622
1.56756757 0.00033631
1.57057057 0.00033639
1.57357357 0.00033646
1.57657658 0.00033652
1.57957958 0.00033658
1.58258258 0.00033663
1.58558559 0.00033668
1.58858859 0.00033672
1.59159159 0.00033676
1.59459459 0.00033679
1.59759760 0.00033682
1.60060060 0.00033684
1.60360360 0.00033687
1.60660661 0.00033689
1.60960961 0.00033691
1.61261261 0.00033692
1.61561562 0.00033694
1.61861862 0.00033695
1.62162162 0.00033696
1.62462462 0.00033697
1.62762763 0.00033698
1.63063063 0.00033699
1.63363363 0.00033700
1.63663664 0.00033701
1.63963964 0.00033701
1.64264264 0.00033702
1.64564565 0.00033702
1.64864865 0.00033703
1.65165165 0.00033703
1.65465465 0.00033703
1.65765766 0.00033704
1.66066066 0.00033704
1.66366366 0.00033704
1.66666667 0.00033704
1.66966967 0.00033704
1.67267267 0.00033705
1.67567568 0.00033705
1.67867868 0.00033705
1.68168168 0.00033705
1.68468468 0.00033705
1.68768769 0.00033705
1.69069069 0.00033705
1.69369369 0.00033705
1.69669670 0.00033705
1.69969970 0.00033705
1.70270270 0.00033706
1.70570571 0.00033706
1.70870871 0.00033706
1.71171171 0.00033706
1.71471471 0.00033706
1.71771772 0.00033706
1.72072072 0.00033706
1.72372372 0.00033706
1.72672673 0.00033706
1.72972973 0.00033706
1.73273273 0.00033706
1.73573574 0.00033706
1.73873874 0.00033706
1.74174174 0.00033706
1.74474474 0.00033706
1.74774775 0.00033706
1.75075075 0.00033706
1.75375375 0.00033706
1.75675676 0.00033706
1.75975976 0.00033706
1.76276276 0.00033706
1.76576577 0.00033706
1.76876877 0.00033706
1.77177177 0.00033706
1.77477477 0.00033706
1.77777778 0.00033706
1.78078078 0.00033706
1.78378378 0.00033706
1.78678679 0.00033706
1.78978979 0.00033706
1.79279279 0.00033706
1.79579580 0.00033706
1.79879880 0.00033706
1.80180180 0.00033706
1.80480480 0.00033706
1.80780781 0.00033706
1.81081081 0.00033706
1.81381381 0.00033706
1.81681682 0.00033706
1.81981982 0.00033706
1.82282282 0.00033706
1.82582583 0.00033706
1.82882883 0.00033706
1.83183183 0.00033706
1.83483483 0.00033706
1.83783784 0.00033706
1.84084084 0.00033706
1.84384384 0.00033706
1.84684685 0.00033706
1.84984985 0.00033706
1.85285285 0.00033706
1.85585586 0.00033706
1.85885886 0.00033706
1.86186186 0.00033706
1.86486486 0.00033706
1.86786787 0.00033706
1.87087087 0.00033706
1.87387387 0.00033706
1.87687688 0.00033706
1.87987988 0.00033706
1.88288288 0.00033706
1.88588589 0.00033706
1.88888889 0.00033706
1.89189189 0.00033706
1.89489489 0.00033706
1.89789790 0.00033706
1.90090090 0.00033706
1.90390390 0.00033706
1.90690691 0.00033706
1.90990991 0.00033706
1.91291291 0.00033706
1.91591592 0.00033706
1.91891892 0.00033706
1.92192192 0.00033706
1.92492492 0.00033706
1.92792793 0.00033706
1.93093093 0.00033706
1.93393393 0.00033706
1.93693694 0.00033706
1.93993994 0.00033706
1.94294294 0.00033706
1.94594595 0.00033706
1.94894895 0.00033706
1.95195195 0.00033706
1.95495495 0.00033706
1.95795796 0.00033706
1.96096096 0.00033706
1.96396396 0.00033706
1.96696697 0.00033706
1.96996997 0.00033706
1.97297297 0.00033706
1.97597598 0.00033706
1.97897898 0.00033706
1.98198198 0.00033706
1.98498498 0.00033706
1.98798799 0.00033706
1.99099099 0.00033706
1.99399399 0.00033706
1.99699700 0.00033706
2.00000000 0.00033706
2.00300300 0.00033706
2.00600601 0.00033706
2.00900901 0.00033706
2.01201201 0.00033706
2.01501502 0.00033706
2.01801802 0.00033706
2.02102102 0.00033706
2.02402402 0.00033706
2.02702703 0.00033706
2.03003003 0.00033706
2.03303303 0.00033706
2.03603604 0.00033706
2.03903904 0.00033706
2.04204204 0.00033706
2.04504505 0.00033706
2.04804805 0.00033706
2.05105105 0.00033706
2.05405405 0.00033706
2.05705706 0.00033706
2.06006006 0.00033706
2.06306306 0.00033706
2.06606607 0.00033706
2.06906907 0.00033706
2.07207207 0.00033706
2.07507508 0.00033706
2.07807808 0.00033706
2.08108108 0.00033706
2.08408408 0.00033706
2.08708709 0.00033706
2.09009009 0.00033706
2.09309309 0.00033706
2.09609610 0.00033706
2.09909910 0.00033706
2.10210210 0.00033706
2.10510511 0.00033706
2.10810811 0.00033706
2.11111111 0.00033706
2.11411411 0.00033706
2.11711712 0.00033706
2.12012012 0.00033706
2.12312312 0.00033706
2.12612613 0.00033706
2.12912913 0.00033706
2.13213213 0.00033706
2.13513514 0.00033706
2.13813814 0.00033706
2.14114114 0.00033706
2.14414414 0.00033706
2.14714715 0.00033706
2.15015015 0.00033706
2.15315315 0.00033706
2.15615616 0.00033706
2.15915916 0.00033706
2.16216216 0.00033706
2.16516517 0.00033706
2.16816817 0.00033706
2.17117117 0.00033706
2.17417417 0.00033706
2.17717718 0.00033706
2.18018018 0.00033706
2.18318318 0.00033706
2.18618619 0.00033706
2.18918919 0.00033706
2.19219219 0.00033706
2.19519520 0.00033706
2.19819820 0.00033706
2.20120120 0.00033706
2.20420420 0.00033706
2.20720721 0.00033706
2.21021021 0.00033706
2.21321321 0.00033706
2.21621622 0.00033706
2.21921922 0.00033706
2.22222222 0.00033706
2.22522523 0.00033706
2.22822823 0.00033706
2.23123123 0.00033706
2.23423423 0.00033706
2.23723724 0.00033706
2.24024024 0.00033706
2.24324324 0.00033706
2.24624625 0.00033706
2.24924925 0.00033706
2.25225225 0.00033706
2.25525526 0.00033706
2.25825826 0.00033706
2.26126126 0.00033706
2.26426426 0.00033706
2.26726727 0.00033706
2.27027027 0.00033706
2.27327327 0.00033706
2.27627628 0.00033706
2.27927928 0.00033706
2.28228228 0.00033706
2.28528529 0.00033706
2.28828829 0.00033706
2.29129129 0.00033706
2.29429429 0.00033706
2.29729730 0.00033706
2.30030030 0.00033706
2.30330330 0.00033706
2.30630631 0.00033706
2.30930931 0.00033706
2.31231231 0.00033706
2.31531532 0.00033706
2.31831832 0.00033706
2.32132132 0.00033706
2.32432432 0.00033706
2.32732733 0.00033706
2.33033033 0.00033706
2.33333333 0.00033706
2.33633634 0.00033706
2.33933934 0.00033706
2.34234234 0.00033706
2.34534535 0.00033706
2.34834835 0.00033706
2.35135135 0.00033706
2.35435435 0.00033706
2.35735736 0.00033706
2.36036036 0.00033706
2.36336336 0.00033706
2.36636637 0.00033706
2.36936937 0.00033706
2.37237237 0.00033706
2.37537538 0.00033706
2.37837838 0.00033706
2.38138138 0.00033706
2.38438438 0.00033706
2.38738739 0.00033706
2.39039039 0.00033706
2.39339339 0.00033706
2.39639640 0.00033706
2.39939940 0.00033706
2.40240240 0.00033706
2.40540541 0.00033706
2.40840841 0.00033706
2.41141141 0.00033706
2.41441441 0.00033706
2.41741742 0.00033706
2.42042042 0.00033706
2.42342342 0.00033706
2.42642643 0.00033706
2.42942943 0.00033706
2.43243243 0.00033706
2.43543544 0.00033706
2.43843844 0.00033706
2.44144144 0.00033706
2.44444444 0.00033706
2.44744745 0.00033706
2.45045045 0.00033706
2.45345345 0.00033706
2.45645646 0.00033706
2.45945946 0.00033706
2.46246246 0.00033706
2.46546547 0.00033706
2.46846847 0.00033706
2.47147147 0.00033706
2.47447447 0.00033706
2.47747748 0.00033706
2.48048048 0.00033706
2.48348348 0.00033706
2.48648649 0.00033706
2.48948949 0.00033706
2.49249249 0.00033706
2.49549550 0.00033706
2.49849850 0.00033706
2.50150150 0.00033706
2.50450450 0.00033706
2.50750751 0.00033706
2.51051051 0.00033706
2.51351351 0.00033706
2.51651652 0.00033706
2.51951952 0.00033706
2.52252252 0.00033706
2.52552553 0.00033706
2.52852853 0.00033706
2.53153153 0.00033706
2.53453453 0.00033706
2.53753754 0.00033706
2.54054054 0.00033706
2.54354354 0.00033706
2.54654655 0.00033706
2.54954955 0.00033706
2.55255255 0.00033706
2.55555556 0.00033706
2.55855856 0.00033706
2.56156156 0.00033706
2.56456456 0.00033706
2.56756757 0.00033706
2.57057057 0.00033706
2.57357357 0.00033706
2.57657658 0.00033706
2.57957958 0.00033706
2.58258258 0.00033706
2.58558559 0.00033706
2.58858859 0.00033706
2.59159159 0.00033706
2.59459459 0.00033706
2.59759760 0.00033706
2.60060060 0.00033706
2.60360360 0.00033706
2.60660661 0.00033706
2.60960961 0.00033706
2.61261261 0.00033706
2.61561562 0.00033706
2.61861862 0.00033706
2.62162162 0.00033706
2.62462462 0.00033706
2.62762763 0.00033706
2.63063063 0.00033706
2.63363363 0.00033706
2.63663664 0.00033706
2.63963964 0.00033706
2.64264264 0.00033706
2.64564565 0.00033706
2.64864865 0.00033706
2.65165165 0.00033706
2.65465465 0.00033706
2.65765766 0.00033706
2.66066066 0.00033706
2.66366366 0.00033706
2.66666667 0.00033706
2.66966967 0.00033706
2.67267267 0.00033706
2.67567568 0.00033706
2.67867868 0.00033706
2.68168168 0.00033706
2.68468468 0.00033706
2.68768769 0.00033706
2.69069069 0.00033706
2.69369369 0.00033706
2.69669670 0.00033706
2.69969970 0.00033706
2.70270270 0.00033706
2.70570571 0.00033706
2.70870871 0.00033706
2.71171171 0.00033706
2.71471471 0.00033706
2.71771772 0.00033706
2.72072072 0.00033706
2.72372372 0.00033706
2.72672673 0.00033706
2.72972973 0.00033706
2.73273273 0.00033706
2.73573574 0.00033706
2.73873874 0.00033706
2.74174174 0.00033706
2.74474474 0.00033706
2.74774775 0.00033706
2.75075075 0.00033706
2.75375375 0.00033706
2.75675676 0.00033706
2.75975976 0.00033706
2.76276276 0.00033706
2.76576577 0.00033706
2.76876877 0.00033706
2.77177177 0.00033706
2.77477477 0.00033706
2.77777778 0.00033706
2.78078078 0.00033706
2.78378378 0.00033706
2.78678679 0.00033706
2.78978979 0.00033706
2.79279279 0.00033706
2.79579580 0.00033706
2.79879880 0.00033706
2.80180180 0.00033706
2.80480480 0.00033706
2.80780781 0.00033706
2.81081081 0.00033706
2.81381381 0.00033706
2.81681682 0.00033706
2.81981982 0.00033706
2.82282282 0.00033706
2.82582583 0.00033706
2.82882883 0.00033706
2.83183183 0.00033706
2.83483483 0.00033706
2.83783784 0.00033706
2.84084084 0.00033706
2.84384384 0.00033706
2.84684685 0.00033706
2.84984985 0.00033706
2.85285285 0.00033706
2.85585586 0.00033706
2.85885886 0.00033706
2.86186186 0.00033706
2.86486486 0.00033706
2.86786787 0.00033706
2.87087087 0.00033706
2.87387387 0.00033706
2.87687688 0.00033706
2.87987988 0.00033706
2.88288288 0.00033706
2.88588589 0.00033706
2.88888889 0.00033706
2.89189189 0.00033706
2.89489489 0.00033706
2.89789790 0.00033706
2.90090090 0.00033706
2.90390390 0.00033706
2.90690691 0.00033706
2.90990991 0.00033706
2.91291291 0.00033706
2.91591592 0.00033706
2.91891892 0.00033706
2.92192192 0.00033706
2.92492492 0.00033706
2.92792793 0.00033706
2.93093093 0.00033706
2.93393393 0.00033706
2.93693694 0.00033706
2.93993994 0.00033706
2.94294294 0.00033706
2.94594595 0.00033706
2.94894895 0.00033706
2.95195195 0.00033706
2.95495495 0.00033706
2.95795796 0.00033706
2.96096096 0.00033706
2.96396396 0.00033706
2.96696697 0.00033706
2.96996997 0.00033706
2.97297297 0.00033706
2.97597598 0.00033706
2.97897898 0.00033706
2.98198198 0.00033706
2.98498498 0.00033706
2.98798799 0.00033706
2.99099099 0.00033706
2.99399399 0.00033706
2.99699700 0.00033706
3.00000000 0.00033706
