-1.50000 34.98202847 5.69481902
-1.49700 35.36264228 5.45232173
-1.49399 34.44640165 4.94897974
-1.49099 33.22571494 4.57267804
-1.48799 32.43687059 3.98480169
-1.48498 33.49239547 3.79790000
-1.48198 41.40447257 3.90073548
-1.47898 38.64021240 3.97974683
-1.47598 43.71344888 4.07443133
-1.47297 33.32202604 3.87267090
-1.46997 32.40595886 3.90640848
-1.46697 35.25704844 4.36515246
-1.46396 34.92609311 4.69574967
-1.46096 37.16619571 4.94951751
-1.45796 38.55424719 5.36554862
-1.45495 37.82498946 5.57431877
-1.45195 37.87052266 5.59800595
-1.44895 38.03054744 5.59610134
-1.44595 38.21796928 5.58625248
-1.44294 38.41000916 5.57225538
-1.43994 38.59691591 5.55532993
-1.43694 38.77272459 5.53593047
-1.43393 38.93276087 5.51422150
-1.43093 39.07281982 5.49024146
-1.42793 39.18888086 5.46397043
-1.42492 39.27703074 5.43536242
-1.42192 39.33348249 5.40436299
-1.41892 39.35464685 5.37091996
-1.41592 39.33723606 5.33499058
-1.41291 39.27838830 5.29654643
-1.40991 39.17580379 5.25557658
-1.40691 39.02788335 5.21208889
-1.40390 38.83385904 5.16610932
-1.40090 38.59390554 5.11767861
-1.39790 38.30921884 5.06684582
-1.39489 37.98204733 5.01365784
-1.39189 37.61565751 4.95814392
-1.38889 37.21421099 4.90029342
-1.38589 36.78251813 4.84002457
-1.38288 36.32561035 4.77713995
-1.37988 35.84802681 4.71126167
-1.37688 35.35264266 4.64173364
-1.37387 34.83901885 4.56747564
-1.37087 34.31096535 4.48714384
-1.36787 33.80049699 4.40117629
-1.36486 33.40586747 4.31246207
-1.36186 30.85146265 4.12931631
-1.35886 26.26510377 3.90973312
-1.35586 28.11643192 3.85780543
-1.35285 38.55880806 3.79621008
-1.34985 83.96231174 3.57372604
-1.34685 154.85706738 3.14686078
-1.34384 108.41121455 3.08670732
-1.34084 89.94173583 3.15788739
-1.33784 51.49732193 3.54749680
-1.33483 35.54715270 3.71744439
-1.33183 29.13696952 3.78933477
-1.32883 26.36115957 3.82470179
-1.32583 25.41551717 3.84396571
-1.32282 25.94722161 3.85447222
-1.31982 28.78819506 3.85820540
-1.31682 38.72311185 3.85110715
-1.31381 101.69821874 3.78632175
-1.31081 183.11698473 3.68427467
-1.30781 180.31309525 3.46874203
-1.30480 99.55487127 3.65939931
-1.30180 39.65193543 3.83122600
-1.29880 27.93316232 3.86551983
-1.29580 23.82881414 3.87800464
-1.29279 21.90480018 3.88415576
-1.28979 20.84327320 3.88718846
-1.28679 20.19340907 3.89070133
-1.28378 19.76710195 3.89197234
-1.28078 19.47500953 3.89397714
-1.27778 19.26540713 3.89430714
-1.27477 19.11389638 3.89501846
-1.27177 19.00254299 3.89557115
-1.26877 18.92013937 3.89592932
-1.26577 18.85951190 3.89615335
-1.26276 18.81565554 3.89625465
-1.25976 18.78504876 3.89624048
-1.25676 18.76525605 3.89611507
-1.25375 18.75531184 3.89588062
-1.25075 18.76112725 3.89554449
-1.24775 18.77190732 3.89509994
-1.24474 18.78507227 3.89454146
-1.24174 18.80136420 3.89386651
-1.23874 18.82074767 3.89307097
-1.23574 18.84306542 3.89214981
-1.23273 18.86826101 3.89109723
-1.22973 18.89715717 3.88990656
-1.22673 18.93690328 3.88857093
-1.22372 18.97730269 3.88708857
-1.22072 19.01700203 3.88545303
-1.21772 19.05725314 3.88365996
-1.21471 19.09846412 3.88170739
-1.21171 19.14082539 3.87959673
-1.20871 19.18446478 3.87733445
-1.20571 19.22950716 3.87493472
-1.20270 19.27611049 3.87242319
-1.19970 19.32449985 3.86984271
-1.19670 19.37501204 3.86726170
-1.19369 19.42816420 3.86478649
-1.19069 19.48476931 3.86257859
-1.18769 19.54614259 3.86087492
-1.18468 19.61449086 3.85999368
-1.18168 19.69368574 3.86022960
-1.17868 19.79082491 3.86109225
-1.17568 19.91847717 3.85593993
-1.17267 20.06367374 3.77121712
-1.16967 19.23591580 3.26472564
-1.16667 19.10597046 3.09312220
-1.16366 29.72716023 3.24718358
-1.16066 18.40302226 2.90020587
-1.15766 16.91477851 2.89465307
-1.15465 16.89670814 2.92312221
-1.15165 17.67137139 2.73555592
-1.14865 17.36143340 2.31569775
-1.14565 20.97834957 2.33084400
-1.14264 20.68523263 2.30405769
-1.13964 23.34922986 2.42467578
-1.13664 19.44799731 2.55245952
-1.13363 18.25670324 2.92352821
-1.13063 18.30104129 2.89844511
-1.12763 21.88373694 2.96236331
-1.12462 21.50553626 2.91380989
-1.12162 22.22019994 2.92885730
-1.11862 24.91143993 3.31533907
-1.11562 23.10370074 3.31957385
-1.11261 21.93883225 2.95620203
-1.10961 20.90600263 2.46063113
-1.10661 20.67145704 2.12574188
-1.10360 19.96907848 2.04488336
-1.10060 20.36747047 2.00736485
-1.09760 32.20499150 2.03156327
-1.09459 113.32133265 2.21235311
-1.09159 89.36795838 2.11942487
-1.08859 120.38214617 2.14382208
-1.08559 32.50663650 1.98415345
-1.08258 19.25449522 1.96425398
-1.07958 15.48880690 1.95932002
-1.07658 13.91659414 1.95742920
-1.07357 13.11242880 1.95647878
-1.07057 12.64688136 1.95589209
-1.06757 12.35406253 1.95546561
-1.06456 12.15872512 1.95511471
-1.06156 12.02266778 1.95479973
-1.05856 11.92480587 1.95450031
-1.05556 11.85272602 1.95420506
-1.05255 11.79873522 1.95390714
-1.04955 11.75786309 1.95360206
-1.04655 11.72678661 1.95328665
-1.04354 11.70322040 1.95295841
-1.04054 11.68555587 1.95261526
-1.03754 11.67263946 1.95225526
-1.03453 11.66363216 1.95187655
-1.03153 11.65791795 1.95147723
-1.02853 11.65504288 1.95105530
-1.02553 11.65467372 1.95060862
-1.02252 11.65656952 1.95013485
-1.01952 11.66056187 1.94963139
-1.01652 11.66654125 1.94909536
-1.01351 11.67444766 1.94852354
-1.01051 11.68426455 1.94791227
-1.00751 11.69601512 1.94725742
-1.00450 11.70976072 1.94655429
-1.00150 11.72560107 1.94579748
-0.99850 11.74367607 1.94498079
-0.99550 11.76416940 1.94409706
-0.99249 11.78731403 1.94313797
-0.98949 11.81339991 1.94209377
-0.98649 11.84278440 1.94095303
-0.98348 11.87590607 1.93970224
-0.98048 11.91330301 1.93832527
-0.97748 11.95563697 1.93680282
-0.97447 12.00372550 1.93511153
-0.97147 12.05858490 1.93322292
-0.96847 12.12148843 1.93110195
-0.96547 12.19404599 1.92870506
-0.96246 12.27831458 1.92597749
-0.95946 12.37695417 1.92284955
-0.95646 12.49345087 1.91923137
-0.95345 12.63244293 1.91500528
-0.95045 12.80020675 1.91001468
-0.94745 13.00539816 1.90404719
-0.94444 13.26021248 1.89680880
-0.94144 13.58225177 1.88788279
-0.93844 13.99762670 1.87666271
-0.93544 14.54629113 1.86223921
-0.93243 15.29157125 1.84320205
-0.92943 16.33788216 1.81728088
-0.92643 17.86496565 1.78067178
-0.92342 20.19585809 1.72675511
-0.92042 23.92928469 1.64376972
-0.91742 30.14750337 1.51184759
-0.91441 40.32919028 1.30857846
-0.91141 53.49290229 1.07236672
-0.90841 58.82417779 1.02911443
-0.90541 49.04968038 1.27605369
-0.90240 36.46292998 1.54059959
-0.89940 27.95831051 1.70532645
-0.89640 22.92806127 1.79668206
-0.89339 19.95044498 1.84742470
-0.89039 18.14389465 1.87601145
-0.88739 17.03613410 1.89180413
-0.88438 16.37743511 1.89953080
-0.88138 16.03664075 1.90154280
-0.87838 15.95047931 1.89885646
-0.87538 16.10091182 1.89159227
-0.87237 16.50852362 1.87907704
-0.86937 17.23828994 1.85968239
-0.86637 18.41998939 1.83034079
-0.86336 20.29184942 1.78554048
-0.86036 23.28220170 1.71546323
-0.85736 28.12773454 1.60330735
-0.85435 35.83698933 1.42618827
-0.85135 46.36342479 1.18552292
-0.84835 54.16145837 1.00815997
-0.84535 50.60026112 1.09020129
-0.84234 39.98064656 1.33239350
-0.83934 30.74358157 1.54236900
-0.83634 24.65734851 1.68028266
-0.83333 20.83891556 1.76649228
-0.83033 18.39386985 1.82145620
-0.82733 16.76806854 1.85781896
-0.82432 15.64431360 1.88280697
-0.82132 14.83980074 1.90057921
-0.81832 14.24592349 1.91360334
-0.81532 13.79581113 1.92339662
-0.81231 13.44682610 1.93092504
-0.80931 13.17089184 1.93682366
-0.80631 12.94897500 1.94152222
-0.80330 12.76783311 1.94531912
-0.80030 12.61803650 1.94842636
-0.79730 12.49272989 1.95099773
-0.79429 12.38683608 1.95314681
-0.79129 12.29653148 1.95495889
-0.78829 12.21889276 1.95649898
-0.78529 12.15165420 1.95781731
-0.78228 12.09303779 1.95895316
-0.77928 12.04163236 1.95993757
-0.77628 11.99630618 1.96079535
-0.77327 11.95614297 1.96154650
-0.77027 11.92039433 1.96220728
-0.76727 11.88844401 1.96279102
-0.76426 11.85978076 1.96330872
-0.76126 11.83397744 1.96376953
-0.75826 11.81067490 1.96418109
-0.75526 11.78956932 1.96454985
-0.75225 11.77040220 1.96488124
-0.74925 11.75295246 1.96517990
-0.74625 11.73703009 1.96544977
-0.74324 11.72247100 1.96569426
-0.74024 11.70913287 1.96591627
-0.73724 11.69689174 1.96611835
-0.73423 11.68563924 1.96630268
-0.73123 11.67528027 1.96647118
-0.72823 11.66573107 1.96662552
-0.72523 11.65691766 1.96676717
-0.72222 11.64877444 1.96689741
-0.71922 11.64124313 1.96701739
-0.71622 11.63427174 1.96712811
-0.71321 11.62781383 1.96723045
-0.71021 11.62182776 1.96732521
-0.70721 11.61627614 1.96741310
-0.70420 11.61112530 1.96749474
-0.70120 11.60634485 1.96757070
-0.69820 11.60190731 1.96764147
-0.69520 11.59778780 1.96770752
-0.69219 11.59396369 1.96776925
-0.68919 11.59041444 1.96782701
-0.68619 11.58712132 1.96788115
-0.68318 11.58406722 1.96793196
-0.68018 11.58123652 1.96797970
-0.67718 11.57861492 1.96802463
-0.67417 11.57618930 1.96806696
-0.67117 11.57394762 1.96810689
-0.66817 11.57187880 1.96814461
-0.66517 11.56997266 1.96818027
-0.66216 11.56821981 1.96821403
-0.65916 11.56661158 1.96824603
-0.65616 11.56513997 1.96827638
-0.65315 11.56379759 1.96830521
-0.65015 11.56257759 1.96833261
-0.64715 11.56147363 1.96835868
-0.64414 11.56047983 1.96838350
-0.64114 11.55959074 1.96840716
-0.63814 11.55880130 1.96842972
-0.63514 11.55810681 1.96845124
-0.63213 11.55750290 1.96847180
-0.62913 11.55698549 1.96849143
-0.62613 11.55655083 1.96851019
-0.62312 11.55619537 1.96852812
-0.62012 11.55591585 1.96854526
-0.61712 11.55570923 1.96856165
-0.61411 11.55557265 1.96857732
-0.61111 11.55550348 1.96859230
-0.60811 11.55549925 1.96860661
-0.60511 11.55555768 1.96862027
-0.60210 11.55567662 1.96863330
-0.59910 11.55585411 1.96864571
-0.59610 11.55608831 1.96865752
-0.59309 11.55637750 1.96866872
-0.59009 11.55672011 1.96867932
-0.58709 11.55711470 1.96868929
-0.58408 11.55755994 1.96869861
-0.58108 11.55805464 1.96870721
-0.57808 11.55859778 1.96871500
-0.57508 11.55918853 1.96872176
-0.57207 11.55982637 1.96872714
-0.56907 11.56051137 1.96873041
-0.56607 11.56124486 1.96873008
-0.56306 11.56203137 1.96872278
-0.56006 11.56288551 1.96870027
-0.55706 11.56386384 1.96863960
-0.55405 11.56531160 1.96845695
-0.55105 11.56571167 1.96228547
-0.54805 11.57102763 1.94960939
-0.54505 11.53026667 1.88976025
-0.54204 11.58835079 1.64505205
-0.53904 11.53400919 1.63923834
-0.53604 11.57791835 1.91532642
-0.53303 11.57421777 1.96369905
-0.53003 11.57473885 1.96428553
-0.52703 11.57638173 1.88232721
-0.52402 11.57262475 1.79887976
-0.52102 11.57948938 1.95688094
-0.51802 11.60511391 1.96237307
-0.51502 11.56883876 1.87450537
-0.51201 11.58248222 1.96469538
-0.50901 11.58319226 1.96834245
-0.50601 11.58462777 1.96860676
-0.50300 11.58620669 1.96866668
-0.50000 11.58785434 1.96868669
-0.49700 11.58955512 1.96869286
-0.49399 11.59130526 1.96869231
-0.49099 11.59310423 1.96868767
-0.48799 11.59495262 1.96868015
-0.48498 11.59685147 1.96867037
-0.48198 11.59880207 1.96865865
-0.47898 11.60080587 1.96864518
-0.47598 11.60286447 1.96863005
-0.47297 11.60497959 1.96861332
-0.46997 11.60715311 1.96859500
-0.46697 11.60938702 1.96857507
-0.46396 11.61168348 1.96855351
-0.46096 11.61404480 1.96853028
-0.45796 11.61647348 1.96850532
-0.45495 11.61897219 1.96847857
-0.45195 11.62154380 1.96844996
-0.44895 11.62419140 1.96841940
-0.44595 11.62691832 1.96838682
-0.44294 11.62972813 1.96835212
-0.43994 11.63262468 1.96831520
-0.43694 11.63561211 1.96827595
-0.43393 11.63869488 1.96823424
-0.43093 11.64187782 1.96818996
-0.42793 11.64516610 1.96814297
-0.42492 11.64856535 1.96809313
-0.42192 11.65208161 1.96804027
-0.41892 11.65572143 1.96798423
-0.41592 11.65949193 1.96792483
-0.41291 11.66340078 1.96786188
-0.40991 11.66745633 1.96779517
-0.40691 11.67166764 1.96772447
-0.40390 11.67604458 1.96764955
-0.40090 11.68059788 1.96757014
-0.39790 11.68533925 1.96748596
-0.39489 11.69028149 1.96739671
-0.39189 11.69543858 1.96730206
-0.38889 11.70082586 1.96720165
-0.38589 11.70646016 1.96709508
-0.38288 11.71235997 1.96698194
-0.37988 11.71854567 1.96686176
-0.37688 11.72503976 1.96673402
-0.37387 11.73186712 1.96659818
-0.37087 11.73905531 1.96645362
-0.36787 11.74663497 1.96629967
-0.36486 11.75464021 1.96613558
-0.36186 11.76310910 1.96596052
-0.35886 11.77208427 1.96577358
-0.35586 11.78161355 1.96557374
-0.35285 11.79175080 1.96535987
-0.34985 11.80255681 1.96513067
-0.34685 11.81410047 1.96488473
-0.34384 11.82646008 1.96462042
-0.34084 11.83972495 1.96433590
-0.33784 11.85399737 1.96402910
-0.33483 11.86939496 1.96369763
-0.33183 11.88605353 1.96333875
-0.32883 11.90413064 1.96294933
-0.32583 11.92380996 1.96252571
-0.32282 11.94530668 1.96206364
-0.31982 11.96887437 1.96155816
-0.31682 11.99481353 1.96100340
-0.31381 12.02348258 1.96039240
-0.31081 12.05531189 1.95971686
-0.30781 12.09082204 1.95896678
-0.30480 12.13064768 1.95813003
-0.30180 12.17556914 1.95719177
-0.29880 12.22655477 1.95613364
-0.29580 12.28481837 1.95493276
-0.29279 12.35189817 1.95356022
-0.28979 12.42976717 1.95197908
-0.28679 12.52098965 1.95014152
-0.28378 12.62894750 1.94798466
-0.28078 12.75817398 1.94542451
-0.27778 12.91485684 1.94234677
-0.27477 13.10761587 1.93859267
-0.27177 13.34873807 1.93393658
-0.26877 13.65620124 1.92804924
-0.26577 14.05710692 1.92043571
-0.26276 14.59373653 1.91032588
-0.25976 15.33471496 1.89647329
-0.25676 16.39660796 1.87676683
-0.25375 17.98787780 1.84744257
-0.25075 20.50246795 1.80141228
-0.24775 24.72125790 1.72468562
-0.24474 32.18512239 1.58983137
-0.24174 45.18245688 1.35676173
-0.23874 61.37831101 1.06993058
-0.23574 62.42223702 1.05827010
-0.23273 46.66175037 1.34435598
-0.22973 33.17619791 1.58585311
-0.22673 25.38606591 1.72421871
-0.22372 21.03002756 1.80099265
-0.22072 18.48109827 1.84553042
-0.21772 16.91047233 1.87268907
-0.21471 15.90267637 1.88988656
-0.21171 15.24055517 1.90099047
-0.20871 14.80530724 1.90811598
-0.20571 14.52994965 1.91246073
-0.20270 14.37694869 1.91470668
-0.19970 14.32732104 1.91521826
-0.19670 14.37573965 1.91413596
-0.19369 14.52945749 1.91140690
-0.19069 14.81068358 1.90676325
-0.18769 15.26369954 1.89963522
-0.18468 15.97072462 1.88894836
-0.18168 17.08682390 1.87267391
-0.17868 18.92109423 1.84678395
-0.17568 22.14128531 1.80262950
-0.17267 28.32836723 1.71988590
-0.16967 41.38210058 1.54895097
-0.16667 67.24104298 1.21682098
-0.16366 82.65005859 1.02772617
-0.16066 56.41019766 1.36768675
-0.15766 35.20565634 1.63459047
-0.15465 25.29453501 1.75500839
-0.15165 20.51391474 1.80923382
-0.14865 17.97612314 1.83409135
-0.14565 16.52153993 1.84403446
-0.14264 15.64905092 1.84497566
-0.13964 15.12297051 1.83925253
-0.13664 14.82650346 1.82734987
-0.13363 14.70360734 1.80833806
-0.13063 14.73686804 1.77946121
-0.12763 14.94663989 1.73424481
-0.12462 15.42515834 1.65510496
-0.12162 16.62309341 1.46840197
-0.11862 22.87937678 1.26502834
-0.11562 22.95769363 0.88059831
-0.11261 15.49588630 0.39580179
-0.10961 25.73962376 0.46372623
-0.10661 13.56283058 0.08844521
-0.10360 8.71441134 0.01548484
-0.10060 7.96364354 0.00619368
-0.09760 7.75292982 0.00340669
-0.09459 7.71863061 0.00221271
-0.09159 7.78751254 0.00159298
-0.08859 7.95564126 0.00123107
-0.08559 8.26105048 0.00100276
-0.08258 8.80736859 0.00085125
-0.07958 9.86759587 0.00074779
-0.07658 12.31419243 0.00067711
-0.07357 20.24604522 0.00063231
-0.07057 78.82173510 0.00061983
-0.06757 144.87675541 0.00051222
-0.06456 25.52479472 0.00052221
-0.06156 14.86217553 0.00052941
-0.05856 13.21579186 0.00054249
-0.05556 15.60438978 0.00056562
-0.05255 29.91048484 0.00060215
-0.04955 225.91761951 0.00065700
-0.04655 57.12370390 0.00074232
-0.04354 18.16472297 0.00086810
-0.04054 11.77488078 0.00107014
-0.03754 9.66913990 0.00142376
-0.03453 8.74840661 0.00214683
-0.03153 8.33557636 0.00417461
-0.02853 8.55198139 0.01845073
-0.02553 10.10863352 0.10863440
-0.02252 11.68639457 0.48811955
-0.01952 11.60123437 0.70682894
-0.01652 11.53923708 0.80170558
-0.01351 12.60579796 0.89611854
-0.01051 14.24845331 1.15853958
-0.00751 14.57738603 1.45980877
-0.00450 14.35463204 1.59903336
-0.00150 14.09396292 1.68032633
0.00150 13.85837268 1.73403990
0.00450 13.65497232 1.77226160
0.00751 13.48066254 1.80085662
0.01051 13.33081478 1.82304147
0.01351 13.20117960 1.84073620
0.01652 13.08823181 1.85516115
0.01952 12.98913130 1.86713051
0.02252 12.90160406 1.87720888
0.02553 12.82382465 1.88580044
0.02853 12.75431862 1.89320221
0.03153 12.69188602 1.89963746
0.03453 12.63554254 1.90527720
0.03754 12.58447439 1.91025470
0.04054 12.53800369 1.91467527
0.04354 12.49556173 1.91862327
0.04655 12.45666821 1.92216702
0.04955 12.42091491 1.92536244
0.05255 12.38795286 1.92825573
0.05556 12.35748211 1.93088538
0.05856 12.32924349 1.93328372
0.06156 12.30301202 1.93547805
0.06456 12.27859151 1.93749165
0.06757 12.25581017 1.93934441
0.07057 12.23451696 1.94105347
0.07357 12.21457859 1.94263367
0.07658 12.19587703 1.94409789
0.07958 12.17830743 1.94545740
0.08258 12.16177632 1.94672207
0.08559 12.14620016 1.94790059
0.08859 12.13150406 1.94900066
0.09159 12.11762072 1.95002907
0.09459 12.10448949 1.95099190
0.09760 12.09205558 1.95189456
0.10060 12.08026941 1.95274188
0.10360 12.06908597 1.95353821
0.10661 12.05846436 1.95428746
0.10961 12.04836730 1.95499317
0.11261 12.03876079 1.95565852
0.11562 12.02961372 1.95628641
0.11862 12.02089758 1.95687946
0.12162 12.01258624 1.95744008
0.12462 12.00465566 1.95797043
0.12763 11.99708372 1.95847253
0.13063 11.98985003 1.95894820
0.13363 11.98293578 1.95939910
0.13664 11.97632354 1.95982680
0.13964 11.96999720 1.96023270
0.14264 11.96394184 1.96061811
0.14565 11.95814358 1.96098424
0.14865 11.95258955 1.96133221
0.15165 11.94726775 1.96166306
0.15465 11.94216701 1.96197774
0.15766 11.93727694 1.96227715
0.16066 11.93258781 1.96256212
0.16366 11.92809052 1.96283342
0.16667 11.92377660 1.96309177
0.16967 11.91963807 1.96333785
0.17267 11.91566748 1.96357228
0.17568 11.91185783 1.96379565
0.17868 11.90820254 1.96400853
0.18168 11.90469544 1.96421142
0.18468 11.90133071 1.96440481
0.18769 11.89810288 1.96458916
0.19069 11.89500679 1.96476490
0.19369 11.89203756 1.96493243
0.19670 11.88919061 1.96509214
0.19970 11.88646159 1.96524440
0.20270 11.88384639 1.96538953
0.20571 11.88134113 1.96552787
0.20871 11.87894213 1.96565972
0.21171 11.87664590 1.96578537
0.21471 11.87444913 1.96590509
0.21772 11.87234869 1.96601915
0.22072 11.87034159 1.96612779
0.22372 11.86842499 1.96623125
0.22673 11.86659620 1.96632975
0.22973 11.86485266 1.96642351
0.23273 11.86319193 1.96651273
0.23574 11.86161168 1.96659760
0.23874 11.86010968 1.96667830
0.24174 11.85868383 1.96675503
0.24474 11.85733211 1.96682793
0.24775 11.85605259 1.96689718
0.25075 11.85484344 1.96696293
0.25375 11.85370289 1.96702533
0.25676 11.85262927 1.96708451
0.25976 11.85162097 1.96714062
0.26276 11.85067646 1.96719378
0.26577 11.84979427 1.96724412
0.26877 11.84897300 1.96729176
0.27177 11.84821131 1.96733682
0.27477 11.84750792 1.96737939
0.27778 11.84686160 1.96741960
0.28078 11.84627118 1.96745753
0.28378 11.84573554 1.96749329
0.28679 11.84525361 1.96752698
0.28979 11.84482437 1.96755868
0.29279 11.84444684 1.96758848
0.29580 11.84412011 1.96761646
0.29880 11.84384329 1.96764271
0.30180 11.84361554 1.96766730
0.30480 11.84343606 1.96769030
0.30781 11.84330410 1.96771179
0.31081 11.84321895 1.96773184
0.31381 11.84317993 1.96775051
0.31682 11.84318641 1.96776787
0.31982 11.84323780 1.96778397
0.32282 11.84333355 1.96779889
0.32583 11.84347315 1.96781266
0.32883 11.84365611 1.96782536
0.33183 11.84388201 1.96783702
0.33483 11.84415045 1.96784771
0.33784 11.84446108 1.96785746
0.34084 11.84481358 1.96786633
0.34384 11.84520768 1.96787436
0.34685 11.84564315 1.96788159
0.34985 11.84611981 1.96788806
0.35285 11.84663750 1.96789382
0.35586 11.84719614 1.96789889
0.35886 11.84779565 1.96790332
0.36186 11.84843605 1.96790713
0.36486 11.84911736 1.96791036
0.36787 11.84983967 1.96791304
0.37087 11.85060314 1.96791520
0.37387 11.85140796 1.96791686
0.37688 11.85225437 1.96791806
0.37988 11.85314269 1.96791880
0.38288 11.85407328 1.96791913
0.38589 11.85504659 1.96791905
0.38889 11.85606310 1.96791859
0.39189 11.85712339 1.96791777
0.39489 11.85822810 1.96791659
0.39790 11.85937794 1.96791509
0.40090 11.86057371 1.96791326
0.40390 11.86181630 1.96791113
0.40691 11.86310667 1.96790870
0.40991 11.86444589 1.96790598
0.41291 11.86583514 1.96790298
0.41592 11.86727567 1.96789971
0.41892 11.86876889 1.96789617
0.42192 11.87031630 1.96789236
0.42492 11.87191952 1.96788829
0.42793 11.87358035 1.96788395
0.43093 11.87530070 1.96787935
0.43393 11.87708264 1.96787447
0.43694 11.87892843 1.96786933
0.43994 11.88084049 1.96786390
0.44294 11.88282144 1.96785819
0.44595 11.88487412 1.96785218
0.44895 11.88700159 1.96784585
0.45195 11.88920714 1.96783921
0.45495 11.89149435 1.96783222
0.45796 11.89386707 1.96782487
0.46096 11.89632948 1.96781715
0.46396 11.89888606 1.96780902
0.46697 11.90154171 1.96780047
0.46997 11.90430169 1.96779146
0.47297 11.90717174 1.96778197
0.47598 11.91015803 1.96777197
0.47898 11.91326731 1.96776140
0.48198 11.91650689 1.96775024
0.48498 11.91988471 1.96773844
0.48799 11.92340943 1.96772596
0.49099 11.92709050 1.96771273
0.49399 11.93093822 1.96769870
0.49700 11.93496384 1.96768382
0.50000 11.93917971 1.96766800
0.50300 11.94359936 1.96765118
0.50601 11.94823765 1.96763326
0.50901 11.95311094 1.96761417
0.51201 11.95823727 1.96759380
0.51502 11.96363659 1.96757205
0.51802 11.96933098 1.96754878
0.52102 11.97534495 1.96752387
0.52402 11.98170579 1.96749717
0.52703 11.98844394 1.96746851
0.53003 11.99559344 1.96743772
0.53303 12.00319251 1.96740458
0.53604 12.01128414 1.96736887
0.53904 12.01991691 1.96733033
0.54204 12.02914581 1.96728867
0.54505 12.03903344 1.96724356
0.54805 12.04965123 1.96719463
0.55105 12.06108113 1.96714146
0.55405 12.07341749 1.96708355
0.55706 12.08676956 1.96702034
0.56006 12.10126440 1.96695118
0.56306 12.11705071 1.96687531
0.56607 12.13430352 1.96679184
0.56907 12.15323020 1.96669972
0.57207 12.17407823 1.96659770
0.57508 12.19714519 1.96648429
0.57808 12.22279202 1.96635767
0.58108 12.25146049 1.96621565
0.58408 12.28369694 1.96605551
0.58709 12.32018460 1.96587388
0.59009 12.36178869 1.96566649
0.59309 12.40962021 1.96542788
0.59610 12.46512823 1.96515096
0.59910 12.53023631 1.96482634
0.60210 12.60754924 1.96444134
0.60511 12.70067565 1.96397842
0.60811 12.81474769 1.96341270
0.61111 12.95729018 1.96270774
0.61411 13.13973847 1.96180816
0.61712 13.38022743 1.96062613
0.62012 13.70903768 1.95901484
0.62312 14.18004688 1.95671247
0.62613 14.89713139 1.95321265
0.62913 16.08266851 1.94742674
0.63213 18.28552510 1.93665334
0.63514 23.16708259 1.91266131
0.63814 37.57063928 1.84126057
0.64114 101.19390579 1.52136862
0.64414 126.02295429 1.38306683
0.64715 43.71921301 1.79855198
0.65015 25.79415232 1.89015814
0.65315 20.56000822 1.91665737
0.65616 18.78993145 1.92493255
0.65916 18.50323224 1.92497016
0.66216 19.26741636 1.91864988
0.66517 21.31358245 1.90403323
0.66817 25.74350485 1.87364514
0.67117 36.24064964 1.80343586
0.67417 68.09592187 1.59786529
0.67718 171.34835590 0.99834274
0.68018 201.77108452 0.90080845
0.68318 103.44970019 1.41341569
0.68619 45.84060484 1.76099843
0.68919 29.59828482 1.86274026
0.69219 23.59757232 1.90117997
0.69520 21.25805436 1.91702371
0.69820 20.98911366 1.92059554
0.70120 23.00616706 1.91149060
0.70420 30.23626106 1.87441479
0.70721 58.80322139 1.72269296
0.71021 147.92725459 1.23981606
0.71321 61.94773218 1.71744201
0.71622 37.03408031 1.89958717
0.71922 34.11914478 2.05550701
0.72222 32.87091768 2.20635601
0.72523 32.13651245 2.34908918
0.72823 31.65402178 2.48639457
0.73123 31.27475118 2.61693907
0.73423 30.92524981 2.73909855
0.73724 30.57308554 2.85180869
0.74024 30.20697857 2.95465871
0.74324 29.82589494 3.04776139
0.74625 29.43322416 3.13158142
0.74925 29.03378939 3.20678626
0.75225 28.63240829 3.27413582
0.75526 28.23327962 3.33440873
0.75826 27.83979150 3.38835718
0.76126 27.45453104 3.43668210
0.76426 27.07937895 3.48002159
0.76727 26.71562993 3.51894772
0.77027 26.36411101 3.55396826
0.77327 26.02528607 3.58553094
0.77628 25.69934326 3.61402899
0.77928 25.38626545 3.63980701
0.78228 25.08588593 3.66316671
0.78529 24.79793166 3.68437220
0.78829 24.52205651 3.70365489
0.79129 24.25786645 3.72121775
0.79429 24.00493865 3.73723907
0.79730 23.76283561 3.75187576
0.80030 23.53111577 3.76526617
0.80330 23.30934119 3.77753256
0.80631 23.09708313 3.78878317
0.80931 22.89392609 3.79911407
0.81231 22.69947064 3.80861070
0.81532 22.51333536 3.81734921
0.81832 22.33515822 3.82539762
0.82132 22.16459757 3.83281682
0.82432 22.00133286 3.83966142
0.82733 21.84506530 3.84598052
0.83033 21.69551855 3.85181832
0.83333 21.55243966 3.85721470
0.83634 21.41560025 3.86220572
0.83934 21.28479835 3.86682402
0.84234 21.15986095 3.87109919
0.84535 21.04064780 3.87505812
0.84835 20.92705683 3.87872524
0.85135 20.81903210 3.88212283
0.85435 20.71657557 3.88527115
0.85736 20.61976458 3.88818870
0.86036 20.52877857 3.89089232
0.86336 20.44394095 3.89339736
0.86637 20.36578646 3.89571776
0.86937 20.29517429 3.89786611
0.87237 20.23348692 3.89985374
0.87538 20.18300045 3.90169068
0.87838 20.14762762 3.90338576
0.88138 20.13455853 3.90494696
0.88438 20.15839167 3.90638356
0.88739 20.25374666 3.90771810
0.89039 20.52840751 3.90907426
0.89339 21.61520868 3.91206256
0.89640 26.94070224 3.94659612
0.89940 33.31493317 4.18394713
0.90240 34.08011039 4.40900243
0.90541 33.40581474 4.53106479
0.90841 32.54910724 4.60908610
0.91141 31.72289414 4.66359598
0.91441 30.97049469 4.70387102
0.91742 30.29535570 4.73480102
0.92042 29.69084103 4.75923418
0.92342 29.14843450 4.77895245
0.92643 28.66011254 4.79513277
0.92943 28.21894979 4.80858633
0.93243 27.81917014 4.81989188
0.93544 27.45603786 4.82947419
0.93844 27.12572287 4.83765252
0.94144 26.82518635 4.84467161
0.94444 26.55210343 4.85072218
0.94745 26.30483288 4.85595489
0.95045 26.08244717 4.86048990
0.95345 25.88485027 4.86442364
0.95646 25.71303942 4.86783342
0.95946 25.56963312 4.87078048
0.96246 25.45994306 4.87331162
0.96547 25.39428135 4.87545936
0.96847 25.39343596 4.87724059
0.97147 25.50367235 4.87865544
0.97447 25.84766765 4.87970858
0.97748 26.87116466 4.88073640
0.98048 31.83168710 4.89169966
0.98348 55.15131905 5.22543565
0.98649 50.68846658 5.66473260
0.98949 45.89717178 5.75365613
0.99249 45.07026573 5.84417708
0.99550 44.80360537 5.95561178
0.99850 44.60216057 6.04883365
1.00150 44.48663606 6.13342622
1.00450 44.41412032 6.21190713
1.00751 44.36037234 6.28486242
1.01051 44.31930977 6.35220318
1.01351 44.30185331 6.41360095
1.01652 44.33966895 6.46868990
1.01952 44.49842514 6.51718355
1.02252 44.91640639 6.55897052
1.02553 45.93481494 6.59429699
1.02853 48.74045467 6.62491126
1.03153 59.38855410 6.66907242
1.03453 74.96588865 6.76853907
1.03754 80.44283167 7.05183725
1.04054 79.07789369 7.23932637
1.04354 75.33681158 7.34311324
1.04655 70.87785231 7.40315597
1.04955 66.67470967 7.44115253
1.05255 63.16490619 7.46867648
1.05556 60.46439341 7.49137154
1.05856 58.56312386 7.51185588
1.06156 57.44218577 7.53141501
1.06456 57.13753597 7.55088468
1.06757 57.78496716 7.57113620
1.07057 59.66374322 7.59342860
1.07357 63.21047649 7.61970393
1.07658 68.81294499 7.65240116
1.07958 75.80745443 7.69186978
1.08258 80.61792736 7.72939642
1.08559 78.63784859 7.74836586
1.08859 71.18663002 7.74673908
1.09159 63.20720535 7.73797571
1.09459 57.01669847 7.73115681
1.09760 52.65770514 7.72825966
1.10060 49.62339899 7.72868823
1.10360 47.47236996 7.73151402
1.10661 45.90841793 7.73601424
1.10961 44.74501587 7.74170118
1.11261 43.86612801 7.74825816
1.11562 43.19999789 7.75547918
1.11862 42.70375340 7.76322494
1.12162 42.35529467 7.77139083
1.12462 42.15043629 7.77987928
1.12763 42.10512847 7.78856729
1.13063 42.26520242 7.79725295
1.13363 42.73180334 7.80554261
1.13664 43.72732720 7.81256798
1.13964 45.78553782 7.81615343
1.14264 50.40239695 7.80985089
1.14565 62.82831121 7.76950546
1.14865 104.96317509 7.58404565
1.15165 150.66697354 7.31730442
1.15465 81.10277925 7.64806395
1.15766 55.58775192 7.79686660
1.16066 47.30370848 7.85931555
1.16366 43.83394052 7.89632325
1.16667 42.11957864 7.92401082
1.16967 41.20594829 7.94768121
1.17267 40.73876929 7.96941159
1.17568 40.58359819 7.99006596
1.17868 40.71563280 8.00990993
1.18168 41.20129204 8.02874698
1.18468 42.24572421 8.04572933
1.18769 44.37070700 8.05855462
1.19069 49.02977248 8.06058909
1.19369 61.12358011 8.02872564
1.19670 99.31615843 7.87026284
1.19970 143.80145255 7.65175811
1.20270 82.35521456 7.95813279
1.20571 55.40580247 8.11681718
1.20871 46.31733019 8.18838998
1.21171 42.42244285 8.23361003
1.21471 40.40892311 8.26898313
1.21772 39.21898154 8.29987818
1.22072 38.44196565 8.32838126
1.22372 37.89347764 8.35540622
1.22673 37.48122802 8.38138149
1.22973 37.15504154 8.40651107
1.23273 36.88582595 8.43088658
1.23574 36.65583919 8.45454039
1.23874 36.45382563 8.47747290
1.24174 36.27242723 8.49966754
1.24474 36.10673109 8.52109954
1.24775 35.95341739 8.54174122
1.25075 35.81024025 8.56156538
1.25375 35.67570131 8.58054739
1.25676 35.54883900 8.59866658
1.25976 35.42909002 8.61590703
1.26276 35.31619746 8.63225800
1.26577 35.21015021 8.64771414
1.26877 35.11114452 8.66227536
1.27177 35.01956185 8.67594671
1.27477 34.93596002 8.68873802
1.27778 34.86107569 8.70066355
1.28078 34.79583787 8.71174149
1.28378 34.74139291 8.72199352
1.28679 34.69914249 8.73144430
1.28979 34.67079723 8.74012099
1.29279 34.65845000 8.74805274
1.29580 34.66467471 8.75527023
1.29880 34.69265903 8.76180524
1.30180 34.74638292 8.76769020
1.30480 34.83086026 8.77295787
1.30781 34.95246804 8.77764092
1.31081 35.11939932 8.78177162
1.31381 35.34229260 8.78538155
1.31682 35.63511623 8.78850127
1.31982 36.01642614 8.79116005
1.32282 36.51117786 8.79338553
1.32583 37.15337370 8.79520338
1.32883 37.98999259 8.79663678
1.33183 39.08693758 8.79770584
1.33483 40.53828143 8.79842667
1.33784 42.48128846 8.79880994
1.34084 45.12306301 8.79885858
1.34384 48.79809844 8.79856399
1.34685 54.16107731 8.79789912
1.34985 62.85682327 8.79688983
1.35285 71.24024176 8.79597627
1.35586 77.33502628 8.79498414
1.35886 82.00761118 8.79376789
1.36186 85.29764693 8.79231213
1.36486 88.35835207 8.79085324
1.36787 91.99779519 8.79021849
1.37087 97.40570694 8.79325993
1.37387 106.85189039 8.80994408
1.37688 123.91679213 8.87260944
1.37988 144.64146044 9.03263869
1.38288 144.93042083 9.18154354
1.38589 139.16366908 9.20460318
1.38889 159.10669724 9.24972194
1.39189 170.65645283 9.38439568
1.39489 128.35139854 9.38010426
1.39790 103.71206754 9.35539709
1.40090 92.94695409 9.36390805
1.40390 87.49574474 9.39589274
1.40691 84.30017536 9.44394870
1.40991 82.20244500 9.50396453
1.41291 80.69225684 9.57324695
1.41592 79.51039575 9.64961283
1.41892 78.50821446 9.73099523
1.42192 77.59226973 9.81529154
1.42492 76.70094457 9.90034735
1.42793 75.79414302 9.98402966
1.43093 74.84833823 10.06435514
1.43393 73.85347540 10.13963361
1.43694 72.81017818 10.20858587
1.43994 71.72678853 10.27040538
1.44294 70.61636142 10.32475352
1.44595 69.49395014 10.37169875
1.44895 68.37447115 10.41162208
1.45195 67.27127065 10.44511319
1.45495 66.19535177 10.47287548
1.45796 65.15512165 10.49565025
1.46096 64.15648789 10.51416283
1.46396 63.20315185 10.52908853
1.46697 62.29698484 10.54103449
1.46997 61.43841334 10.55053279
1.47297 60.62677210 10.55804088
1.47598 59.86060693 10.56394637
1.47898 59.13792268 10.56857396
1.48198 58.45637970 10.57219313
1.48498 57.81344536 10.57502577
1.48799 57.20650815 10.57725333
1.49099 56.63296169 10.57902313
1.49399 56.09026488 10.58045401
1.49700 55.57598357 10.58164105
1.50000 55.08781800 10.58265972
