-6.0000000000 0.9587228772 -11.9804312128
-6.0000000000 0.6844478537 -11.1198863963
-6.0000000000 0.2003115050 -9.6187878964
-6.0000000000 0.0172377931 -7.7664259868
-6.0000000000 0.0010605758 0.1969783543
-6.0000000000 0.0001688139 0.1969783543
-6.0000000000 0.0000034778 2.5967889640
-6.0000000000 0.0000011718 2.5967889640
-6.0000000000 0.0000000000 3.4637549730
-6.0000000000 0.0000000000 5.1926778400
-6.0000000000 0.0000000000 7.1714826230
-6.0000000000 0.0000000000 7.1714826230
-6.0000000000 0.0000000000 9.7055548024
-6.0000000000 0.0000000000 13.5773846682
-6.0000000000 0.0000000000 13.5773846682
-6.0000000000 0.0000000000 19.3011698508
-6.0000000000 -0.0000000286 70.9905065207
-6.0000000000 -0.0000019067 104.0865163241
-6.0000000000 -0.0000051284 121.8695885476
-6.0000000000 -0.0000096715 129.6841638430

-5.9393939394 0.9587228772 -11.9198251522
-5.9393939394 0.6844478537 -11.0592803356
-5.9393939394 0.2003115050 -9.5581818358
-5.9393939394 0.0172377931 -7.7058199262
-5.9393939394 0.0010605758 0.2575844149
-5.9393939394 0.0001688139 0.2575844149
-5.9393939394 0.0000034778 2.6573950246
-5.9393939394 0.0000011718 2.6573950246
-5.9393939394 0.0000000000 3.5243610336
-5.9393939394 0.0000000000 5.2532839006
-5.9393939394 0.0000000000 7.2320886836
-5.9393939394 0.0000000000 7.2320886836
-5.9393939394 0.0000000000 9.7661608630
-5.9393939394 0.0000000000 13.6379907288
-5.9393939394 0.0000000000 13.6379907288
-5.9393939394 0.0000000000 19.3617759114
-5.9393939394 -0.0000000286 71.0511125813
-5.9393939394 -0.0000019067 104.1471223847
-5.9393939394 -0.0000051284 121.9301946082
-5.9393939394 -0.0000096715 129.7447699036

-5.8787878788 0.9587228772 -11.8592190915
-5.8787878788 0.6844478537 -10.9986742750
-5.8787878788 0.2003115050 -9.4975757752
-5.8787878788 0.0172377931 -7.6452138656
-5.8787878788 0.0010605758 0.3181904755
-5.8787878788 0.0001688139 0.3181904755
-5.8787878788 0.0000034778 2.7180010852
-5.8787878788 0.0000011718 2.7180010852
-5.8787878788 0.0000000000 3.5849670943
-5.8787878788 0.0000000000 5.3138899612
-5.8787878788 0.0000000000 7.2926947442
-5.8787878788 0.0000000000 7.2926947442
-5.8787878788 0.0000000000 9.8267669236
-5.8787878788 0.0000000000 13.6985967894
-5.8787878788 0.0000000000 13.6985967894
-5.8787878788 0.0000000000 19.4223819720
-5.8787878788 -0.0000000286 71.1117186419
-5.8787878788 -0.0000019067 104.2077284453
-5.8787878788 -0.0000051284 121.9908006688
-5.8787878788 -0.0000096715 129.8053759642

-5.8181818182 0.9587228772 -11.7986130309
-5.8181818182 0.6844478537 -10.9380682144
-5.8181818182 0.2003115050 -9.4369697146
-5.8181818182 0.0172377931 -7.5846078050
-5.8181818182 0.0010605758 0.3787965361
-5.8181818182 0.0001688139 0.3787965361
-5.8181818182 0.0000034778 2.7786071458
-5.8181818182 0.0000011718 2.7786071458
-5.8181818182 0.0000000000 3.6455731549
-5.8181818182 0.0000000000 5.3744960218
-5.8181818182 0.0000000000 7.3533008048
-5.8181818182 0.0000000000 7.3533008048
-5.8181818182 0.0000000000 9.8873729842
-5.8181818182 0.0000000000 13.7592028500
-5.8181818182 0.0000000000 13.7592028500
-5.8181818182 0.0000000000 19.4829880326
-5.8181818182 -0.0000000286 71.1723247025
-5.8181818182 -0.0000019067 104.2683345059
-5.8181818182 -0.0000051284 122.0514067294
-5.8181818182 -0.0000096715 129.8659820248

-5.7575757576 0.9587228772 -11.7380069703
-5.7575757576 0.6844478537 -10.8774621538
-5.7575757576 0.2003115050 -9.3763636540
-5.7575757576 0.0172377931 -7.5240017444
-5.7575757576 0.0010605758 0.4394025967
-5.7575757576 0.0001688139 0.4394025967
-5.7575757576 0.0000034778 2.8392132064
-5.7575757576 0.0000011718 2.8392132064
-5.7575757576 0.0000000000 3.7061792155
-5.7575757576 0.0000000000 5.4351020824
-5.7575757576 0.0000000000 7.4139068654
-5.7575757576 0.0000000000 7.4139068654
-5.7575757576 0.0000000000 9.9479790448
-5.7575757576 0.0000000000 13.8198089107
-5.7575757576 0.0000000000 13.8198089107
-5.7575757576 0.0000000000 19.5435940932
-5.7575757576 -0.0000000286 71.2329307631
-5.7575757576 -0.0000019067 104.3289405665
-5.7575757576 -0.0000051284 122.1120127900
-5.7575757576 -0.0000096715 129.9265880854

-5.6969696970 0.9587228772 -11.6774009097
-5.6969696970 0.6844478537 -10.8168560932
-5.6969696970 0.2003115050 -9.3157575933
-5.6969696970 0.0172377931 -7.4633956838
-5.6969696970 0.0010605758 0.5000086573
-5.6969696970 0.0001688139 0.5000086573
-5.6969696970 0.0000034778 2.8998192670
-5.6969696970 0.0000011718 2.8998192670
-5.6969696970 0.0000000000 3.7667852761
-5.6969696970 0.0000000000 5.4957081430
-5.6969696970 0.0000000000 7.4745129260
-5.6969696970 0.0000000000 7.4745129260
-5.6969696970 0.0000000000 10.0085851054
-5.6969696970 0.0000000000 13.8804149713
-5.6969696970 0.0000000000 13.8804149713
-5.6969696970 0.0000000000 19.6042001538
-5.6969696970 -0.0000000286 71.2935368237
-5.6969696970 -0.0000019067 104.3895466271
-5.6969696970 -0.0000051284 122.1726188507
-5.6969696970 -0.0000096715 129.9871941460

-5.6363636364 0.9587228772 -11.6167948491
-5.6363636364 0.6844478537 -10.7562500326
-5.6363636364 0.2003115050 -9.2551515327
-5.6363636364 0.0172377931 -7.4027896232
-5.6363636364 0.0010605758 0.5606147179
-5.6363636364 0.0001688139 0.5606147179
-5.6363636364 0.0000034778 2.9604253276
-5.6363636364 0.0000011718 2.9604253276
-5.6363636364 0.0000000000 3.8273913367
-5.6363636364 0.0000000000 5.5563142036
-5.6363636364 0.0000000000 7.5351189866
-5.6363636364 0.0000000000 7.5351189866
-5.6363636364 0.0000000000 10.0691911660
-5.6363636364 0.0000000000 13.9410210319
-5.6363636364 0.0000000000 13.9410210319
-5.6363636364 0.0000000000 19.6648062144
-5.6363636364 -0.0000000286 71.3541428843
-5.6363636364 -0.0000019067 104.4501526877
-5.6363636364 -0.0000051284 122.2332249113
-5.6363636364 -0.0000096715 130.0478002066

-5.5757575758 0.9587228772 -11.5561887885
-5.5757575758 0.6844478537 -10.6956439720
-5.5757575758 0.2003115050 -9.1945454721
-5.5757575758 0.0172377931 -7.3421835626
-5.5757575758 0.0010605758 0.6212207785
-5.5757575758 0.0001688139 0.6212207785
-5.5757575758 0.0000034778 3.0210313882
-5.5757575758 0.0000011718 3.0210313882
-5.5757575758 0.0000000000 3.8879973973
-5.5757575758 0.0000000000 5.6169202642
-5.5757575758 0.0000000000 7.5957250472
-5.5757575758 0.0000000000 7.5957250472
-5.5757575758 0.0000000000 10.1297972266
-5.5757575758 0.0000000000 14.0016270925
-5.5757575758 0.0000000000 14.0016270925
-5.5757575758 0.0000000000 19.7254122750
-5.5757575758 -0.0000000286 71.4147489449
-5.5757575758 -0.0000019067 104.5107587483
-5.5757575758 -0.0000051284 122.2938309719
-5.5757575758 -0.0000096715 130.1084062672

-5.5151515152 0.9587228772 -11.4955827279
-5.5151515152 0.6844478537 -10.6350379114
-5.5151515152 0.2003115050 -9.1339394115
-5.5151515152 0.0172377931 -7.2815775019
-5.5151515152 0.0010605758 0.6818268391
-5.5151515152 0.0001688139 0.6818268391
-5.5151515152 0.0000034778 3.0816374489
-5.5151515152 0.0000011718 3.0816374489
-5.5151515152 0.0000000000 3.9486034579
-5.5151515152 0.0000000000 5.6775263248
-5.5151515152 0.0000000000 7.6563311078
-5.5151515152 0.0000000000 7.6563311078
-5.5151515152 0.0000000000 10.1904032872
-5.5151515152 0.0000000000 14.0622331531
-5.5151515152 0.0000000000 14.0622331531
-5.5151515152 0.0000000000 19.7860183356
-5.5151515152 -0.0000000286 71.4753550055
-5.5151515152 -0.0000019067 104.5713648089
-5.5151515152 -0.0000051284 122.3544370325
-5.5151515152 -0.0000096715 130.1690123279

-5.4545454545 0.9587228772 -11.4349766673
-5.4545454545 0.6844478537 -10.5744318508
-5.4545454545 0.2003115050 -9.0733333509
-5.4545454545 0.0172377931 -7.2209714413
-5.4545454545 0.0010605758 0.7424328997
-5.4545454545 0.0001688139 0.7424328997
-5.4545454545 0.0000034778 3.1422435095
-5.4545454545 0.0000011718 3.1422435095
-5.4545454545 0.0000000000 4.0092095185
-5.4545454545 0.0000000000 5.7381323855
-5.4545454545 0.0000000000 7.7169371685
-5.4545454545 0.0000000000 7.7169371685
-5.4545454545 0.0000000000 10.2510093478
-5.4545454545 0.0000000000 14.1228392137
-5.4545454545 0.0000000000 14.1228392137
-5.4545454545 0.0000000000 19.8466243962
-5.4545454545 -0.0000000286 71.5359610662
-5.4545454545 -0.0000019067 104.6319708695
-5.4545454545 -0.0000051284 122.4150430931
-5.4545454545 -0.0000096715 130.2296183885

-5.3939393939 0.9587228772 -11.3743706067
-5.3939393939 0.6844478537 -10.5138257902
-5.3939393939 0.2003115050 -9.0127272903
-5.3939393939 0.0172377931 -7.1603653807
-5.3939393939 0.0010605758 0.8030389603
-5.3939393939 0.0001688139 0.8030389603
-5.3939393939 0.0000034778 3.2028495701
-5.3939393939 0.0000011718 3.2028495701
-5.3939393939 0.0000000000 4.0698155791
-5.3939393939 0.0000000000 5.7987384461
-5.3939393939 0.0000000000 7.7775432291
-5.3939393939 0.0000000000 7.7775432291
-5.3939393939 0.0000000000 10.3116154085
-5.3939393939 0.0000000000 14.1834452743
-5.3939393939 0.0000000000 14.1834452743
-5.3939393939 0.0000000000 19.9072304568
-5.3939393939 -0.0000000286 71.5965671268
-5.3939393939 -0.0000019067 104.6925769301
-5.3939393939 -0.0000051284 122.4756491537
-5.3939393939 -0.0000096715 130.2902244491

-5.3333333333 0.9587228772 -11.3137645461
-5.3333333333 0.6844478537 -10.4532197296
-5.3333333333 0.2003115050 -8.9521212297
-5.3333333333 0.0172377931 -7.0997593201
-5.3333333333 0.0010605758 0.8636450209
-5.3333333333 0.0001688139 0.8636450209
-5.3333333333 0.0000034778 3.2634556307
-5.3333333333 0.0000011718 3.2634556307
-5.3333333333 0.0000000000 4.1304216397
-5.3333333333 0.0000000000 5.8593445067
-5.3333333333 0.0000000000 7.8381492897
-5.3333333333 0.0000000000 7.8381492897
-5.3333333333 0.0000000000 10.3722214691
-5.3333333333 0.0000000000 14.2440513349
-5.3333333333 0.0000000000 14.2440513349
-5.3333333333 0.0000000000 19.9678365174
-5.3333333333 -0.0000000286 71.6571731874
-5.3333333333 -0.0000019067 104.7531829907
-5.3333333333 -0.0000051284 122.5362552143
-5.3333333333 -0.0000096715 130.3508305097

-5.2727272727 0.9587228772 -11.2531584855
-5.2727272727 0.6844478537 -10.3926136690
-5.2727272727 0.2003115050 -8.8915151691
-5.2727272727 0.0172377931 -7.0391532595
-5.2727272727 0.0010605758 0.9242510815
-5.2727272727 0.0001688139 0.9242510815
-5.2727272727 0.0000034778 3.3240616913
-5.2727272727 0.0000011718 3.3240616913
-5.2727272727 0.0000000000 4.1910277003
-5.2727272727 0.0000000000 5.9199505673
-5.2727272727 0.0000000000 7.8987553503
-5.2727272727 0.0000000000 7.8987553503
-5.2727272727 0.0000000000 10.4328275297
-5.2727272727 0.0000000000 14.3046573955
-5.2727272727 0.0000000000 14.3046573955
-5.2727272727 0.0000000000 20.0284425780
-5.2727272727 -0.0000000286 71.7177792480
-5.2727272727 -0.0000019067 104.8137890514
-5.2727272727 -0.0000051284 122.5968612749
-5.2727272727 -0.0000096715 130.4114365703

-5.2121212121 0.9587228772 -11.1925524249
-5.2121212121 0.6844478537 -10.3320076084
-5.2121212121 0.2003115050 -8.8309091085
-5.2121212121 0.0172377931 -6.9785471989
-5.2121212121 0.0010605758 0.9848571421
-5.2121212121 0.0001688139 0.9848571421
-5.2121212121 0.0000034778 3.3846677519
-5.2121212121 0.0000011718 3.3846677519
-5.2121212121 0.0000000000 4.2516337609
-5.2121212121 0.0000000000 5.9805566279
-5.2121212121 0.0000000000 7.9593614109
-5.2121212121 0.0000000000 7.9593614109
-5.2121212121 0.0000000000 10.4934335903
-5.2121212121 0.0000000000 14.3652634561
-5.2121212121 0.0000000000 14.3652634561
-5.2121212121 0.0000000000 20.0890486386
-5.2121212121 -0.0000000286 71.7783853086
-5.2121212121 -0.0000019067 104.8743951120
-5.2121212121 -0.0000051284 122.6574673355
-5.2121212121 -0.0000096715 130.4720426309

-5.1515151515 0.9587228772 -11.1319463643
-5.1515151515 0.6844478537 -10.2714015478
-5.1515151515 0.2003115050 -8.7703030479
-5.1515151515 0.0172377931 -6.9179411383
-5.1515151515 0.0010605758 1.0454632027
-5.1515151515 0.0001688139 1.0454632027
-5.1515151515 0.0000034778 3.4452738125
-5.1515151515 0.0000011718 3.4452738125
-5.1515151515 0.0000000000 4.3122398215
-5.1515151515 0.0000000000 6.0411626885
-5.1515151515 0.0000000000 8.0199674715
-5.1515151515 0.0000000000 8.0199674715
-5.1515151515 0.0000000000 10.5540396509
-5.1515151515 0.0000000000 14.4258695167
-5.1515151515 0.0000000000 14.4258695167
-5.1515151515 0.0000000000 20.1496546992
-5.1515151515 -0.0000000286 71.8389913692
-5.1515151515 -0.0000019067 104.9350011726
-5.1515151515 -0.0000051284 122.7180733961
-5.1515151515 -0.0000096715 130.5326486915

-5.0909090909 0.9587228772 -11.0713403037
-5.0909090909 0.6844478537 -10.2107954872
-5.0909090909 0.2003115050 -8.7096969873
-5.0909090909 0.0172377931 -6.8573350777
-5.0909090909 0.0010605758 1.1060692634
-5.0909090909 0.0001688139 1.1060692634
-5.0909090909 0.0000034778 3.5058798731
-5.0909090909 0.0000011718 3.5058798731
-5.0909090909 0.0000000000 4.3728458821
-5.0909090909 0.0000000000 6.1017687491
-5.0909090909 0.0000000000 8.0805735321
-5.0909090909 0.0000000000 8.0805735321
-5.0909090909 0.0000000000 10.6146457115
-5.0909090909 0.0000000000 14.4864755773
-5.0909090909 0.0000000000 14.4864755773
-5.0909090909 0.0000000000 20.2102607598
-5.0909090909 -0.0000000286 71.8995974298
-5.0909090909 -0.0000019067 104.9956072332
-5.0909090909 -0.0000051284 122.7786794567
-5.0909090909 -0.0000096715 130.5932547521

-5.0303030303 0.9587228772 -11.0107342431
-5.0303030303 0.6844478537 -10.1501894266
-5.0303030303 0.2003115050 -8.6490909267
-5.0303030303 0.0172377931 -6.7967290171
-5.0303030303 0.0010605758 1.1666753240
-5.0303030303 0.0001688139 1.1666753240
-5.0303030303 0.0000034778 3.5664859337
-5.0303030303 0.0000011718 3.5664859337
-5.0303030303 0.0000000000 4.4334519427
-5.0303030303 0.0000000000 6.1623748097
-5.0303030303 0.0000000000 8.1411795927
-5.0303030303 0.0000000000 8.1411795927
-5.0303030303 0.0000000000 10.6752517721
-5.0303030303 0.0000000000 14.5470816379
-5.0303030303 0.0000000000 14.5470816379
-5.0303030303 0.0000000000 20.2708668205
-5.0303030303 -0.0000000286 71.9602034904
-5.0303030303 -0.0000019067 105.0562132938
-5.0303030303 -0.0000051284 122.8392855173
-5.0303030303 -0.0000096715 130.6538608127

-4.9696969697 0.9587228772 -10.9501281825
-4.9696969697 0.6844478537 -10.0895833659
-4.9696969697 0.2003115050 -8.5884848661
-4.9696969697 0.0172377931 -6.7361229565
-4.9696969697 0.0010605758 1.2272813846
-4.9696969697 0.0001688139 1.2272813846
-4.9696969697 0.0000034778 3.6270919943
-4.9696969697 0.0000011718 3.6270919943
-4.9696969697 0.0000000000 4.4940580033
-4.9696969697 0.0000000000 6.2229808703
-4.9696969697 0.0000000000 8.2017856533
-4.9696969697 0.0000000000 8.2017856533
-4.9696969697 0.0000000000 10.7358578327
-4.9696969697 0.0000000000 14.6076876985
-4.9696969697 0.0000000000 14.6076876985
-4.9696969697 0.0000000000 20.3314728811
-4.9696969697 -0.0000000286 72.0208095510
-4.9696969697 -0.0000019067 105.1168193544
-4.9696969697 -0.0000051284 122.8998915779
-4.9696969697 -0.0000096715 130.7144668733

-4.9090909091 0.9587228772 -10.8895221218
-4.9090909091 0.6844478537 -10.0289773053
-4.9090909091 0.2003115050 -8.5278788055
-4.9090909091 0.0172377931 -6.6755168959
-4.9090909091 0.0010605758 1.2878874452
-4.9090909091 0.0001688139 1.2878874452
-4.9090909091 0.0000034778 3.6876980549
-4.9090909091 0.0000011718 3.6876980549
-4.9090909091 0.0000000000 4.5546640639
-4.9090909091 0.0000000000 6.2835869309
-4.9090909091 0.0000000000 8.2623917139
-4.9090909091 0.0000000000 8.2623917139
-4.9090909091 0.0000000000 10.7964638933
-4.9090909091 0.0000000000 14.6682937591
-4.9090909091 0.0000000000 14.6682937591
-4.9090909091 0.0000000000 20.3920789417
-4.9090909091 -0.0000000286 72.0814156116
-4.9090909091 -0.0000019067 105.1774254150
-4.9090909091 -0.0000051284 122.9604976385
-4.9090909091 -0.0000096715 130.7750729339

-4.8484848485 0.9587228772 -10.8289160612
-4.8484848485 0.6844478537 -9.9683712447
-4.8484848485 0.2003115050 -8.4672727449
-4.8484848485 0.0172377931 -6.6149108353
-4.8484848485 0.0010605758 1.3484935058
-4.8484848485 0.0001688139 1.3484935058
-4.8484848485 0.0000034778 3.7483041155
-4.8484848485 0.0000011718 3.7483041155
-4.8484848485 0.0000000000 4.6152701246
-4.8484848485 0.0000000000 6.3441929915
-4.8484848485 0.0000000000 8.3229977745
-4.8484848485 0.0000000000 8.3229977745
-4.8484848485 0.0000000000 10.8570699539
-4.8484848485 0.0000000000 14.7288998197
-4.8484848485 0.0000000000 14.7288998197
-4.8484848485 0.0000000000 20.4526850023
-4.8484848485 -0.0000000286 72.1420216722
-4.8484848485 -0.0000019067 105.2380314756
-4.8484848485 -0.0000051284 123.0211036991
-4.8484848485 -0.0000096715 130.8356789945

-4.7878787879 0.9587228772 -10.7683100006
-4.7878787879 0.6844478537 -9.9077651841
-4.7878787879 0.2003115050 -8.4066666843
-4.7878787879 0.0172377931 -6.5543047747
-4.7878787879 0.0010605758 1.4090995664
-4.7878787879 0.0001688139 1.4090995664
-4.7878787879 0.0000034778 3.8089101761
-4.7878787879 0.0000011718 3.8089101761
-4.7878787879 0.0000000000 4.6758761852
-4.7878787879 0.0000000000 6.4047990521
-4.7878787879 0.0000000000 8.3836038351
-4.7878787879 0.0000000000 8.3836038351
-4.7878787879 0.0000000000 10.9176760145
-4.7878787879 0.0000000000 14.7895058803
-4.7878787879 0.0000000000 14.7895058803
-4.7878787879 0.0000000000 20.5132910629
-4.7878787879 -0.0000000286 72.2026277328
-4.7878787879 -0.0000019067 105.2986375362
-4.7878787879 -0.0000051284 123.0817097597
-4.7878787879 -0.0000096715 130.8962850551

-4.7272727273 0.9587228772 -10.7077039400
-4.7272727273 0.6844478537 -9.8471591235
-4.7272727273 0.2003115050 -8.3460606237
-4.7272727273 0.0172377931 -6.4936987141
-4.7272727273 0.0010605758 1.4697056270
-4.7272727273 0.0001688139 1.4697056270
-4.7272727273 0.0000034778 3.8695162367
-4.7272727273 0.0000011718 3.8695162367
-4.7272727273 0.0000000000 4.7364822458
-4.7272727273 0.0000000000 6.4654051127
-4.7272727273 0.0000000000 8.4442098957
-4.7272727273 0.0000000000 8.4442098957
-4.7272727273 0.0000000000 10.9782820751
-4.7272727273 0.0000000000 14.8501119410
-4.7272727273 0.0000000000 14.8501119410
-4.7272727273 0.0000000000 20.5738971235
-4.7272727273 -0.0000000286 72.2632337934
-4.7272727273 -0.0000019067 105.3592435968
-4.7272727273 -0.0000051284 123.1423158204
-4.7272727273 -0.0000096715 130.9568911157

-4.6666666667 0.9587228772 -10.6470978794
-4.6666666667 0.6844478537 -9.7865530629
-4.6666666667 0.2003115050 -8.2854545630
-4.6666666667 0.0172377931 -6.4330926535
-4.6666666667 0.0010605758 1.5303116876
-4.6666666667 0.0001688139 1.5303116876
-4.6666666667 0.0000034778 3.9301222973
-4.6666666667 0.0000011718 3.9301222973
-4.6666666667 0.0000000000 4.7970883064
-4.6666666667 0.0000000000 6.5260111733
-4.6666666667 0.0000000000 8.5048159563
-4.6666666667 0.0000000000 8.5048159563
-4.6666666667 0.0000000000 11.0388881357
-4.6666666667 0.0000000000 14.9107180016
-4.6666666667 0.0000000000 14.9107180016
-4.6666666667 0.0000000000 20.6345031841
-4.6666666667 -0.0000000286 72.3238398540
-4.6666666667 -0.0000019067 105.4198496574
-4.6666666667 -0.0000051284 123.2029218810
-4.6666666667 -0.0000096715 131.0174971763

-4.6060606061 0.9587228772 -10.5864918188
-4.6060606061 0.6844478537 -9.7259470023
-4.6060606061 0.2003115050 -8.2248485024
-4.6060606061 0.0172377931 -6.3724865929
-4.6060606061 0.0010605758 1.5909177482
-4.6060606061 0.0001688139 1.5909177482
-4.6060606061 0.0000034778 3.9907283579
-4.6060606061 0.0000011718 3.9907283579
-4.6060606061 0.0000000000 4.8576943670
-4.6060606061 0.0000000000 6.5866172339
-4.6060606061 0.0000000000 8.5654220169
-4.6060606061 0.0000000000 8.5654220169
-4.6060606061 0.0000000000 11.0994941963
-4.6060606061 0.0000000000 14.9713240622
-4.6060606061 0.0000000000 14.9713240622
-4.6060606061 0.0000000000 20.6951092447
-4.6060606061 -0.0000000286 72.3844459146
-4.6060606061 -0.0000019067 105.4804557180
-4.6060606061 -0.0000051284 123.2635279416
-4.6060606061 -0.0000096715 131.0781032369

-4.5454545455 0.9587228772 -10.5258857582
-4.5454545455 0.6844478537 -9.6653409417
-4.5454545455 0.2003115050 -8.1642424418
-4.5454545455 0.0172377931 -6.3118805323
-4.5454545455 0.0010605758 1.6515238088
-4.5454545455 0.0001688139 1.6515238088
-4.5454545455 0.0000034778 4.0513344185
-4.5454545455 0.0000011718 4.0513344185
-4.5454545455 0.0000000000 4.9183004276
-4.5454545455 0.0000000000 6.6472232945
-4.5454545455 0.0000000000 8.6260280775
-4.5454545455 0.0000000000 8.6260280775
-4.5454545455 0.0000000000 11.1601002569
-4.5454545455 0.0000000000 15.0319301228
-4.5454545455 0.0000000000 15.0319301228
-4.5454545455 0.0000000000 20.7557153053
-4.5454545455 -0.0000000286 72.4450519752
-4.5454545455 -0.0000019067 105.5410617786
-4.5454545455 -0.0000051284 123.3241340022
-4.5454545455 -0.0000096715 131.1387092975

-4.4848484848 0.9587228772 -10.4652796976
-4.4848484848 0.6844478537 -9.6047348811
-4.4848484848 0.2003115050 -8.1036363812
-4.4848484848 0.0172377931 -6.2512744716
-4.4848484848 0.0010605758 1.7121298694
-4.4848484848 0.0001688139 1.7121298694
-4.4848484848 0.0000034778 4.1119404792
-4.4848484848 0.0000011718 4.1119404792
-4.4848484848 0.0000000000 4.9789064882
-4.4848484848 0.0000000000 6.7078293551
-4.4848484848 0.0000000000 8.6866341381
-4.4848484848 0.0000000000 8.6866341381
-4.4848484848 0.0000000000 11.2207063175
-4.4848484848 0.0000000000 15.0925361834
-4.4848484848 0.0000000000 15.0925361834
-4.4848484848 0.0000000000 20.8163213659
-4.4848484848 -0.0000000286 72.5056580359
-4.4848484848 -0.0000019067 105.6016678392
-4.4848484848 -0.0000051284 123.3847400628
-4.4848484848 -0.0000096715 131.1993153582

-4.4242424242 0.9587228772 -10.4046736370
-4.4242424242 0.6844478537 -9.5441288205
-4.4242424242 0.2003115050 -8.0430303206
-4.4242424242 0.0172377931 -6.1906684110
-4.4242424242 0.0010605758 1.7727359300
-4.4242424242 0.0001688139 1.7727359300
-4.4242424242 0.0000034778 4.1725465398
-4.4242424242 0.0000011718 4.1725465398
-4.4242424242 0.0000000000 5.0395125488
-4.4242424242 0.0000000000 6.7684354158
-4.4242424242 0.0000000000 8.7472401988
-4.4242424242 0.0000000000 8.7472401988
-4.4242424242 0.0000000000 11.2813123781
-4.4242424242 0.0000000000 15.1531422440
-4.4242424242 0.0000000000 15.1531422440
-4.4242424242 0.0000000000 20.8769274265
-4.4242424242 -0.0000000286 72.5662640965
-4.4242424242 -0.0000019067 105.6622738998
-4.4242424242 -0.0000051284 123.4453461234
-4.4242424242 -0.0000096715 131.2599214188

-4.3636363636 0.9587228772 -10.3440675764
-4.3636363636 0.6844478537 -9.4835227599
-4.3636363636 0.2003115050 -7.9824242600
-4.3636363636 0.0172377931 -6.1300623504
-4.3636363636 0.0010605758 1.8333419906
-4.3636363636 0.0001688139 1.8333419906
-4.3636363636 0.0000034778 4.2331526004
-4.3636363636 0.0000011718 4.2331526004
-4.3636363636 0.0000000000 5.1001186094
-4.3636363636 0.0000000000 6.8290414764
-4.3636363636 0.0000000000 8.8078462594
-4.3636363636 0.0000000000 8.8078462594
-4.3636363636 0.0000000000 11.3419184388
-4.3636363636 0.0000000000 15.2137483046
-4.3636363636 0.0000000000 15.2137483046
-4.3636363636 0.0000000000 20.9375334871
-4.3636363636 -0.0000000286 72.6268701571
-4.3636363636 -0.0000019067 105.7228799604
-4.3636363636 -0.0000051284 123.5059521840
-4.3636363636 -0.0000096715 131.3205274794

-4.3030303030 0.9587228772 -10.2834615158
-4.3030303030 0.6844478537 -9.4229166993
-4.3030303030 0.2003115050 -7.9218181994
-4.3030303030 0.0172377931 -6.0694562898
-4.3030303030 0.0010605758 1.8939480512
-4.3030303030 0.0001688139 1.8939480512
-4.3030303030 0.0000034778 4.2937586610
-4.3030303030 0.0000011718 4.2937586610
-4.3030303030 0.0000000000 5.1607246700
-4.3030303030 0.0000000000 6.8896475370
-4.3030303030 0.0000000000 8.8684523200
-4.3030303030 0.0000000000 8.8684523200
-4.3030303030 0.0000000000 11.4025244994
-4.3030303030 0.0000000000 15.2743543652
-4.3030303030 0.0000000000 15.2743543652
-4.3030303030 0.0000000000 20.9981395477
-4.3030303030 -0.0000000286 72.6874762177
-4.3030303030 -0.0000019067 105.7834860210
-4.3030303030 -0.0000051284 123.5665582446
-4.3030303030 -0.0000096715 131.3811335400

-4.2424242424 0.9587228772 -10.2228554552
-4.2424242424 0.6844478537 -9.3623106387
-4.2424242424 0.2003115050 -7.8612121388
-4.2424242424 0.0172377931 -6.0088502292
-4.2424242424 0.0010605758 1.9545541118
-4.2424242424 0.0001688139 1.9545541118
-4.2424242424 0.0000034778 4.3543647216
-4.2424242424 0.0000011718 4.3543647216
-4.2424242424 0.0000000000 5.2213307306
-4.2424242424 0.0000000000 6.9502535976
-4.2424242424 0.0000000000 8.9290583806
-4.2424242424 0.0000000000 8.9290583806
-4.2424242424 0.0000000000 11.4631305600
-4.2424242424 0.0000000000 15.3349604258
-4.2424242424 0.0000000000 15.3349604258
-4.2424242424 0.0000000000 21.0587456083
-4.2424242424 -0.0000000286 72.7480822783
-4.2424242424 -0.0000019067 105.8440920817
-4.2424242424 -0.0000051284 123.6271643052
-4.2424242424 -0.0000096715 131.4417396006

-4.1818181818 0.9587228772 -10.1622493946
-4.1818181818 0.6844478537 -9.3017045781
-4.1818181818 0.2003115050 -7.8006060782
-4.1818181818 0.0172377931 -5.9482441686
-4.1818181818 0.0010605758 2.0151601724
-4.1818181818 0.0001688139 2.0151601724
-4.1818181818 0.0000034778 4.4149707822
-4.1818181818 0.0000011718 4.4149707822
-4.1818181818 0.0000000000 5.2819367912
-4.1818181818 0.0000000000 7.0108596582
-4.1818181818 0.0000000000 8.9896644412
-4.1818181818 0.0000000000 8.9896644412
-4.1818181818 0.0000000000 11.5237366206
-4.1818181818 0.0000000000 15.3955664864
-4.1818181818 0.0000000000 15.3955664864
-4.1818181818 0.0000000000 21.1193516689
-4.1818181818 -0.0000000286 72.8086883389
-4.1818181818 -0.0000019067 105.9046981423
-4.1818181818 -0.0000051284 123.6877703658
-4.1818181818 -0.0000096715 131.5023456612

-4.1212121212 0.9587228772 -10.1016433340
-4.1212121212 0.6844478537 -9.2410985175
-4.1212121212 0.2003115050 -7.7400000176
-4.1212121212 0.0172377931 -5.8876381080
-4.1212121212 0.0010605758 2.0757662330
-4.1212121212 0.0001688139 2.0757662330
-4.1212121212 0.0000034778 4.4755768428
-4.1212121212 0.0000011718 4.4755768428
-4.1212121212 0.0000000000 5.3425428518
-4.1212121212 0.0000000000 7.0714657188
-4.1212121212 0.0000000000 9.0502705018
-4.1212121212 0.0000000000 9.0502705018
-4.1212121212 0.0000000000 11.5843426812
-4.1212121212 0.0000000000 15.4561725470
-4.1212121212 0.0000000000 15.4561725470
-4.1212121212 0.0000000000 21.1799577295
-4.1212121212 -0.0000000286 72.8692943995
-4.1212121212 -0.0000019067 105.9653042029
-4.1212121212 -0.0000051284 123.7483764264
-4.1212121212 -0.0000096715 131.5629517218

-4.0606060606 0.9587228772 -10.0410372734
-4.0606060606 0.6844478537 -9.1804924569
-4.0606060606 0.2003115050 -7.6793939570
-4.0606060606 0.0172377931 -5.8270320474
-4.0606060606 0.0010605758 2.1363722937
-4.0606060606 0.0001688139 2.1363722937
-4.0606060606 0.0000034778 4.5361829034
-4.0606060606 0.0000011718 4.5361829034
-4.0606060606 0.0000000000 5.4031489124
-4.0606060606 0.0000000000 7.1320717794
-4.0606060606 0.0000000000 9.1108765624
-4.0606060606 0.0000000000 9.1108765624
-4.0606060606 0.0000000000 11.6449487418
-4.0606060606 0.0000000000 15.5167786076
-4.0606060606 0.0000000000 15.5167786076
-4.0606060606 0.0000000000 21.2405637902
-4.0606060606 -0.0000000286 72.9299004601
-4.0606060606 -0.0000019067 106.0259102635
-4.0606060606 -0.0000051284 123.8089824870
-4.0606060606 -0.0000096715 131.6235577824

-4.0000000000 0.9587228772 -9.9804312128
-4.0000000000 0.6844478537 -9.1198863963
-4.0000000000 0.2003115050 -7.6187878964
-4.0000000000 0.0172377931 -5.7664259868
-4.0000000000 0.0010605758 2.1969783543
-4.0000000000 0.0001688139 2.1969783543
-4.0000000000 0.0000034778 4.5967889640
-4.0000000000 0.0000011718 4.5967889640
-4.0000000000 0.0000000000 5.4637549730
-4.0000000000 0.0000000000 7.1926778400
-4.0000000000 0.0000000000 9.1714826230
-4.0000000000 0.0000000000 9.1714826230
-4.0000000000 0.0000000000 11.7055548024
-4.0000000000 0.0000000000 15.5773846682
-4.0000000000 0.0000000000 15.5773846682
-4.0000000000 0.0000000000 21.3011698508
-4.0000000000 -0.0000000286 72.9905065207
-4.0000000000 -0.0000019067 106.0865163241
-4.0000000000 -0.0000051284 123.8695885476
-4.0000000000 -0.0000096715 131.6841638430

-3.9393939394 0.9587228772 -9.9198251522
-3.9393939394 0.6844478537 -9.0592803356
-3.9393939394 0.2003115050 -7.5581818358
-3.9393939394 0.0172377931 -5.7058199262
-3.9393939394 0.0010605758 2.2575844149
-3.9393939394 0.0001688139 2.2575844149
-3.9393939394 0.0000034778 4.6573950246
-3.9393939394 0.0000011718 4.6573950246
-3.9393939394 0.0000000000 5.5243610336
-3.9393939394 0.0000000000 7.2532839006
-3.9393939394 0.0000000000 9.2320886836
-3.9393939394 0.0000000000 9.2320886836
-3.9393939394 0.0000000000 11.7661608630
-3.9393939394 0.0000000000 15.6379907288
-3.9393939394 0.0000000000 15.6379907288
-3.9393939394 0.0000000000 21.3617759114
-3.9393939394 -0.0000000286 73.0511125813
-3.9393939394 -0.0000019067 106.1471223847
-3.9393939394 -0.0000051284 123.9301946082
-3.9393939394 -0.0000096715 131.7447699036

-3.8787878788 0.9587228772 -9.8592190915
-3.8787878788 0.6844478537 -8.9986742750
-3.8787878788 0.2003115050 -7.4975757752
-3.8787878788 0.0172377931 -5.6452138656
-3.8787878788 0.0010605758 2.3181904755
-3.8787878788 0.0001688139 2.3181904755
-3.8787878788 0.0000034778 4.7180010852
-3.8787878788 0.0000011718 4.7180010852
-3.8787878788 0.0000000000 5.5849670943
-3.8787878788 0.0000000000 7.3138899612
-3.8787878788 0.0000000000 9.2926947442
-3.8787878788 0.0000000000 9.2926947442
-3.8787878788 0.0000000000 11.8267669236
-3.8787878788 0.0000000000 15.6985967894
-3.8787878788 0.0000000000 15.6985967894
-3.8787878788 0.0000000000 21.4223819720
-3.8787878788 -0.0000000286 73.1117186419
-3.8787878788 -0.0000019067 106.2077284453
-3.8787878788 -0.0000051284 123.9908006688
-3.8787878788 -0.0000096715 131.8053759642

-3.8181818182 0.9587228772 -9.7986130309
-3.8181818182 0.6844478537 -8.9380682144
-3.8181818182 0.2003115050 -7.4369697146
-3.8181818182 0.0172377931 -5.5846078050
-3.8181818182 0.0010605758 2.3787965361
-3.8181818182 0.0001688139 2.3787965361
-3.8181818182 0.0000034778 4.7786071458
-3.8181818182 0.0000011718 4.7786071458
-3.8181818182 0.0000000000 5.6455731549
-3.8181818182 0.0000000000 7.3744960218
-3.8181818182 0.0000000000 9.3533008048
-3.8181818182 0.0000000000 9.3533008048
-3.8181818182 0.0000000000 11.8873729842
-3.8181818182 0.0000000000 15.7592028500
-3.8181818182 0.0000000000 15.7592028500
-3.8181818182 0.0000000000 21.4829880326
-3.8181818182 -0.0000000286 73.1723247025
-3.8181818182 -0.0000019067 106.2683345059
-3.8181818182 -0.0000051284 124.0514067294
-3.8181818182 -0.0000096715 131.8659820248

-3.7575757576 0.9587228772 -9.7380069703
-3.7575757576 0.6844478537 -8.8774621538
-3.7575757576 0.2003115050 -7.3763636540
-3.7575757576 0.0172377931 -5.5240017444
-3.7575757576 0.0010605758 2.4394025967
-3.7575757576 0.0001688139 2.4394025967
-3.7575757576 0.0000034778 4.8392132064
-3.7575757576 0.0000011718 4.8392132064
-3.7575757576 0.0000000000 5.7061792155
-3.7575757576 0.0000000000 7.4351020824
-3.7575757576 0.0000000000 9.4139068654
-3.7575757576 0.0000000000 9.4139068654
-3.7575757576 0.0000000000 11.9479790448
-3.7575757576 0.0000000000 15.8198089107
-3.7575757576 0.0000000000 15.8198089107
-3.7575757576 0.0000000000 21.5435940932
-3.7575757576 -0.0000000286 73.2329307631
-3.7575757576 -0.0000019067 106.3289405665
-3.7575757576 -0.0000051284 124.1120127900
-3.7575757576 -0.0000096715 131.9265880854

-3.6969696970 0.9587228772 -9.6774009097
-3.6969696970 0.6844478537 -8.8168560932
-3.6969696970 0.2003115050 -7.3157575933
-3.6969696970 0.0172377931 -5.4633956838
-3.6969696970 0.0010605758 2.5000086573
-3.6969696970 0.0001688139 2.5000086573
-3.6969696970 0.0000034778 4.8998192670
-3.6969696970 0.0000011718 4.8998192670
-3.6969696970 0.0000000000 5.7667852761
-3.6969696970 0.0000000000 7.4957081430
-3.6969696970 0.0000000000 9.4745129260
-3.6969696970 0.0000000000 9.4745129260
-3.6969696970 0.0000000000 12.0085851054
-3.6969696970 0.0000000000 15.8804149713
-3.6969696970 0.0000000000 15.8804149713
-3.6969696970 0.0000000000 21.6042001538
-3.6969696970 -0.0000000286 73.2935368237
-3.6969696970 -0.0000019067 106.3895466271
-3.6969696970 -0.0000051284 124.1726188507
-3.6969696970 -0.0000096715 131.9871941460

-3.6363636364 0.9587228772 -9.6167948491
-3.6363636364 0.6844478537 -8.7562500326
-3.6363636364 0.2003115050 -7.2551515327
-3.6363636364 0.0172377931 -5.4027896232
-3.6363636364 0.0010605758 2.5606147179
-3.6363636364 0.0001688139 2.5606147179
-3.6363636364 0.0000034778 4.9604253276
-3.6363636364 0.0000011718 4.9604253276
-3.6363636364 0.0000000000 5.8273913367
-3.6363636364 0.0000000000 7.5563142036
-3.6363636364 0.0000000000 9.5351189866
-3.6363636364 0.0000000000 9.5351189866
-3.6363636364 0.0000000000 12.0691911660
-3.6363636364 0.0000000000 15.9410210319
-3.6363636364 0.0000000000 15.9410210319
-3.6363636364 0.0000000000 21.6648062144
-3.6363636364 -0.0000000286 73.3541428843
-3.6363636364 -0.0000019067 106.4501526877
-3.6363636364 -0.0000051284 124.2332249113
-3.6363636364 -0.0000096715 132.0478002066

-3.5757575758 0.9587228772 -9.5561887885
-3.5757575758 0.6844478537 -8.6956439720
-3.5757575758 0.2003115050 -7.1945454721
-3.5757575758 0.0172377931 -5.3421835626
-3.5757575758 0.0010605758 2.6212207785
-3.5757575758 0.0001688139 2.6212207785
-3.5757575758 0.0000034778 5.0210313882
-3.5757575758 0.0000011718 5.0210313882
-3.5757575758 0.0000000000 5.8879973973
-3.5757575758 0.0000000000 7.6169202642
-3.5757575758 0.0000000000 9.5957250472
-3.5757575758 0.0000000000 9.5957250472
-3.5757575758 0.0000000000 12.1297972266
-3.5757575758 0.0000000000 16.0016270925
-3.5757575758 0.0000000000 16.0016270925
-3.5757575758 0.0000000000 21.7254122750
-3.5757575758 -0.0000000286 73.4147489449
-3.5757575758 -0.0000019067 106.5107587483
-3.5757575758 -0.0000051284 124.2938309719
-3.5757575758 -0.0000096715 132.1084062672

-3.5151515152 0.9587228772 -9.4955827279
-3.5151515152 0.6844478537 -8.6350379114
-3.5151515152 0.2003115050 -7.1339394115
-3.5151515152 0.0172377931 -5.2815775019
-3.5151515152 0.0010605758 2.6818268391
-3.5151515152 0.0001688139 2.6818268391
-3.5151515152 0.0000034778 5.0816374489
-3.5151515152 0.0000011718 5.0816374489
-3.5151515152 0.0000000000 5.9486034579
-3.5151515152 0.0000000000 7.6775263248
-3.5151515152 0.0000000000 9.6563311078
-3.5151515152 0.0000000000 9.6563311078
-3.5151515152 0.0000000000 12.1904032872
-3.5151515152 0.0000000000 16.0622331531
-3.5151515152 0.0000000000 16.0622331531
-3.5151515152 0.0000000000 21.7860183356
-3.5151515152 -0.0000000286 73.4753550055
-3.5151515152 -0.0000019067 106.5713648089
-3.5151515152 -0.0000051284 124.3544370325
-3.5151515152 -0.0000096715 132.1690123279

-3.4545454545 0.9587228772 -9.4349766673
-3.4545454545 0.6844478537 -8.5744318508
-3.4545454545 0.2003115050 -7.0733333509
-3.4545454545 0.0172377931 -5.2209714413
-3.4545454545 0.0010605758 2.7424328997
-3.4545454545 0.0001688139 2.7424328997
-3.4545454545 0.0000034778 5.1422435095
-3.4545454545 0.0000011718 5.1422435095
-3.4545454545 0.0000000000 6.0092095185
-3.4545454545 0.0000000000 7.7381323855
-3.4545454545 0.0000000000 9.7169371685
-3.4545454545 0.0000000000 9.7169371685
-3.4545454545 0.0000000000 12.2510093478
-3.4545454545 0.0000000000 16.1228392137
-3.4545454545 0.0000000000 16.1228392137
-3.4545454545 0.0000000000 21.8466243962
-3.4545454545 -0.0000000286 73.5359610662
-3.4545454545 -0.0000019067 106.6319708695
-3.4545454545 -0.0000051284 124.4150430931
-3.4545454545 -0.0000096715 132.2296183885

-3.3939393939 0.9587228772 -9.3743706067
-3.3939393939 0.6844478537 -8.5138257902
-3.3939393939 0.2003115050 -7.0127272903
-3.3939393939 0.0172377931 -5.1603653807
-3.3939393939 0.0010605758 2.8030389603
-3.3939393939 0.0001688139 2.8030389603
-3.3939393939 0.0000034778 5.2028495701
-3.3939393939 0.0000011718 5.2028495701
-3.3939393939 0.0000000000 6.0698155791
-3.3939393939 0.0000000000 7.7987384461
-3.3939393939 0.0000000000 9.7775432291
-3.3939393939 0.0000000000 9.7775432291
-3.3939393939 0.0000000000 12.3116154085
-3.3939393939 0.0000000000 16.1834452743
-3.3939393939 0.0000000000 16.1834452743
-3.3939393939 0.0000000000 21.9072304568
-3.3939393939 -0.0000000286 73.5965671268
-3.3939393939 -0.0000019067 106.6925769301
-3.3939393939 -0.0000051284 124.4756491537
-3.3939393939 -0.0000096715 132.2902244491

-3.3333333333 0.9587228772 -9.3137645461
-3.3333333333 0.6844478537 -8.4532197296
-3.3333333333 0.2003115050 -6.9521212297
-3.3333333333 0.0172377931 -5.0997593201
-3.3333333333 0.0010605758 2.8636450209
-3.3333333333 0.0001688139 2.8636450209
-3.3333333333 0.0000034778 5.2634556307
-3.3333333333 0.0000011718 5.2634556307
-3.3333333333 0.0000000000 6.1304216397
-3.3333333333 0.0000000000 7.8593445067
-3.3333333333 0.0000000000 9.8381492897
-3.3333333333 0.0000000000 9.8381492897
-3.3333333333 0.0000000000 12.3722214691
-3.3333333333 0.0000000000 16.2440513349
-3.3333333333 0.0000000000 16.2440513349
-3.3333333333 0.0000000000 21.9678365174
-3.3333333333 -0.0000000286 73.6571731874
-3.3333333333 -0.0000019067 106.7531829907
-3.3333333333 -0.0000051284 124.5362552143
-3.3333333333 -0.0000096715 132.3508305097

-3.2727272727 0.9587228772 -9.2531584855
-3.2727272727 0.6844478537 -8.3926136690
-3.2727272727 0.2003115050 -6.8915151691
-3.2727272727 0.0172377931 -5.0391532595
-3.2727272727 0.0010605758 2.9242510815
-3.2727272727 0.0001688139 2.9242510815
-3.2727272727 0.0000034778 5.3240616913
-3.2727272727 0.0000011718 5.3240616913
-3.2727272727 0.0000000000 6.1910277003
-3.2727272727 0.0000000000 7.9199505673
-3.2727272727 0.0000000000 9.8987553503
-3.2727272727 0.0000000000 9.8987553503
-3.2727272727 0.0000000000 12.4328275297
-3.2727272727 0.0000000000 16.3046573955
-3.2727272727 0.0000000000 16.3046573955
-3.2727272727 0.0000000000 22.0284425780
-3.2727272727 -0.0000000286 73.7177792480
-3.2727272727 -0.0000019067 106.8137890514
-3.2727272727 -0.0000051284 124.5968612749
-3.2727272727 -0.0000096715 132.4114365703

-3.2121212121 0.9587228772 -9.1925524249
-3.2121212121 0.6844478537 -8.3320076084
-3.2121212121 0.2003115050 -6.8309091085
-3.2121212121 0.0172377931 -4.9785471989
-3.2121212121 0.0010605758 2.9848571421
-3.2121212121 0.0001688139 2.9848571421
-3.2121212121 0.0000034778 5.3846677519
-3.2121212121 0.0000011718 5.3846677519
-3.2121212121 0.0000000000 6.2516337609
-3.2121212121 0.0000000000 7.9805566279
-3.2121212121 0.0000000000 9.9593614109
-3.2121212121 0.0000000000 9.9593614109
-3.2121212121 0.0000000000 12.4934335903
-3.2121212121 0.0000000000 16.3652634561
-3.2121212121 0.0000000000 16.3652634561
-3.2121212121 0.0000000000 22.0890486386
-3.2121212121 -0.0000000286 73.7783853086
-3.2121212121 -0.0000019067 106.8743951120
-3.2121212121 -0.0000051284 124.6574673355
-3.2121212121 -0.0000096715 132.4720426309

-3.1515151515 0.9587228772 -9.1319463643
-3.1515151515 0.6844478537 -8.2714015478
-3.1515151515 0.2003115050 -6.7703030479
-3.1515151515 0.0172377931 -4.9179411383
-3.1515151515 0.0010605758 3.0454632027
-3.1515151515 0.0001688139 3.0454632027
-3.1515151515 0.0000034778 5.4452738125
-3.1515151515 0.0000011718 5.4452738125
-3.1515151515 0.0000000000 6.3122398215
-3.1515151515 0.0000000000 8.0411626885
-3.1515151515 0.0000000000 10.0199674715
-3.1515151515 0.0000000000 10.0199674715
-3.1515151515 0.0000000000 12.5540396509
-3.1515151515 0.0000000000 16.4258695167
-3.1515151515 0.0000000000 16.4258695167
-3.1515151515 0.0000000000 22.1496546992
-3.1515151515 -0.0000000286 73.8389913692
-3.1515151515 -0.0000019067 106.9350011726
-3.1515151515 -0.0000051284 124.7180733961
-3.1515151515 -0.0000096715 132.5326486915

-3.0909090909 0.9587228772 -9.0713403037
-3.0909090909 0.6844478537 -8.2107954872
-3.0909090909 0.2003115050 -6.7096969873
-3.0909090909 0.0172377931 -4.8573350777
-3.0909090909 0.0010605758 3.1060692634
-3.0909090909 0.0001688139 3.1060692634
-3.0909090909 0.0000034778 5.5058798731
-3.0909090909 0.0000011718 5.5058798731
-3.0909090909 0.0000000000 6.3728458821
-3.0909090909 0.0000000000 8.1017687491
-3.0909090909 0.0000000000 10.0805735321
-3.0909090909 0.0000000000 10.0805735321
-3.0909090909 0.0000000000 12.6146457115
-3.0909090909 0.0000000000 16.4864755773
-3.0909090909 0.0000000000 16.4864755773
-3.0909090909 0.0000000000 22.2102607598
-3.0909090909 -0.0000000286 73.8995974298
-3.0909090909 -0.0000019067 106.9956072332
-3.0909090909 -0.0000051284 124.7786794567
-3.0909090909 -0.0000096715 132.5932547521

-3.0303030303 0.9587228772 -9.0107342431
-3.0303030303 0.6844478537 -8.1501894266
-3.0303030303 0.2003115050 -6.6490909267
-3.0303030303 0.0172377931 -4.7967290171
-3.0303030303 0.0010605758 3.1666753240
-3.0303030303 0.0001688139 3.1666753240
-3.0303030303 0.0000034778 5.5664859337
-3.0303030303 0.0000011718 5.5664859337
-3.0303030303 0.0000000000 6.4334519427
-3.0303030303 0.0000000000 8.1623748097
-3.0303030303 0.0000000000 10.1411795927
-3.0303030303 0.0000000000 10.1411795927
-3.0303030303 0.0000000000 12.6752517721
-3.0303030303 0.0000000000 16.5470816379
-3.0303030303 0.0000000000 16.5470816379
-3.0303030303 0.0000000000 22.2708668205
-3.0303030303 -0.0000000286 73.9602034904
-3.0303030303 -0.0000019067 107.0562132938
-3.0303030303 -0.0000051284 124.8392855173
-3.0303030303 -0.0000096715 132.6538608127

-2.9696969697 0.9587228772 -8.9501281825
-2.9696969697 0.6844478537 -8.0895833659
-2.9696969697 0.2003115050 -6.5884848661
-2.9696969697 0.0172377931 -4.7361229565
-2.9696969697 0.0010605758 3.2272813846
-2.9696969697 0.0001688139 3.2272813846
-2.9696969697 0.0000034778 5.6270919943
-2.9696969697 0.0000011718 5.6270919943
-2.9696969697 0.0000000000 6.4940580033
-2.9696969697 0.0000000000 8.2229808703
-2.9696969697 0.0000000000 10.2017856533
-2.9696969697 0.0000000000 10.2017856533
-2.9696969697 0.0000000000 12.7358578327
-2.9696969697 0.0000000000 16.6076876985
-2.9696969697 0.0000000000 16.6076876985
-2.9696969697 0.0000000000 22.3314728811
-2.9696969697 -0.0000000286 74.0208095510
-2.9696969697 -0.0000019067 107.1168193544
-2.9696969697 -0.0000051284 124.8998915779
-2.9696969697 -0.0000096715 132.7144668733

-2.9090909091 0.9587228772 -8.8895221218
-2.9090909091 0.6844478537 -8.0289773053
-2.9090909091 0.2003115050 -6.5278788055
-2.9090909091 0.0172377931 -4.6755168959
-2.9090909091 0.0010605758 3.2878874452
-2.9090909091 0.0001688139 3.2878874452
-2.9090909091 0.0000034778 5.6876980549
-2.9090909091 0.0000011718 5.6876980549
-2.9090909091 0.0000000000 6.5546640639
-2.9090909091 0.0000000000 8.2835869309
-2.9090909091 0.0000000000 10.2623917139
-2.9090909091 0.0000000000 10.2623917139
-2.9090909091 0.0000000000 12.7964638933
-2.9090909091 0.0000000000 16.6682937591
-2.9090909091 0.0000000000 16.6682937591
-2.9090909091 0.0000000000 22.3920789417
-2.9090909091 -0.0000000286 74.0814156116
-2.9090909091 -0.0000019067 107.1774254150
-2.9090909091 -0.0000051284 124.9604976385
-2.9090909091 -0.0000096715 132.7750729339

-2.8484848485 0.9587228772 -8.8289160612
-2.8484848485 0.6844478537 -7.9683712447
-2.8484848485 0.2003115050 -6.4672727449
-2.8484848485 0.0172377931 -4.6149108353
-2.8484848485 0.0010605758 3.3484935058
-2.8484848485 0.0001688139 3.3484935058
-2.8484848485 0.0000034778 5.7483041155
-2.8484848485 0.0000011718 5.7483041155
-2.8484848485 0.0000000000 6.6152701246
-2.8484848485 0.0000000000 8.3441929915
-2.8484848485 0.0000000000 10.3229977745
-2.8484848485 0.0000000000 10.3229977745
-2.8484848485 0.0000000000 12.8570699539
-2.8484848485 0.0000000000 16.7288998197
-2.8484848485 0.0000000000 16.7288998197
-2.8484848485 0.0000000000 22.4526850023
-2.8484848485 -0.0000000286 74.1420216722
-2.8484848485 -0.0000019067 107.2380314756
-2.8484848485 -0.0000051284 125.0211036991
-2.8484848485 -0.0000096715 132.8356789945

-2.7878787879 0.9587228772 -8.7683100006
-2.7878787879 0.6844478537 -7.9077651841
-2.7878787879 0.2003115050 -6.4066666843
-2.7878787879 0.0172377931 -4.5543047747
-2.7878787879 0.0010605758 3.4090995664
-2.7878787879 0.0001688139 3.4090995664
-2.7878787879 0.0000034778 5.8089101761
-2.7878787879 0.0000011718 5.8089101761
-2.7878787879 0.0000000000 6.6758761852
-2.7878787879 0.0000000000 8.4047990521
-2.7878787879 0.0000000000 10.3836038351
-2.7878787879 0.0000000000 10.3836038351
-2.7878787879 0.0000000000 12.9176760145
-2.7878787879 0.0000000000 16.7895058803
-2.7878787879 0.0000000000 16.7895058803
-2.7878787879 0.0000000000 22.5132910629
-2.7878787879 -0.0000000286 74.2026277328
-2.7878787879 -0.0000019067 107.2986375362
-2.7878787879 -0.0000051284 125.0817097597
-2.7878787879 -0.0000096715 132.8962850551

-2.7272727273 0.9587228772 -8.7077039400
-2.7272727273 0.6844478537 -7.8471591235
-2.7272727273 0.2003115050 -6.3460606237
-2.7272727273 0.0172377931 -4.4936987141
-2.7272727273 0.0010605758 3.4697056270
-2.7272727273 0.0001688139 3.4697056270
-2.7272727273 0.0000034778 5.8695162367
-2.7272727273 0.0000011718 5.8695162367
-2.7272727273 0.0000000000 6.7364822458
-2.7272727273 0.0000000000 8.4654051127
-2.7272727273 0.0000000000 10.4442098957
-2.7272727273 0.0000000000 10.4442098957
-2.7272727273 0.0000000000 12.9782820751
-2.7272727273 0.0000000000 16.8501119410
-2.7272727273 0.0000000000 16.8501119410
-2.7272727273 0.0000000000 22.5738971235
-2.7272727273 -0.0000000286 74.2632337934
-2.7272727273 -0.0000019067 107.3592435968
-2.7272727273 -0.0000051284 125.1423158204
-2.7272727273 -0.0000096715 132.9568911157

-2.6666666667 0.9587228772 -8.6470978794
-2.6666666667 0.6844478537 -7.7865530629
-2.6666666667 0.2003115050 -6.2854545630
-2.6666666667 0.0172377931 -4.4330926535
-2.6666666667 0.0010605758 3.5303116876
-2.6666666667 0.0001688139 3.5303116876
-2.6666666667 0.0000034778 5.9301222973
-2.6666666667 0.0000011718 5.9301222973
-2.6666666667 0.0000000000 6.7970883064
-2.6666666667 0.0000000000 8.5260111733
-2.6666666667 0.0000000000 10.5048159563
-2.6666666667 0.0000000000 10.5048159563
-2.6666666667 0.0000000000 13.0388881357
-2.6666666667 0.0000000000 16.9107180016
-2.6666666667 0.0000000000 16.9107180016
-2.6666666667 0.0000000000 22.6345031841
-2.6666666667 -0.0000000286 74.3238398540
-2.6666666667 -0.0000019067 107.4198496574
-2.6666666667 -0.0000051284 125.2029218810
-2.6666666667 -0.0000096715 133.0174971763

-2.6060606061 0.9587228772 -8.5864918188
-2.6060606061 0.6844478537 -7.7259470023
-2.6060606061 0.2003115050 -6.2248485024
-2.6060606061 0.0172377931 -4.3724865929
-2.6060606061 0.0010605758 3.5909177482
-2.6060606061 0.0001688139 3.5909177482
-2.6060606061 0.0000034778 5.9907283579
-2.6060606061 0.0000011718 5.9907283579
-2.6060606061 0.0000000000 6.8576943670
-2.6060606061 0.0000000000 8.5866172339
-2.6060606061 0.0000000000 10.5654220169
-2.6060606061 0.0000000000 10.5654220169
-2.6060606061 0.0000000000 13.0994941963
-2.6060606061 0.0000000000 16.9713240622
-2.6060606061 0.0000000000 16.9713240622
-2.6060606061 0.0000000000 22.6951092447
-2.6060606061 -0.0000000286 74.3844459146
-2.6060606061 -0.0000019067 107.4804557180
-2.6060606061 -0.0000051284 125.2635279416
-2.6060606061 -0.0000096715 133.0781032369

-2.5454545455 0.9587228772 -8.5258857582
-2.5454545455 0.6844478537 -7.6653409417
-2.5454545455 0.2003115050 -6.1642424418
-2.5454545455 0.0172377931 -4.3118805323
-2.5454545455 0.0010605758 3.6515238088
-2.5454545455 0.0001688139 3.6515238088
-2.5454545455 0.0000034778 6.0513344185
-2.5454545455 0.0000011718 6.0513344185
-2.5454545455 0.0000000000 6.9183004276
-2.5454545455 0.0000000000 8.6472232945
-2.5454545455 0.0000000000 10.6260280775
-2.5454545455 0.0000000000 10.6260280775
-2.5454545455 0.0000000000 13.1601002569
-2.5454545455 0.0000000000 17.0319301228
-2.5454545455 0.0000000000 17.0319301228
-2.5454545455 0.0000000000 22.7557153053
-2.5454545455 -0.0000000286 74.4450519752
-2.5454545455 -0.0000019067 107.5410617786
-2.5454545455 -0.0000051284 125.3241340022
-2.5454545455 -0.0000096715 133.1387092976

-2.4848484848 0.9587228772 -8.4652796976
-2.4848484848 0.6844478537 -7.6047348811
-2.4848484848 0.2003115050 -6.1036363812
-2.4848484848 0.0172377931 -4.2512744716
-2.4848484848 0.0010605758 3.7121298694
-2.4848484848 0.0001688139 3.7121298694
-2.4848484848 0.0000034778 6.1119404792
-2.4848484848 0.0000011718 6.1119404792
-2.4848484848 0.0000000000 6.9789064882
-2.4848484848 0.0000000000 8.7078293551
-2.4848484848 0.0000000000 10.6866341381
-2.4848484848 0.0000000000 10.6866341381
-2.4848484848 0.0000000000 13.2207063175
-2.4848484848 0.0000000000 17.0925361834
-2.4848484848 0.0000000000 17.0925361834
-2.4848484848 0.0000000000 22.8163213659
-2.4848484848 -0.0000000286 74.5056580359
-2.4848484848 -0.0000019067 107.6016678392
-2.4848484848 -0.0000051284 125.3847400628
-2.4848484848 -0.0000096715 133.1993153582

-2.4242424242 0.9587228772 -8.4046736370
-2.4242424242 0.6844478537 -7.5441288205
-2.4242424242 0.2003115050 -6.0430303206
-2.4242424242 0.0172377931 -4.1906684110
-2.4242424242 0.0010605758 3.7727359300
-2.4242424242 0.0001688139 3.7727359300
-2.4242424242 0.0000034778 6.1725465398
-2.4242424242 0.0000011718 6.1725465398
-2.4242424242 0.0000000000 7.0395125488
-2.4242424242 0.0000000000 8.7684354158
-2.4242424242 0.0000000000 10.7472401988
-2.4242424242 0.0000000000 10.7472401988
-2.4242424242 0.0000000000 13.2813123781
-2.4242424242 0.0000000000 17.1531422440
-2.4242424242 0.0000000000 17.1531422440
-2.4242424242 0.0000000000 22.8769274265
-2.4242424242 -0.0000000286 74.5662640965
-2.4242424242 -0.0000019067 107.6622738998
-2.4242424242 -0.0000051284 125.4453461234
-2.4242424242 -0.0000096715 133.2599214188

-2.3636363636 0.9587228772 -8.3440675764
-2.3636363636 0.6844478537 -7.4835227599
-2.3636363636 0.2003115050 -5.9824242600
-2.3636363636 0.0172377931 -4.1300623504
-2.3636363636 0.0010605758 3.8333419906
-2.3636363636 0.0001688139 3.8333419906
-2.3636363636 0.0000034778 6.2331526004
-2.3636363636 0.0000011718 6.2331526004
-2.3636363636 0.0000000000 7.1001186094
-2.3636363636 0.0000000000 8.8290414764
-2.3636363636 0.0000000000 10.8078462594
-2.3636363636 0.0000000000 10.8078462594
-2.3636363636 0.0000000000 13.3419184388
-2.3636363636 0.0000000000 17.2137483046
-2.3636363636 0.0000000000 17.2137483046
-2.3636363636 0.0000000000 22.9375334871
-2.3636363636 -0.0000000286 74.6268701571
-2.3636363636 -0.0000019067 107.7228799604
-2.3636363636 -0.0000051284 125.5059521840
-2.3636363636 -0.0000096715 133.3205274794

-2.3030303030 0.9587228772 -8.2834615158
-2.3030303030 0.6844478537 -7.4229166993
-2.3030303030 0.2003115050 -5.9218181994
-2.3030303030 0.0172377931 -4.0694562898
-2.3030303030 0.0010605758 3.8939480512
-2.3030303030 0.0001688139 3.8939480512
-2.3030303030 0.0000034778 6.2937586610
-2.3030303030 0.0000011718 6.2937586610
-2.3030303030 0.0000000000 7.1607246700
-2.3030303030 0.0000000000 8.8896475370
-2.3030303030 0.0000000000 10.8684523200
-2.3030303030 0.0000000000 10.8684523200
-2.3030303030 0.0000000000 13.4025244994
-2.3030303030 0.0000000000 17.2743543652
-2.3030303030 0.0000000000 17.2743543652
-2.3030303030 0.0000000000 22.9981395477
-2.3030303030 -0.0000000286 74.6874762177
-2.3030303030 -0.0000019067 107.7834860210
-2.3030303030 -0.0000051284 125.5665582446
-2.3030303030 -0.0000096715 133.3811335400

-2.2424242424 0.9587228772 -8.2228554552
-2.2424242424 0.6844478537 -7.3623106387
-2.2424242424 0.2003115050 -5.8612121388
-2.2424242424 0.0172377931 -4.0088502292
-2.2424242424 0.0010605758 3.9545541118
-2.2424242424 0.0001688139 3.9545541118
-2.2424242424 0.0000034778 6.3543647216
-2.2424242424 0.0000011718 6.3543647216
-2.2424242424 0.0000000000 7.2213307306
-2.2424242424 0.0000000000 8.9502535976
-2.2424242424 0.0000000000 10.9290583806
-2.2424242424 0.0000000000 10.9290583806
-2.2424242424 0.0000000000 13.4631305600
-2.2424242424 0.0000000000 17.3349604258
-2.2424242424 0.0000000000 17.3349604258
-2.2424242424 0.0000000000 23.0587456083
-2.2424242424 -0.0000000286 74.7480822783
-2.2424242424 -0.0000019067 107.8440920817
-2.2424242424 -0.0000051284 125.6271643052
-2.2424242424 -0.0000096715 133.4417396006

-2.1818181818 0.9587228772 -8.1622493946
-2.1818181818 0.6844478537 -7.3017045781
-2.1818181818 0.2003115050 -5.8006060782
-2.1818181818 0.0172377931 -3.9482441686
-2.1818181818 0.0010605758 4.0151601724
-2.1818181818 0.0001688139 4.0151601724
-2.1818181818 0.0000034778 6.4149707822
-2.1818181818 0.0000011718 6.4149707822
-2.1818181818 0.0000000000 7.2819367912
-2.1818181818 0.0000000000 9.0108596582
-2.1818181818 0.0000000000 10.9896644412
-2.1818181818 0.0000000000 10.9896644412
-2.1818181818 0.0000000000 13.5237366206
-2.1818181818 0.0000000000 17.3955664864
-2.1818181818 0.0000000000 17.3955664864
-2.1818181818 0.0000000000 23.1193516689
-2.1818181818 -0.0000000286 74.8086883389
-2.1818181818 -0.0000019067 107.9046981423
-2.1818181818 -0.0000051284 125.6877703658
-2.1818181818 -0.0000096715 133.5023456612

-2.1212121212 0.9587228772 -8.1016433340
-2.1212121212 0.6844478537 -7.2410985175
-2.1212121212 0.2003115050 -5.7400000176
-2.1212121212 0.0172377931 -3.8876381080
-2.1212121212 0.0010605758 4.0757662330
-2.1212121212 0.0001688139 4.0757662330
-2.1212121212 0.0000034778 6.4755768428
-2.1212121212 0.0000011718 6.4755768428
-2.1212121212 0.0000000000 7.3425428518
-2.1212121212 0.0000000000 9.0714657188
-2.1212121212 0.0000000000 11.0502705018
-2.1212121212 0.0000000000 11.0502705018
-2.1212121212 0.0000000000 13.5843426812
-2.1212121212 0.0000000000 17.4561725470
-2.1212121212 0.0000000000 17.4561725470
-2.1212121212 0.0000000000 23.1799577295
-2.1212121212 -0.0000000286 74.8692943995
-2.1212121212 -0.0000019067 107.9653042029
-2.1212121212 -0.0000051284 125.7483764264
-2.1212121212 -0.0000096715 133.5629517218

-2.0606060606 0.9587228772 -8.0410372734
-2.0606060606 0.6844478537 -7.1804924569
-2.0606060606 0.2003115050 -5.6793939570
-2.0606060606 0.0172377931 -3.8270320474
-2.0606060606 0.0010605758 4.1363722937
-2.0606060606 0.0001688139 4.1363722937
-2.0606060606 0.0000034778 6.5361829034
-2.0606060606 0.0000011718 6.5361829034
-2.0606060606 0.0000000000 7.4031489124
-2.0606060606 0.0000000000 9.1320717794
-2.0606060606 0.0000000000 11.1108765624
-2.0606060606 0.0000000000 11.1108765624
-2.0606060606 0.0000000000 13.6449487418
-2.0606060606 0.0000000000 17.5167786076
-2.0606060606 0.0000000000 17.5167786076
-2.0606060606 0.0000000000 23.2405637902
-2.0606060606 -0.0000000286 74.9299004601
-2.0606060606 -0.0000019067 108.0259102635
-2.0606060606 -0.0000051284 125.8089824870
-2.0606060606 -0.0000096715 133.6235577824

-2.0000000000 0.9587228772 -7.9804312128
-2.0000000000 0.6844478537 -7.1198863963
-2.0000000000 0.2003115050 -5.6187878964
-2.0000000000 0.0172377931 -3.7664259868
-2.0000000000 0.0010605758 4.1969783543
-2.0000000000 0.0001688139 4.1969783543
-2.0000000000 0.0000034778 6.5967889640
-2.0000000000 0.0000011718 6.5967889640
-2.0000000000 0.0000000000 7.4637549730
-2.0000000000 0.0000000000 9.1926778400
-2.0000000000 0.0000000000 11.1714826230
-2.0000000000 0.0000000000 11.1714826230
-2.0000000000 0.0000000000 13.7055548024
-2.0000000000 0.0000000000 17.5773846682
-2.0000000000 0.0000000000 17.5773846682
-2.0000000000 0.0000000000 23.3011698508
-2.0000000000 -0.0000000286 74.9905065207
-2.0000000000 -0.0000019067 108.0865163241
-2.0000000000 -0.0000051284 125.8695885476
-2.0000000000 -0.0000096715 133.6841638430

-1.9393939394 0.9587228772 -7.9198251522
-1.9393939394 0.6844478537 -7.0592803356
-1.9393939394 0.2003115050 -5.5581818358
-1.9393939394 0.0172377931 -3.7058199262
-1.9393939394 0.0010605758 4.2575844149
-1.9393939394 0.0001688139 4.2575844149
-1.9393939394 0.0000034778 6.6573950246
-1.9393939394 0.0000011718 6.6573950246
-1.9393939394 0.0000000000 7.5243610336
-1.9393939394 0.0000000000 9.2532839006
-1.9393939394 0.0000000000 11.2320886836
-1.9393939394 0.0000000000 11.2320886836
-1.9393939394 0.0000000000 13.7661608630
-1.9393939394 0.0000000000 17.6379907288
-1.9393939394 0.0000000000 17.6379907288
-1.9393939394 0.0000000000 23.3617759114
-1.9393939394 -0.0000000286 75.0511125813
-1.9393939394 -0.0000019067 108.1471223847
-1.9393939394 -0.0000051284 125.9301946082
-1.9393939394 -0.0000096715 133.7447699036

-1.8787878788 0.9587228772 -7.8592190915
-1.8787878788 0.6844478537 -6.9986742750
-1.8787878788 0.2003115050 -5.4975757752
-1.8787878788 0.0172377931 -3.6452138656
-1.8787878788 0.0010605758 4.3181904755
-1.8787878788 0.0001688139 4.3181904755
-1.8787878788 0.0000034778 6.7180010852
-1.8787878788 0.0000011718 6.7180010852
-1.8787878788 0.0000000000 7.5849670943
-1.8787878788 0.0000000000 9.3138899612
-1.8787878788 0.0000000000 11.2926947442
-1.8787878788 0.0000000000 11.2926947442
-1.8787878788 0.0000000000 13.8267669236
-1.8787878788 0.0000000000 17.6985967894
-1.8787878788 0.0000000000 17.6985967894
-1.8787878788 0.0000000000 23.4223819720
-1.8787878788 -0.0000000286 75.1117186419
-1.8787878788 -0.0000019067 108.2077284453
-1.8787878788 -0.0000051284 125.9908006688
-1.8787878788 -0.0000096715 133.8053759642

-1.8181818182 0.9587228772 -7.7986130309
-1.8181818182 0.6844478537 -6.9380682144
-1.8181818182 0.2003115050 -5.4369697146
-1.8181818182 0.0172377931 -3.5846078050
-1.8181818182 0.0010605758 4.3787965361
-1.8181818182 0.0001688139 4.3787965361
-1.8181818182 0.0000034778 6.7786071458
-1.8181818182 0.0000011718 6.7786071458
-1.8181818182 0.0000000000 7.6455731549
-1.8181818182 0.0000000000 9.3744960218
-1.8181818182 0.0000000000 11.3533008048
-1.8181818182 0.0000000000 11.3533008048
-1.8181818182 0.0000000000 13.8873729842
-1.8181818182 0.0000000000 17.7592028500
-1.8181818182 0.0000000000 17.7592028500
-1.8181818182 0.0000000000 23.4829880326
-1.8181818182 -0.0000000286 75.1723247025
-1.8181818182 -0.0000019067 108.2683345059
-1.8181818182 -0.0000051284 126.0514067294
-1.8181818182 -0.0000096715 133.8659820248

-1.7575757576 0.9587228772 -7.7380069703
-1.7575757576 0.6844478537 -6.8774621538
-1.7575757576 0.2003115050 -5.3763636540
-1.7575757576 0.0172377931 -3.5240017444
-1.7575757576 0.0010605758 4.4394025967
-1.7575757576 0.0001688139 4.4394025967
-1.7575757576 0.0000034778 6.8392132064
-1.7575757576 0.0000011718 6.8392132064
-1.7575757576 0.0000000000 7.7061792155
-1.7575757576 0.0000000000 9.4351020824
-1.7575757576 0.0000000000 11.4139068654
-1.7575757576 0.0000000000 11.4139068654
-1.7575757576 0.0000000000 13.9479790448
-1.7575757576 0.0000000000 17.8198089107
-1.7575757576 0.0000000000 17.8198089107
-1.7575757576 0.0000000000 23.5435940932
-1.7575757576 -0.0000000286 75.2329307631
-1.7575757576 -0.0000019067 108.3289405665
-1.7575757576 -0.0000051284 126.1120127900
-1.7575757576 -0.0000096715 133.9265880854

-1.6969696970 0.9587228772 -7.6774009097
-1.6969696970 0.6844478537 -6.8168560932
-1.6969696970 0.2003115050 -5.3157575933
-1.6969696970 0.0172377931 -3.4633956838
-1.6969696970 0.0010605758 4.5000086573
-1.6969696970 0.0001688139 4.5000086573
-1.6969696970 0.0000034778 6.8998192670
-1.6969696970 0.0000011718 6.8998192670
-1.6969696970 0.0000000000 7.7667852761
-1.6969696970 0.0000000000 9.4957081430
-1.6969696970 0.0000000000 11.4745129260
-1.6969696970 0.0000000000 11.4745129260
-1.6969696970 0.0000000000 14.0085851054
-1.6969696970 0.0000000000 17.8804149713
-1.6969696970 0.0000000000 17.8804149713
-1.6969696970 0.0000000000 23.6042001538
-1.6969696970 -0.0000000286 75.2935368237
-1.6969696970 -0.0000019067 108.3895466271
-1.6969696970 -0.0000051284 126.1726188507
-1.6969696970 -0.0000096715 133.9871941460

-1.6363636364 0.9587228772 -7.6167948491
-1.6363636364 0.6844478537 -6.7562500326
-1.6363636364 0.2003115050 -5.2551515327
-1.6363636364 0.0172377931 -3.4027896232
-1.6363636364 0.0010605758 4.5606147179
-1.6363636364 0.0001688139 4.5606147179
-1.6363636364 0.0000034778 6.9604253276
-1.6363636364 0.0000011718 6.9604253276
-1.6363636364 0.0000000000 7.8273913367
-1.6363636364 0.0000000000 9.5563142036
-1.6363636364 0.0000000000 11.5351189866
-1.6363636364 0.0000000000 11.5351189866
-1.6363636364 0.0000000000 14.0691911660
-1.6363636364 0.0000000000 17.9410210319
-1.6363636364 0.0000000000 17.9410210319
-1.6363636364 0.0000000000 23.6648062144
-1.6363636364 -0.0000000286 75.3541428843
-1.6363636364 -0.0000019067 108.4501526877
-1.6363636364 -0.0000051284 126.2332249113
-1.6363636364 -0.0000096715 134.0478002066

-1.5757575758 0.9587228772 -7.5561887885
-1.5757575758 0.6844478537 -6.6956439720
-1.5757575758 0.2003115050 -5.1945454721
-1.5757575758 0.0172377931 -3.3421835626
-1.5757575758 0.0010605758 4.6212207785
-1.5757575758 0.0001688139 4.6212207785
-1.5757575758 0.0000034778 7.0210313882
-1.5757575758 0.0000011718 7.0210313882
-1.5757575758 0.0000000000 7.8879973973
-1.5757575758 0.0000000000 9.6169202642
-1.5757575758 0.0000000000 11.5957250472
-1.5757575758 0.0000000000 11.5957250472
-1.5757575758 0.0000000000 14.1297972266
-1.5757575758 0.0000000000 18.0016270925
-1.5757575758 0.0000000000 18.0016270925
-1.5757575758 0.0000000000 23.7254122750
-1.5757575758 -0.0000000286 75.4147489449
-1.5757575758 -0.0000019067 108.5107587483
-1.5757575758 -0.0000051284 126.2938309719
-1.5757575758 -0.0000096715 134.1084062672

-1.5151515152 0.9587228772 -7.4955827279
-1.5151515152 0.6844478537 -6.6350379114
-1.5151515152 0.2003115050 -5.1339394115
-1.5151515152 0.0172377931 -3.2815775019
-1.5151515152 0.0010605758 4.6818268391
-1.5151515152 0.0001688139 4.6818268391
-1.5151515152 0.0000034778 7.0816374489
-1.5151515152 0.0000011718 7.0816374489
-1.5151515152 0.0000000000 7.9486034579
-1.5151515152 0.0000000000 9.6775263248
-1.5151515152 0.0000000000 11.6563311078
-1.5151515152 0.0000000000 11.6563311078
-1.5151515152 0.0000000000 14.1904032872
-1.5151515152 0.0000000000 18.0622331531
-1.5151515152 0.0000000000 18.0622331531
-1.5151515152 0.0000000000 23.7860183356
-1.5151515152 -0.0000000286 75.4753550055
-1.5151515152 -0.0000019067 108.5713648089
-1.5151515152 -0.0000051284 126.3544370325
-1.5151515152 -0.0000096715 134.1690123279

-1.4545454545 0.9587228772 -7.4349766673
-1.4545454545 0.6844478537 -6.5744318508
-1.4545454545 0.2003115050 -5.0733333509
-1.4545454545 0.0172377931 -3.2209714413
-1.4545454545 0.0010605758 4.7424328997
-1.4545454545 0.0001688139 4.7424328997
-1.4545454545 0.0000034778 7.1422435095
-1.4545454545 0.0000011718 7.1422435095
-1.4545454545 0.0000000000 8.0092095185
-1.4545454545 0.0000000000 9.7381323855
-1.4545454545 0.0000000000 11.7169371685
-1.4545454545 0.0000000000 11.7169371685
-1.4545454545 0.0000000000 14.2510093478
-1.4545454545 0.0000000000 18.1228392137
-1.4545454545 0.0000000000 18.1228392137
-1.4545454545 0.0000000000 23.8466243962
-1.4545454545 -0.0000000286 75.5359610662
-1.4545454545 -0.0000019067 108.6319708695
-1.4545454545 -0.0000051284 126.4150430931
-1.4545454545 -0.0000096715 134.2296183885

-1.3939393939 0.9587228772 -7.3743706067
-1.3939393939 0.6844478537 -6.5138257902
-1.3939393939 0.2003115050 -5.0127272903
-1.3939393939 0.0172377931 -3.1603653807
-1.3939393939 0.0010605758 4.8030389603
-1.3939393939 0.0001688139 4.8030389603
-1.3939393939 0.0000034778 7.2028495701
-1.3939393939 0.0000011718 7.2028495701
-1.3939393939 0.0000000000 8.0698155791
-1.3939393939 0.0000000000 9.7987384461
-1.3939393939 0.0000000000 11.7775432291
-1.3939393939 0.0000000000 11.7775432291
-1.3939393939 0.0000000000 14.3116154085
-1.3939393939 0.0000000000 18.1834452743
-1.3939393939 0.0000000000 18.1834452743
-1.3939393939 0.0000000000 23.9072304568
-1.3939393939 -0.0000000286 75.5965671268
-1.3939393939 -0.0000019067 108.6925769301
-1.3939393939 -0.0000051284 126.4756491537
-1.3939393939 -0.0000096715 134.2902244491

-1.3333333333 0.9587228772 -7.3137645461
-1.3333333333 0.6844478537 -6.4532197296
-1.3333333333 0.2003115050 -4.9521212297
-1.3333333333 0.0172377931 -3.0997593201
-1.3333333333 0.0010605758 4.8636450209
-1.3333333333 0.0001688139 4.8636450209
-1.3333333333 0.0000034778 7.2634556307
-1.3333333333 0.0000011718 7.2634556307
-1.3333333333 0.0000000000 8.1304216397
-1.3333333333 0.0000000000 9.8593445067
-1.3333333333 0.0000000000 11.8381492897
-1.3333333333 0.0000000000 11.8381492897
-1.3333333333 0.0000000000 14.3722214691
-1.3333333333 0.0000000000 18.2440513349
-1.3333333333 0.0000000000 18.2440513349
-1.3333333333 0.0000000000 23.9678365174
-1.3333333333 -0.0000000286 75.6571731874
-1.3333333333 -0.0000019067 108.7531829907
-1.3333333333 -0.0000051284 126.5362552143
-1.3333333333 -0.0000096715 134.3508305097

-1.2727272727 0.9587228772 -7.2531584855
-1.2727272727 0.6844478537 -6.3926136690
-1.2727272727 0.2003115050 -4.8915151691
-1.2727272727 0.0172377931 -3.0391532595
-1.2727272727 0.0010605758 4.9242510815
-1.2727272727 0.0001688139 4.9242510815
-1.2727272727 0.0000034778 7.3240616913
-1.2727272727 0.0000011718 7.3240616913
-1.2727272727 0.0000000000 8.1910277003
-1.2727272727 0.0000000000 9.9199505673
-1.2727272727 0.0000000000 11.8987553503
-1.2727272727 0.0000000000 11.8987553503
-1.2727272727 0.0000000000 14.4328275297
-1.2727272727 0.0000000000 18.3046573955
-1.2727272727 0.0000000000 18.3046573955
-1.2727272727 0.0000000000 24.0284425780
-1.2727272727 -0.0000000286 75.7177792480
-1.2727272727 -0.0000019067 108.8137890514
-1.2727272727 -0.0000051284 126.5968612749
-1.2727272727 -0.0000096715 134.4114365703

-1.2121212121 0.9587228772 -7.1925524249
-1.2121212121 0.6844478537 -6.3320076084
-1.2121212121 0.2003115050 -4.8309091085
-1.2121212121 0.0172377931 -2.9785471989
-1.2121212121 0.0010605758 4.9848571421
-1.2121212121 0.0001688139 4.9848571421
-1.2121212121 0.0000034778 7.3846677519
-1.2121212121 0.0000011718 7.3846677519
-1.2121212121 0.0000000000 8.2516337609
-1.2121212121 0.0000000000 9.9805566279
-1.2121212121 0.0000000000 11.9593614109
-1.2121212121 0.0000000000 11.9593614109
-1.2121212121 0.0000000000 14.4934335903
-1.2121212121 0.0000000000 18.3652634561
-1.2121212121 0.0000000000 18.3652634561
-1.2121212121 0.0000000000 24.0890486386
-1.2121212121 -0.0000000286 75.7783853086
-1.2121212121 -0.0000019067 108.8743951120
-1.2121212121 -0.0000051284 126.6574673355
-1.2121212121 -0.0000096715 134.4720426309

-1.1515151515 0.9587228772 -7.1319463643
-1.1515151515 0.6844478537 -6.2714015478
-1.1515151515 0.2003115050 -4.7703030479
-1.1515151515 0.0172377931 -2.9179411383
-1.1515151515 0.0010605758 5.0454632027
-1.1515151515 0.0001688139 5.0454632027
-1.1515151515 0.0000034778 7.4452738125
-1.1515151515 0.0000011718 7.4452738125
-1.1515151515 0.0000000000 8.3122398215
-1.1515151515 0.0000000000 10.0411626885
-1.1515151515 0.0000000000 12.0199674715
-1.1515151515 0.0000000000 12.0199674715
-1.1515151515 0.0000000000 14.5540396509
-1.1515151515 0.0000000000 18.4258695167
-1.1515151515 0.0000000000 18.4258695167
-1.1515151515 0.0000000000 24.1496546992
-1.1515151515 -0.0000000286 75.8389913692
-1.1515151515 -0.0000019067 108.9350011726
-1.1515151515 -0.0000051284 126.7180733961
-1.1515151515 -0.0000096715 134.5326486915

-1.0909090909 0.9587228772 -7.0713403037
-1.0909090909 0.6844478537 -6.2107954872
-1.0909090909 0.2003115050 -4.7096969873
-1.0909090909 0.0172377931 -2.8573350777
-1.0909090909 0.0010605758 5.1060692634
-1.0909090909 0.0001688139 5.1060692634
-1.0909090909 0.0000034778 7.5058798731
-1.0909090909 0.0000011718 7.5058798731
-1.0909090909 0.0000000000 8.3728458821
-1.0909090909 0.0000000000 10.1017687491
-1.0909090909 0.0000000000 12.0805735321
-1.0909090909 0.0000000000 12.0805735321
-1.0909090909 0.0000000000 14.6146457115
-1.0909090909 0.0000000000 18.4864755773
-1.0909090909 0.0000000000 18.4864755773
-1.0909090909 0.0000000000 24.2102607598
-1.0909090909 -0.0000000286 75.8995974298
-1.0909090909 -0.0000019067 108.9956072332
-1.0909090909 -0.0000051284 126.7786794567
-1.0909090909 -0.0000096715 134.5932547521

-1.0303030303 0.9587228772 -7.0107342431
-1.0303030303 0.6844478537 -6.1501894266
-1.0303030303 0.2003115050 -4.6490909267
-1.0303030303 0.0172377931 -2.7967290171
-1.0303030303 0.0010605758 5.1666753240
-1.0303030303 0.0001688139 5.1666753240
-1.0303030303 0.0000034778 7.5664859337
-1.0303030303 0.0000011718 7.5664859337
-1.0303030303 0.0000000000 8.4334519427
-1.0303030303 0.0000000000 10.1623748097
-1.0303030303 0.0000000000 12.1411795927
-1.0303030303 0.0000000000 12.1411795927
-1.0303030303 0.0000000000 14.6752517721
-1.0303030303 0.0000000000 18.5470816379
-1.0303030303 0.0000000000 18.5470816379
-1.0303030303 0.0000000000 24.2708668205
-1.0303030303 -0.0000000286 75.9602034904
-1.0303030303 -0.0000019067 109.0562132938
-1.0303030303 -0.0000051284 126.8392855173
-1.0303030303 -0.0000096715 134.6538608127

-0.9696969697 0.9587228772 -6.9501281825
-0.9696969697 0.6844478537 -6.0895833659
-0.9696969697 0.2003115050 -4.5884848661
-0.9696969697 0.0172377931 -2.7361229565
-0.9696969697 0.0010605758 5.2272813846
-0.9696969697 0.0001688139 5.2272813846
-0.9696969697 0.0000034778 7.6270919943
-0.9696969697 0.0000011718 7.6270919943
-0.9696969697 0.0000000000 8.4940580033
-0.9696969697 0.0000000000 10.2229808703
-0.9696969697 0.0000000000 12.2017856533
-0.9696969697 0.0000000000 12.2017856533
-0.9696969697 0.0000000000 14.7358578327
-0.9696969697 0.0000000000 18.6076876985
-0.9696969697 0.0000000000 18.6076876985
-0.9696969697 0.0000000000 24.3314728811
-0.9696969697 -0.0000000286 76.0208095510
-0.9696969697 -0.0000019067 109.1168193544
-0.9696969697 -0.0000051284 126.8998915779
-0.9696969697 -0.0000096715 134.7144668733

-0.9090909091 0.9587228772 -6.8895221218
-0.9090909091 0.6844478537 -6.0289773053
-0.9090909091 0.2003115050 -4.5278788055
-0.9090909091 0.0172377931 -2.6755168959
-0.9090909091 0.0010605758 5.2878874452
-0.9090909091 0.0001688139 5.2878874452
-0.9090909091 0.0000034778 7.6876980549
-0.9090909091 0.0000011718 7.6876980549
-0.9090909091 0.0000000000 8.5546640639
-0.9090909091 0.0000000000 10.2835869309
-0.9090909091 0.0000000000 12.2623917139
-0.9090909091 0.0000000000 12.2623917139
-0.9090909091 0.0000000000 14.7964638933
-0.9090909091 0.0000000000 18.6682937591
-0.9090909091 0.0000000000 18.6682937591
-0.9090909091 0.0000000000 24.3920789417
-0.9090909091 -0.0000000286 76.0814156116
-0.9090909091 -0.0000019067 109.1774254150
-0.9090909091 -0.0000051284 126.9604976385
-0.9090909091 -0.0000096715 134.7750729339

-0.8484848485 0.9587228772 -6.8289160612
-0.8484848485 0.6844478537 -5.9683712447
-0.8484848485 0.2003115050 -4.4672727449
-0.8484848485 0.0172377931 -2.6149108353
-0.8484848485 0.0010605758 5.3484935058
-0.8484848485 0.0001688139 5.3484935058
-0.8484848485 0.0000034778 7.7483041155
-0.8484848485 0.0000011718 7.7483041155
-0.8484848485 0.0000000000 8.6152701246
-0.8484848485 0.0000000000 10.3441929915
-0.8484848485 0.0000000000 12.3229977745
-0.8484848485 0.0000000000 12.3229977745
-0.8484848485 0.0000000000 14.8570699539
-0.8484848485 0.0000000000 18.7288998197
-0.8484848485 0.0000000000 18.7288998197
-0.8484848485 0.0000000000 24.4526850023
-0.8484848485 -0.0000000286 76.1420216722
-0.8484848485 -0.0000019067 109.2380314756
-0.8484848485 -0.0000051284 127.0211036991
-0.8484848485 -0.0000096715 134.8356789945

-0.7878787879 0.9587228772 -6.7683100006
-0.7878787879 0.6844478537 -5.9077651841
-0.7878787879 0.2003115050 -4.4066666843
-0.7878787879 0.0172377931 -2.5543047747
-0.7878787879 0.0010605758 5.4090995664
-0.7878787879 0.0001688139 5.4090995664
-0.7878787879 0.0000034778 7.8089101761
-0.7878787879 0.0000011718 7.8089101761
-0.7878787879 0.0000000000 8.6758761852
-0.7878787879 0.0000000000 10.4047990521
-0.7878787879 0.0000000000 12.3836038351
-0.7878787879 0.0000000000 12.3836038351
-0.7878787879 0.0000000000 14.9176760145
-0.7878787879 0.0000000000 18.7895058803
-0.7878787879 0.0000000000 18.7895058803
-0.7878787879 0.0000000000 24.5132910629
-0.7878787879 -0.0000000286 76.2026277328
-0.7878787879 -0.0000019067 109.2986375362
-0.7878787879 -0.0000051284 127.0817097597
-0.7878787879 -0.0000096715 134.8962850551

-0.7272727273 0.9587228772 -6.7077039400
-0.7272727273 0.6844478537 -5.8471591235
-0.7272727273 0.2003115050 -4.3460606237
-0.7272727273 0.0172377931 -2.4936987141
-0.7272727273 0.0010605758 5.4697056270
-0.7272727273 0.0001688139 5.4697056270
-0.7272727273 0.0000034778 7.8695162367
-0.7272727273 0.0000011718 7.8695162367
-0.7272727273 0.0000000000 8.7364822458
-0.7272727273 0.0000000000 10.4654051127
-0.7272727273 0.0000000000 12.4442098957
-0.7272727273 0.0000000000 12.4442098957
-0.7272727273 0.0000000000 14.9782820751
-0.7272727273 0.0000000000 18.8501119410
-0.7272727273 0.0000000000 18.8501119410
-0.7272727273 0.0000000000 24.5738971235
-0.7272727273 -0.0000000286 76.2632337934
-0.7272727273 -0.0000019067 109.3592435968
-0.7272727273 -0.0000051284 127.1423158204
-0.7272727273 -0.0000096715 134.9568911157

-0.6666666667 0.9587228772 -6.6470978794
-0.6666666667 0.6844478537 -5.7865530629
-0.6666666667 0.2003115050 -4.2854545630
-0.6666666667 0.0172377931 -2.4330926535
-0.6666666667 0.0010605758 5.5303116876
-0.6666666667 0.0001688139 5.5303116876
-0.6666666667 0.0000034778 7.9301222973
-0.6666666667 0.0000011718 7.9301222973
-0.6666666667 0.0000000000 8.7970883064
-0.6666666667 0.0000000000 10.5260111733
-0.6666666667 0.0000000000 12.5048159563
-0.6666666667 0.0000000000 12.5048159563
-0.6666666667 0.0000000000 15.0388881357
-0.6666666667 0.0000000000 18.9107180016
-0.6666666667 0.0000000000 18.9107180016
-0.6666666667 0.0000000000 24.6345031841
-0.6666666667 -0.0000000286 76.3238398540
-0.6666666667 -0.0000019067 109.4198496574
-0.6666666667 -0.0000051284 127.2029218810
-0.6666666667 -0.0000096715 135.0174971763

-0.6060606061 0.9587228772 -6.5864918188
-0.6060606061 0.6844478537 -5.7259470023
-0.6060606061 0.2003115050 -4.2248485024
-0.6060606061 0.0172377931 -2.3724865929
-0.6060606061 0.0010605758 5.5909177482
-0.6060606061 0.0001688139 5.5909177482
-0.6060606061 0.0000034778 7.9907283579
-0.6060606061 0.0000011718 7.9907283579
-0.6060606061 0.0000000000 8.8576943670
-0.6060606061 0.0000000000 10.5866172339
-0.6060606061 0.0000000000 12.5654220169
-0.6060606061 0.0000000000 12.5654220169
-0.6060606061 0.0000000000 15.0994941963
-0.6060606061 0.0000000000 18.9713240622
-0.6060606061 0.0000000000 18.9713240622
-0.6060606061 0.0000000000 24.6951092447
-0.6060606061 -0.0000000286 76.3844459146
-0.6060606061 -0.0000019067 109.4804557180
-0.6060606061 -0.0000051284 127.2635279416
-0.6060606061 -0.0000096715 135.0781032369

-0.5454545455 0.9587228772 -6.5258857582
-0.5454545455 0.6844478537 -5.6653409417
-0.5454545455 0.2003115050 -4.1642424418
-0.5454545455 0.0172377931 -2.3118805323
-0.5454545455 0.0010605758 5.6515238088
-0.5454545455 0.0001688139 5.6515238088
-0.5454545455 0.0000034778 8.0513344185
-0.5454545455 0.0000011718 8.0513344185
-0.5454545455 0.0000000000 8.9183004276
-0.5454545455 0.0000000000 10.6472232945
-0.5454545455 0.0000000000 12.6260280775
-0.5454545455 0.0000000000 12.6260280775
-0.5454545455 0.0000000000 15.1601002569
-0.5454545455 0.0000000000 19.0319301228
-0.5454545455 0.0000000000 19.0319301228
-0.5454545455 0.0000000000 24.7557153053
-0.5454545455 -0.0000000286 76.4450519752
-0.5454545455 -0.0000019067 109.5410617786
-0.5454545455 -0.0000051284 127.3241340022
-0.5454545455 -0.0000096715 135.1387092975

-0.4848484848 0.9587228772 -6.4652796976
-0.4848484848 0.6844478537 -5.6047348811
-0.4848484848 0.2003115050 -4.1036363812
-0.4848484848 0.0172377931 -2.2512744716
-0.4848484848 0.0010605758 5.7121298694
-0.4848484848 0.0001688139 5.7121298694
-0.4848484848 0.0000034778 8.1119404792
-0.4848484848 0.0000011718 8.1119404792
-0.4848484848 0.0000000000 8.9789064882
-0.4848484848 0.0000000000 10.7078293551
-0.4848484848 0.0000000000 12.6866341381
-0.4848484848 0.0000000000 12.6866341381
-0.4848484848 0.0000000000 15.2207063175
-0.4848484848 0.0000000000 19.0925361834
-0.4848484848 0.0000000000 19.0925361834
-0.4848484848 0.0000000000 24.8163213659
-0.4848484848 -0.0000000286 76.5056580359
-0.4848484848 -0.0000019067 109.6016678392
-0.4848484848 -0.0000051284 127.3847400628
-0.4848484848 -0.0000096715 135.1993153582

-0.4242424242 0.9587228772 -6.4046736370
-0.4242424242 0.6844478537 -5.5441288205
-0.4242424242 0.2003115050 -4.0430303206
-0.4242424242 0.0172377931 -2.1906684110
-0.4242424242 0.0010605758 5.7727359300
-0.4242424242 0.0001688139 5.7727359300
-0.4242424242 0.0000034778 8.1725465398
-0.4242424242 0.0000011718 8.1725465398
-0.4242424242 0.0000000000 9.0395125488
-0.4242424242 0.0000000000 10.7684354158
-0.4242424242 0.0000000000 12.7472401988
-0.4242424242 0.0000000000 12.7472401988
-0.4242424242 0.0000000000 15.2813123781
-0.4242424242 0.0000000000 19.1531422440
-0.4242424242 0.0000000000 19.1531422440
-0.4242424242 0.0000000000 24.8769274265
-0.4242424242 -0.0000000286 76.5662640965
-0.4242424242 -0.0000019067 109.6622738998
-0.4242424242 -0.0000051284 127.4453461234
-0.4242424242 -0.0000096715 135.2599214188

-0.3636363636 0.9587228772 -6.3440675764
-0.3636363636 0.6844478537 -5.4835227599
-0.3636363636 0.2003115050 -3.9824242600
-0.3636363636 0.0172377931 -2.1300623504
-0.3636363636 0.0010605758 5.8333419906
-0.3636363636 0.0001688139 5.8333419906
-0.3636363636 0.0000034778 8.2331526004
-0.3636363636 0.0000011718 8.2331526004
-0.3636363636 0.0000000000 9.1001186094
-0.3636363636 0.0000000000 10.8290414764
-0.3636363636 0.0000000000 12.8078462594
-0.3636363636 0.0000000000 12.8078462594
-0.3636363636 0.0000000000 15.3419184388
-0.3636363636 0.0000000000 19.2137483046
-0.3636363636 0.0000000000 19.2137483046
-0.3636363636 0.0000000000 24.9375334871
-0.3636363636 -0.0000000286 76.6268701571
-0.3636363636 -0.0000019067 109.7228799604
-0.3636363636 -0.0000051284 127.5059521840
-0.3636363636 -0.0000096715 135.3205274794

-0.3030303030 0.9587228772 -6.2834615158
-0.3030303030 0.6844478537 -5.4229166993
-0.3030303030 0.2003115050 -3.9218181994
-0.3030303030 0.0172377931 -2.0694562898
-0.3030303030 0.0010605758 5.8939480512
-0.3030303030 0.0001688139 5.8939480512
-0.3030303030 0.0000034778 8.2937586610
-0.3030303030 0.0000011718 8.2937586610
-0.3030303030 0.0000000000 9.1607246700
-0.3030303030 0.0000000000 10.8896475370
-0.3030303030 0.0000000000 12.8684523200
-0.3030303030 0.0000000000 12.8684523200
-0.3030303030 0.0000000000 15.4025244994
-0.3030303030 0.0000000000 19.2743543652
-0.3030303030 0.0000000000 19.2743543652
-0.3030303030 0.0000000000 24.9981395477
-0.3030303030 -0.0000000286 76.6874762177
-0.3030303030 -0.0000019067 109.7834860210
-0.3030303030 -0.0000051284 127.5665582446
-0.3030303030 -0.0000096715 135.3811335400

-0.2424242424 0.9587228772 -6.2228554552
-0.2424242424 0.6844478537 -5.3623106387
-0.2424242424 0.2003115050 -3.8612121388
-0.2424242424 0.0172377931 -2.0088502292
-0.2424242424 0.0010605758 5.9545541118
-0.2424242424 0.0001688139 5.9545541118
-0.2424242424 0.0000034778 8.3543647216
-0.2424242424 0.0000011718 8.3543647216
-0.2424242424 0.0000000000 9.2213307306
-0.2424242424 0.0000000000 10.9502535976
-0.2424242424 0.0000000000 12.9290583806
-0.2424242424 0.0000000000 12.9290583806
-0.2424242424 0.0000000000 15.4631305600
-0.2424242424 0.0000000000 19.3349604258
-0.2424242424 0.0000000000 19.3349604258
-0.2424242424 0.0000000000 25.0587456083
-0.2424242424 -0.0000000286 76.7480822783
-0.2424242424 -0.0000019067 109.8440920817
-0.2424242424 -0.0000051284 127.6271643052
-0.2424242424 -0.0000096715 135.4417396006

-0.1818181818 0.9587228772 -6.1622493946
-0.1818181818 0.6844478537 -5.3017045781
-0.1818181818 0.2003115050 -3.8006060782
-0.1818181818 0.0172377931 -1.9482441686
-0.1818181818 0.0010605758 6.0151601724
-0.1818181818 0.0001688139 6.0151601724
-0.1818181818 0.0000034778 8.4149707822
-0.1818181818 0.0000011718 8.4149707822
-0.1818181818 0.0000000000 9.2819367912
-0.1818181818 0.0000000000 11.0108596582
-0.1818181818 0.0000000000 12.9896644412
-0.1818181818 0.0000000000 12.9896644412
-0.1818181818 0.0000000000 15.5237366206
-0.1818181818 0.0000000000 19.3955664864
-0.1818181818 0.0000000000 19.3955664864
-0.1818181818 0.0000000000 25.1193516689
-0.1818181818 -0.0000000286 76.8086883389
-0.1818181818 -0.0000019067 109.9046981423
-0.1818181818 -0.0000051284 127.6877703658
-0.1818181818 -0.0000096715 135.5023456612

-0.1212121212 0.9587228772 -6.1016433340
-0.1212121212 0.6844478537 -5.2410985175
-0.1212121212 0.2003115050 -3.7400000176
-0.1212121212 0.0172377931 -1.8876381080
-0.1212121212 0.0010605758 6.0757662330
-0.1212121212 0.0001688139 6.0757662330
-0.1212121212 0.0000034778 8.4755768428
-0.1212121212 0.0000011718 8.4755768428
-0.1212121212 0.0000000000 9.3425428518
-0.1212121212 0.0000000000 11.0714657188
-0.1212121212 0.0000000000 13.0502705018
-0.1212121212 0.0000000000 13.0502705018
-0.1212121212 0.0000000000 15.5843426812
-0.1212121212 0.0000000000 19.4561725470
-0.1212121212 0.0000000000 19.4561725470
-0.1212121212 0.0000000000 25.1799577295
-0.1212121212 -0.0000000286 76.8692943995
-0.1212121212 -0.0000019067 109.9653042029
-0.1212121212 -0.0000051284 127.7483764264
-0.1212121212 -0.0000096715 135.5629517218

-0.0606060606 0.9587228772 -6.0410372734
-0.0606060606 0.6844478537 -5.1804924569
-0.0606060606 0.2003115050 -3.6793939570
-0.0606060606 0.0172377931 -1.8270320474
-0.0606060606 0.0010605758 6.1363722937
-0.0606060606 0.0001688139 6.1363722937
-0.0606060606 0.0000034778 8.5361829034
-0.0606060606 0.0000011718 8.5361829034
-0.0606060606 0.0000000000 9.4031489124
-0.0606060606 0.0000000000 11.1320717794
-0.0606060606 0.0000000000 13.1108765624
-0.0606060606 0.0000000000 13.1108765624
-0.0606060606 0.0000000000 15.6449487418
-0.0606060606 0.0000000000 19.5167786076
-0.0606060606 0.0000000000 19.5167786076
-0.0606060606 0.0000000000 25.2405637902
-0.0606060606 -0.0000000286 76.9299004601
-0.0606060606 -0.0000019067 110.0259102635
-0.0606060606 -0.0000051284 127.8089824870
-0.0606060606 -0.0000096715 135.6235577824

0.0000000000 0.9587228772 -5.9804312128
0.0000000000 0.6844478537 -5.1198863963
0.0000000000 0.2003115050 -3.6187878964
0.0000000000 0.0172377931 -1.7664259868
0.0000000000 0.0010605758 6.1969783543
0.0000000000 0.0001688139 6.1969783543
0.0000000000 0.0000034778 8.5967889640
0.0000000000 0.0000011718 8.5967889640
0.0000000000 0.0000000000 9.4637549730
0.0000000000 0.0000000000 11.1926778400
0.0000000000 0.0000000000 13.1714826230
0.0000000000 0.0000000000 13.1714826230
0.0000000000 0.0000000000 15.7055548024
0.0000000000 0.0000000000 19.5773846682
0.0000000000 0.0000000000 19.5773846682
0.0000000000 0.0000000000 25.3011698508
0.0000000000 -0.0000000286 76.9905065207
0.0000000000 -0.0000019067 110.0865163241
0.0000000000 -0.0000051284 127.8695885476
0.0000000000 -0.0000096715 135.6841638430

