-0.50000 5.04315288 0.16463767 1.96635449 
-0.49900 5.04335496 0.16536528 1.96634374 
-0.49800 5.04355756 0.16611660 1.96633253 
-0.49700 5.04376066 0.16689207 1.96632085 
-0.49600 5.04396426 0.16769219 1.96630870 
-0.49499 5.04416834 0.16851745 1.96629607 
-0.49399 5.04437288 0.16936838 1.96628293 
-0.49299 5.04457787 0.17024552 1.96626929 
-0.49199 5.04478330 0.17114943 1.96625513 
-0.49099 5.04498915 0.17208069 1.96624044 
-0.48999 5.04519540 0.17303993 1.96622521 
-0.48899 5.04540203 0.17402777 1.96620942 
-0.48799 5.04560904 0.17504487 1.96619306 
-0.48699 5.04581639 0.17609193 1.96617612 
-0.48599 5.04602408 0.17716965 1.96615859 
-0.48498 5.04623208 0.17827879 1.96614045 
-0.48398 5.04644038 0.17942010 1.96612169 
-0.48298 5.04664896 0.18059441 1.96610228 
-0.48198 5.04685779 0.18180254 1.96608222 
-0.48098 5.04706686 0.18304537 1.96606149 
-0.47998 5.04727614 0.18432380 1.96604007 
-0.47898 5.04748562 0.18563878 1.96601794 
-0.47798 5.04769526 0.18699129 1.96599509 
-0.47698 5.04790505 0.18838236 1.96597150 
-0.47598 5.04811496 0.18981305 1.96594714 
-0.47497 5.04832497 0.19128446 1.96592200 
-0.47397 5.04853505 0.19279777 1.96589605 
-0.47297 5.04874518 0.19435416 1.96586928 
-0.47197 5.04895533 0.19595490 1.96584165 
-0.47097 5.04916546 0.19760130 1.96581315 
-0.46997 5.04937556 0.19929472 1.96578375 
-0.46897 5.04958559 0.20103658 1.96575343 
-0.46797 5.04979552 0.20282838 1.96572216 
-0.46697 5.05000533 0.20467165 1.96568991 
-0.46597 5.05021497 0.20656803 1.96565665 
-0.46496 5.05042441 0.20851919 1.96562235 
-0.46396 5.05063362 0.21052690 1.96558699 
-0.46296 5.05084257 0.21259300 1.96555052 
-0.46196 5.05105121 0.21471942 1.96551292 
-0.46096 5.05125950 0.21690818 1.96547415 
-0.45996 5.05146742 0.21916137 1.96543417 
-0.45896 5.05167491 0.22148120 1.96539295 
-0.45796 5.05188194 0.22386997 1.96535043 
-0.45696 5.05208846 0.22633010 1.96530660 
-0.45596 5.05229442 0.22886411 1.96526139 
-0.45495 5.05249978 0.23147464 1.96521476 
-0.45395 5.05270449 0.23416448 1.96516667 
-0.45295 5.05290850 0.23693652 1.96511706 
-0.45195 5.05311176 0.23979382 1.96506589 
-0.45095 5.05331421 0.24273958 1.96501310 
-0.44995 5.05351579 0.24577715 1.96495862 
-0.44895 5.05371646 0.24891006 1.96490242 
-0.44795 5.05391614 0.25214203 1.96484440 
-0.44695 5.05411478 0.25547693 1.96478453 
-0.44595 5.05431231 0.25891888 1.96472272 
-0.44494 5.05450866 0.26247218 1.96465890 
-0.44394 5.05470377 0.26614138 1.96459299 
-0.44294 5.05489756 0.26993124 1.96452493 
-0.44194 5.05508995 0.27384681 1.96445461 
-0.44094 5.05528087 0.27789339 1.96438196 
-0.43994 5.05547023 0.28207659 1.96430688 
-0.43894 5.05565795 0.28640233 1.96422928 
-0.43794 5.05584395 0.29087684 1.96414904 
-0.43694 5.05602812 0.29550673 1.96406607 
-0.43594 5.05621038 0.30029897 1.96398024 
-0.43493 5.05639062 0.30526095 1.96389144 
-0.43393 5.05656874 0.31040048 1.96379953 
-0.43293 5.05674464 0.31572584 1.96370439 
-0.43193 5.05691819 0.32124581 1.96360586 
-0.43093 5.05708928 0.32696969 1.96350381 
-0.42993 5.05725778 0.33290738 1.96339806 
-0.42893 5.05742358 0.33906937 1.96328844 
-0.42793 5.05758653 0.34546682 1.96317478 
-0.42693 5.05774649 0.35211160 1.96305688 
-0.42593 5.05790331 0.35901635 1.96293454 
-0.42492 5.05805685 0.36619455 1.96280755 
-0.42392 5.05820695 0.37366055 1.96267566 
-0.42292 5.05835342 0.38142969 1.96253864 
-0.42192 5.05849610 0.38951833 1.96239622 
-0.42092 5.05863481 0.39794398 1.96224813 
-0.41992 5.05876935 0.40672537 1.96209405 
-0.41892 5.05889951 0.41588256 1.96193368 
-0.41792 5.05902509 0.42543704 1.96176667 
-0.41692 5.05914586 0.43541191 1.96159265 
-0.41592 5.05926158 0.44583195 1.96141123 
-0.41491 5.05937202 0.45672380 1.96122198 
-0.41391 5.05947691 0.46811616 1.96102446 
-0.41291 5.05957598 0.48003994 1.96081816 
-0.41191 5.05966895 0.49252849 1.96060257 
-0.41091 5.05975551 0.50561784 1.96037712 
-0.40991 5.05983535 0.51934693 1.96014119 
-0.40891 5.05990814 0.53375793 1.95989412 
-0.40791 5.05997352 0.54889655 1.95963519 
-0.40691 5.06003113 0.56481242 1.95936361 
-0.40591 5.06008058 0.58155946 1.95907856 
-0.40490 5.06012145 0.59919637 1.95877910 
-0.40390 5.06015331 0.61778715 1.95846423 
-0.40290 5.06017572 0.63740164 1.95813287 
-0.40190 5.06018818 0.65811622 1.95778382 
-0.40090 5.06019019 0.68001452 1.95741577 
-0.39990 5.06018121 0.70318827 1.95702731 
-0.39890 5.06016068 0.72773829 1.95661685 
-0.39790 5.06012801 0.75377552 1.95618269 
-0.39690 5.06008256 0.78142234 1.95572291 
-0.39590 5.06002367 0.81081395 1.95523542 
-0.39489 5.05995065 0.84210003 1.95471790 
-0.39389 5.05986275 0.87544665 1.95416779 
-0.39289 5.05975922 0.91103844 1.95358223 
-0.39189 5.05963923 0.94908114 1.95295805 
-0.39089 5.05950194 0.98980455 1.95229170 
-0.38989 5.05934645 1.03346598 1.95157921 
-0.38889 5.05917185 1.08035422 1.95081615 
-0.38789 5.05897715 1.13079436 1.94999750 
-0.38689 5.05876138 1.18515329 1.94911765 
-0.38589 5.05852349 1.24384629 1.94817021 
-0.38488 5.05826245 1.30734488 1.94714796 
-0.38388 5.05797720 1.37618613 1.94604268 
-0.38288 5.05766668 1.45098381 1.94484497 
-0.38188 5.05732987 1.53244187 1.94354407 
-0.38088 5.05696579 1.62137058 1.94212762 
-0.37988 5.05657356 1.71870635 1.94058132 
-0.37888 5.05615245 1.82553568 1.93888863 
-0.37788 5.05570193 1.94312476 1.93703028 
-0.37688 5.05522179 2.07295588 1.93498371 
-0.37588 5.05471223 2.21677268 1.93272243 
-0.37487 5.05417408 2.37663665 1.93021517 
-0.37387 5.05360899 2.55499824 1.92742478 
-0.37287 5.05301977 2.75478681 1.92430688 
-0.37187 5.05241079 2.97952535 1.92080817 
-0.37087 5.05178860 3.23347787 1.91686422 
-0.36987 5.05116271 3.52184015 1.91239658 
-0.36887 5.05054674 3.85098859 1.90730910 
-0.36787 5.04996001 4.22880768 1.90148301 
-0.36687 5.04942975 4.66512418 1.89477048 
-0.36587 5.04899430 5.17228775 1.88698593 
-0.36486 5.04870770 5.76595361 1.87789439 
-0.36386 5.04864638 6.46614475 1.86719577 
-0.36286 5.04891894 7.29870239 1.85450330 
-0.36186 5.04968068 8.29727262 1.83931414 
-0.36086 5.05115534 9.50602465 1.82096929 
-0.35986 5.05366777 10.98333621 1.79859929 
-0.35886 5.05769313 12.80667090 1.77105287 
-0.35786 5.06393048 15.07868327 1.73680808 
-0.35686 5.07341010 17.93389170 1.69387676 
-0.35586 5.08764078 21.54325448 1.63974295 
-0.35485 5.10878254 26.10890589 1.57145226 
-0.35385 5.13976054 31.82998286 1.48613720 
-0.35285 5.18405093 38.80031263 1.38256018 
-0.35185 5.24452220 46.78157149 1.26449747 
-0.35085 5.32049448 54.84953995 1.14595496 
-0.34985 5.40344888 61.17907207 1.05420323 
-0.34885 5.47598256 63.60632044 1.02117857 
-0.34785 5.52012290 61.10912592 1.06143951 
-0.34685 5.52971549 54.71715448 1.15900828 
-0.34585 5.51233304 46.60091077 1.28131568 
-0.34484 5.48052329 38.58830990 1.40126694 
-0.34384 5.44427027 31.60182956 1.50538594 
-0.34284 5.40918277 25.87585645 1.59041476 
-0.34184 5.37764070 21.31262875 1.65796755 
-0.34084 5.35025852 17.70999066 1.71114910 
-0.33984 5.32685373 14.86377336 1.75305169 
-0.33884 5.30695513 12.60174525 1.78626670 
-0.33784 5.29003585 10.78863052 1.81282103 
-0.33684 5.27560714 9.32134456 1.83425449 
-0.33584 5.26324820 8.12219426 1.85172477 
-0.33483 5.25260890 7.13269213 1.86610160 
-0.33383 5.24340251 6.30862929 1.87804115 
-0.33283 5.23539561 5.61635989 1.88804201 
-0.33183 5.22839834 5.03006475 1.89648618 
-0.33083 5.22225599 4.52975386 1.90366901 
-0.32983 5.21684192 4.09980969 1.90982092 
-0.32883 5.21205200 3.72792119 1.91512333 
-0.32783 5.20780017 3.40429918 1.91972029 
-0.32683 5.20401484 3.12109464 1.92372717 
-0.32583 5.20063618 2.87196394 1.92723712 
-0.32482 5.19761387 2.65174134 1.93032586 
-0.32382 5.19490538 2.45619010 1.93305547 
-0.32282 5.19247457 2.28181188 1.93547711 
-0.32182 5.19029056 2.12569955 1.93763327 
-0.32082 5.18832686 1.98542268 1.93955943 
-0.31982 5.18656064 1.85893780 1.94128537 
-0.31882 5.18497211 1.74451748 1.94283626 
-0.31782 5.18354408 1.64069407 1.94423345 
-0.31682 5.18226153 1.54621454 1.94549513 
-0.31582 5.18111133 1.46000428 1.94663691 
-0.31481 5.18008190 1.38113767 1.94767220 
-0.31381 5.17916306 1.30881415 1.94861259 
-0.31281 5.17834576 1.24233862 1.94946813 
-0.31181 5.17762200 1.18110535 1.95024756 
-0.31081 5.17698466 1.12458456 1.95095854 
-0.30981 5.17642737 1.07231140 1.95160774 
-0.30881 5.17594444 1.02387667 1.95220107 
-0.30781 5.17553077 0.97891905 1.95274370 
-0.30681 5.17518178 0.93711855 1.95324022 
-0.30581 5.17489333 0.89819106 1.95369471 
-0.30480 5.17466170 0.86188356 1.95411078 
-0.30380 5.17448353 0.82797024 1.95449164 
-0.30280 5.17435578 0.79624900 1.95484019 
-0.30180 5.17427567 0.76653858 1.95515898 
-0.30080 5.17424071 0.73867605 1.95545035 
-0.29980 5.17424862 0.71251462 1.95571636 
-0.29880 5.17429732 0.68792178 1.95595888 
-0.29780 5.17438494 0.66477764 1.95617961 
-0.29680 5.17450975 0.64297359 1.95638007 
-0.29580 5.17467018 0.62241098 1.95656164 
-0.29479 5.17486482 0.60300011 1.95672558 
-0.29379 5.17509234 0.58465923 1.95687302 
-0.29279 5.17535158 0.56731373 1.95700500 
-0.29179 5.17564143 0.55089543 1.95712246 
-0.29079 5.17596092 0.53534190 1.95722627 
-0.28979 5.17630913 0.52059590 1.95731720 
-0.28879 5.17668526 0.50660487 1.95739597 
-0.28779 5.17708854 0.49332050 1.95746325 
-0.28679 5.17751832 0.48069830 1.95751962 
-0.28579 5.17797396 0.46869726 1.95756565 
-0.28478 5.17845492 0.45727952 1.95760183 
-0.28378 5.17896070 0.44641010 1.95762863 
-0.28278 5.17949085 0.43605664 1.95764648 
-0.28178 5.18004496 0.42618915 1.95765577 
-0.28078 5.18062269 0.41677984 1.95765685 
-0.27978 5.18122371 0.40780290 1.95765005 
-0.27878 5.18184776 0.39923435 1.95763569 
-0.27778 5.18249460 0.39105188 1.95761403 
-0.27678 5.18316401 0.38323472 1.95758534 
-0.27578 5.18385585 0.37576353 1.95754985 
-0.27477 5.18456996 0.36862025 1.95750778 
-0.27377 5.18530624 0.36178802 1.95745933 
-0.27277 5.18606462 0.35525109 1.95740467 
-0.27177 5.18684504 0.34899474 1.95734399 
-0.27077 5.18764748 0.34300518 1.95727742 
-0.26977 5.18847194 0.33726950 1.95720511 
-0.26877 5.18931845 0.33177560 1.95712720 
-0.26777 5.19018705 0.32651212 1.95704378 
-0.26677 5.19107783 0.32146842 1.95695498 
-0.26577 5.19199087 0.31663448 1.95686088 
-0.26476 5.19292629 0.31200090 1.95676157 
-0.26376 5.19388424 0.30755883 1.95665713 
-0.26276 5.19486486 0.30329995 1.95654763 
-0.26176 5.19586835 0.29921641 1.95643312 
-0.26076 5.19689489 0.29530083 1.95631366 
-0.25976 5.19794472 0.29154626 1.95618931 
-0.25876 5.19901806 0.28794612 1.95606008 
-0.25776 5.20011519 0.28449423 1.95592603 
-0.25676 5.20123638 0.28118473 1.95578717 
-0.25576 5.20238193 0.27801211 1.95564353 
-0.25475 5.20355215 0.27497115 1.95549513 
-0.25375 5.20474738 0.27205693 1.95534196 
-0.25275 5.20596799 0.26926478 1.95518404 
-0.25175 5.20721435 0.26659029 1.95502137 
-0.25075 5.20848684 0.26402931 1.95485394 
-0.24975 5.20978590 0.26157788 1.95468174 
-0.24875 5.21111196 0.25923228 1.95450476 
-0.24775 5.21246546 0.25698897 1.95432298 
-0.24675 5.21384690 0.25484461 1.95413637 
-0.24575 5.21525676 0.25279603 1.95394491 
-0.24474 5.21669557 0.25084023 1.95374857 
-0.24374 5.21816387 0.24897439 1.95354731 
-0.24274 5.21966222 0.24719580 1.95334108 
-0.24174 5.22119120 0.24550193 1.95312985 
-0.24074 5.22275143 0.24389036 1.95291357 
-0.23974 5.22434353 0.24235882 1.95269219 
-0.23874 5.22596817 0.24090515 1.95246564 
-0.23774 5.22762601 0.23952732 1.95223388 
-0.23674 5.22931778 0.23822338 1.95199682 
-0.23574 5.23104419 0.23699152 1.95175442 
-0.23473 5.23280601 0.23583001 1.95150658 
-0.23373 5.23460401 0.23473723 1.95125325 
-0.23273 5.23643903 0.23371165 1.95099433 
-0.23173 5.23831189 0.23275182 1.95072974 
-0.23073 5.24022347 0.23185638 1.95045940 
-0.22973 5.24217467 0.23102404 1.95018321 
-0.22873 5.24416643 0.23025362 1.94990106 
-0.22773 5.24619971 0.22954397 1.94961287 
-0.22673 5.24827552 0.22889406 1.94931852 
-0.22573 5.25039489 0.22830289 1.94901790 
-0.22472 5.25255889 0.22776955 1.94871089 
-0.22372 5.25476864 0.22729318 1.94839737 
-0.22272 5.25702528 0.22687300 1.94807722 
-0.22172 5.25932999 0.22650827 1.94775031 
-0.22072 5.26168402 0.22619834 1.94741649 
-0.21972 5.26408863 0.22594259 1.94707562 
-0.21872 5.26654514 0.22574046 1.94672755 
-0.21772 5.26905492 0.22559147 1.94637214 
-0.21672 5.27161938 0.22549515 1.94600922 
-0.21572 5.27423997 0.22545112 1.94563861 
-0.21471 5.27691822 0.22545905 1.94526016 
-0.21371 5.27965570 0.22551863 1.94487367 
-0.21271 5.28245402 0.22562963 1.94447896 
-0.21171 5.28531487 0.22579186 1.94407583 
-0.21071 5.28823999 0.22600518 1.94366408 
-0.20971 5.29123120 0.22626950 1.94324351 
-0.20871 5.29429036 0.22658476 1.94281388 
-0.20771 5.29741943 0.22695099 1.94237497 
-0.20671 5.30062040 0.22736822 1.94192655 
-0.20571 5.30389537 0.22783655 1.94146836 
-0.20470 5.30724651 0.22835614 1.94100015 
-0.20370 5.31067607 0.22892718 1.94052166 
-0.20270 5.31418638 0.22954992 1.94003259 
-0.20170 5.31777986 0.23022464 1.93953267 
-0.20070 5.32145903 0.23095168 1.93902159 
-0.19970 5.32522650 0.23173145 1.93849904 
-0.19870 5.32908499 0.23256439 1.93796469 
-0.19770 5.33303732 0.23345098 1.93741819 
-0.19670 5.33708642 0.23439177 1.93685920 
-0.19570 5.34123534 0.23538737 1.93628733 
-0.19469 5.34548727 0.23643842 1.93570220 
-0.19369 5.34984549 0.23754563 1.93510341 
-0.19269 5.35431345 0.23870978 1.93449054 
-0.19169 5.35889473 0.23993169 1.93386313 
-0.19069 5.36359306 0.24121224 1.93322073 
-0.18969 5.36841231 0.24255238 1.93256286 
-0.18869 5.37335654 0.24395312 1.93188900 
-0.18769 5.37842998 0.24541554 1.93119864 
-0.18669 5.38363703 0.24694078 1.93049121 
-0.18569 5.38898228 0.24853007 1.92976613 
-0.18468 5.39447055 0.25018469 1.92902280 
-0.18368 5.40010683 0.25190601 1.92826058 
-0.18268 5.40589637 0.25369548 1.92747879 
-0.18168 5.41184466 0.25555462 1.92667673 
-0.18068 5.41795741 0.25748505 1.92585365 
-0.17968 5.42424062 0.25948849 1.92500878 
-0.17868 5.43070058 0.26156672 1.92414130 
-0.17768 5.43734385 0.26372165 1.92325034 
-0.17668 5.44417732 0.26595529 1.92233499 
-0.17568 5.45120823 0.26826973 1.92139430 
-0.17467 5.45844414 0.27066722 1.92042723 
-0.17367 5.46589302 0.27315008 1.91943273 
-0.17267 5.47356322 0.27572080 1.91840965 
-0.17167 5.48146353 0.27838197 1.91735680 
-0.17067 5.48960319 0.28113634 1.91627290 
-0.16967 5.49799191 0.28398680 1.91515661 
-0.16867 5.50663993 0.28693639 1.91400650 
-0.16767 5.51555805 0.28998833 1.91282104 
-0.16667 5.52475762 0.29314599 1.91159862 
-0.16567 5.53425066 0.29641294 1.91033751 
-0.16466 5.54404983 0.29979296 1.90903588 
-0.16366 5.55416854 0.30329000 1.90769178 
-0.16266 5.56462095 0.30690826 1.90630310 
-0.16166 5.57542206 0.31065217 1.90486762 
-0.16066 5.58658776 0.31452639 1.90338293 
-0.15966 5.59813491 0.31853588 1.90184646 
-0.15866 5.61008140 0.32268584 1.90025546 
-0.15766 5.62244624 0.32698181 1.89860695 
-0.15666 5.63524964 0.33142962 1.89689774 
-0.15566 5.64851314 0.33603549 1.89512437 
-0.15465 5.66225967 0.34080595 1.89328311 
-0.15365 5.67651372 0.34574798 1.89136993 
-0.15265 5.69130146 0.35086895 1.88938045 
-0.15165 5.70665087 0.35617672 1.88730990 
-0.15065 5.72259194 0.36167960 1.88515312 
-0.14965 5.73915682 0.36738646 1.88290443 
-0.14865 5.75638005 0.37330674 1.88055768 
-0.14765 5.77429881 0.37945050 1.87810608 
-0.14665 5.79295315 0.38582844 1.87554220 
-0.14565 5.81238629 0.39245202 1.87285785 
-0.14464 5.83264500 0.39933346 1.87004397 
-0.14364 5.85377992 0.40648586 1.86709056 
-0.14264 5.87584605 0.41392324 1.86398648 
-0.14164 5.89890322 0.42166061 1.86071933 
-0.14064 5.92301668 0.42971414 1.85727526 
-0.13964 5.94825776 0.43810118 1.85363870 
-0.13864 5.97470464 0.44684043 1.84979214 
-0.13764 6.00244326 0.45595207 1.84571577 
-0.13664 6.03156837 0.46545789 1.84138708 
-0.13564 6.06218481 0.47538149 1.83678037 
-0.13463 6.09440895 0.48574849 1.83186619 
-0.13363 6.12837053 0.49658671 1.82661053 
-0.13263 6.16421480 0.50792649 1.82097395 
-0.13163 6.20210514 0.51980099 1.81491040 
-0.13063 6.24222637 0.53224654 1.80836569 
-0.12963 6.28478872 0.54530312 1.80127560 
-0.12863 6.33003304 0.55901483 1.79356336 
-0.12763 6.37823729 0.57343061 1.78513629 
-0.12663 6.42972514 0.58860499 1.77588135 
-0.12563 6.48487726 0.60459917 1.76565900 
-0.12462 6.54414675 0.62148232 1.75429461 
-0.12362 6.60808047 0.63933340 1.74156630 
-0.12262 6.67734966 0.65824366 1.72718701 
-0.12162 6.75279529 0.67832028 1.71077756 
-0.12062 6.83549812 0.69969206 1.69182453 
-0.11962 6.92689257 0.72251860 1.66961177 
-0.11862 7.02896366 0.74700694 1.64310322 
-0.11762 7.14461536 0.77344426 1.61073013 
-0.11662 7.27843223 0.80227136 1.56997579 
-0.11562 7.43847377 0.83427678 1.51649625 
-0.11461 7.64124691 0.87123073 1.44216073 
-0.11361 7.92687396 0.91847223 1.33226483 
-0.11261 8.35840078 0.99072964 1.19137326 
-0.11161 8.82998609 1.08612164 1.09559244 
-0.11061 9.24333318 1.18671274 1.04319222 
-0.10961 9.61634458 1.29056780 1.00792546 
-0.10861 9.96626315 1.39901066 0.97957332 
-0.10761 10.30242294 1.51323558 0.95374601 
-0.10661 10.63013001 1.63415483 0.92792178 
-0.10561 10.95274731 1.76244638 0.90010470 
-0.10460 11.27291268 1.89856939 0.86815160 
-0.10360 11.59372849 2.04276201 0.82913924 
-0.10260 11.92093146 2.19513095 0.77832735 
-0.10160 12.26880743 2.35643850 0.70697921 
-0.10060 12.67887540 2.53389190 0.59944605 
-0.09960 13.21598047 2.76734098 0.46290121 
-0.09860 13.73871343 3.07890479 0.37369372 
-0.09760 14.12314015 3.41646116 0.32613076 
-0.09660 14.37402858 3.75155035 0.29545583 
-0.09560 14.49779196 4.06567226 0.27230564 
-0.09459 14.49451653 4.33872718 0.25292078 
-0.09359 14.36170446 4.54670578 0.23554222 
-0.09259 14.09502069 4.66074356 0.21925504 
-0.09159 13.68496291 4.64587325 0.20352839 
-0.09059 13.10638995 4.45982644 0.18796178 
-0.08959 12.29898074 4.06785361 0.17213407 
-0.08859 11.26392776 3.63457829 0.15660066 
-0.08759 10.50913274 3.73015528 0.14507132 
-0.08659 10.08683431 4.21728089 0.13614830 
-0.08559 9.71412897 4.82966751 0.12720372 
-0.08458 9.27135867 5.47409563 0.11737177 
-0.08358 8.71262003 6.09581265 0.10642437 
-0.08258 8.02513779 6.64448217 0.09442379 
-0.08158 7.21752053 7.06849246 0.08162172 
-0.08058 6.31380172 7.31524667 0.06839329 
-0.07958 5.34715266 7.33102173 0.05516221 
-0.07858 4.35210592 7.05628522 0.04231678 
-0.07758 3.35602328 6.41331760 0.03013369 
-0.07658 2.37767836 5.30730272 0.01881708 
-0.07558 1.52284678 3.96697808 0.00962277 
-0.07457 1.05827658 3.39629719 0.00509670 
-0.07357 0.85559574 3.51232292 0.00324143 
-0.07257 0.75983892 4.01156258 0.00229691 
-0.07157 0.72270023 4.87770766 0.00172950 
-0.07057 0.73289812 6.25146532 0.00135199 
-0.06957 0.79835883 8.46594879 0.00108424 
-0.06857 0.95084492 12.25739958 0.00088891 
-0.06757 1.27616243 19.41957013 0.00075442 
-0.06657 2.02670281 35.10276993 0.00070789 
-0.06557 4.09634037 77.44931025 0.00092375 
-0.06456 10.23424176 202.21279443 0.00223472 
-0.06356 10.82221889 214.46699203 0.00330448 
-0.06256 4.31659631 82.85523517 0.00194667 
-0.06156 2.03712797 36.87009558 0.00126233 
-0.06056 1.20022862 20.10308817 0.00094193 
-0.05956 0.81773752 12.52711215 0.00076136 
-0.05856 0.61263599 8.52940044 0.00064464 
-0.05756 0.48955996 6.17911383 0.00056195 
-0.05656 0.40939123 4.68523903 0.00049962 
-0.05556 0.35382992 3.67847697 0.00045052 
-0.05455 0.31341785 2.96850589 0.00041061 
-0.05355 0.28287169 2.44942299 0.00037740 
-0.05255 0.25905107 2.05858995 0.00034925 
-0.05155 0.23999210 1.75707161 0.00032505 
-0.05055 0.22441352 1.51964949 0.00030400 
-0.04955 0.21144892 1.32941361 0.00028553 
-0.04855 0.20049415 1.17468505 0.00026919 
-0.04755 0.19111652 1.04718939 0.00025464 
-0.04655 0.18299887 0.94093255 0.00024161 
-0.04555 0.17590384 0.85148669 0.00022988 
-0.04454 0.16965053 0.77552392 0.00021928 
-0.04354 0.16409879 0.71050421 0.00020967 
-0.04254 0.15913844 0.65446189 0.00020092 
-0.04154 0.15468169 0.60585672 0.00019294 
-0.04054 0.15065777 0.56346818 0.00018563 
-0.03954 0.14700896 0.52631917 0.00017893 
-0.03854 0.14368777 0.49362015 0.00017278 
-0.03754 0.14065473 0.46472771 0.00016712 
-0.03654 0.13787678 0.43911346 0.00016190 
-0.03554 0.13532601 0.41634040 0.00015708 
-0.03453 0.13297871 0.39604477 0.00015263 
-0.03353 0.13081459 0.37792200 0.00014852 
-0.03253 0.12881620 0.36171576 0.00014471 
-0.03153 0.12696844 0.34720927 0.00014120 
-0.03053 0.12525818 0.33421843 0.00013794 
-0.02953 0.12367399 0.32258635 0.00013493 
-0.02853 0.12220581 0.31217891 0.00013214 
-0.02753 0.12084482 0.30288120 0.00012956 
-0.02653 0.11958322 0.29459459 0.00012718 
-0.02553 0.11841413 0.28723437 0.00012499 
-0.02452 0.11733143 0.28072779 0.00012297 
-0.02352 0.11632969 0.27501247 0.00012112 
-0.02252 0.11540407 0.27003507 0.00011942 
-0.02152 0.11455025 0.26575020 0.00011787 
-0.02052 0.11376441 0.26211952 0.00011646 
-0.01952 0.11304311 0.25911103 0.00011518 
-0.01852 0.11238330 0.25669843 0.00011404 
-0.01752 0.11178227 0.25486071 0.00011302 
-0.01652 0.11123760 0.25358167 0.00011212 
-0.01552 0.11074717 0.25284972 0.00011134 
-0.01451 0.11030910 0.25265764 0.00011067 
-0.01351 0.10992175 0.25300241 0.00011011 
-0.01251 0.10958369 0.25388522 0.00010966 
-0.01151 0.10929371 0.25531142 0.00010932 
-0.01051 0.10905078 0.25729060 0.00010908 
-0.00951 0.10885406 0.25983676 0.00010896 
-0.00851 0.10870288 0.26296851 0.00010893 
-0.00751 0.10859677 0.26670937 0.00010901 
-0.00651 0.10853538 0.27108817 0.00010920 
-0.00551 0.10851856 0.27613953 0.00010950 
-0.00450 0.10854632 0.28190445 0.00010990 
-0.00350 0.10861883 0.28843106 0.00011042 
-0.00250 0.10873644 0.29577554 0.00011105 
-0.00150 0.10889966 0.30400313 0.00011180 
-0.00050 0.10910919 0.31318951 0.00011266 
0.00050 0.10936593 0.32342231 0.00011365 
0.00150 0.10967098 0.33480306 0.00011477 
0.00250 0.11002565 0.34744948 0.00011602 
0.00350 0.11043149 0.36149826 0.00011742 
0.00450 0.11089033 0.37710854 0.00011896 
0.00551 0.11140426 0.39446611 0.00012066 
0.00651 0.11197569 0.41378859 0.00012252 
0.00751 0.11260742 0.43533189 0.00012456 
0.00851 0.11330261 0.45939833 0.00012679 
0.00951 0.11406493 0.48634672 0.00012922 
0.01051 0.11489855 0.51660530 0.00013186 
0.01151 0.11580829 0.55068818 0.00013473 
0.01251 0.11679969 0.58921654 0.00013785 
0.01351 0.11787916 0.63294634 0.00014125 
0.01451 0.11905417 0.68280460 0.00014494 
0.01552 0.12033346 0.73993780 0.00014895 
0.01652 0.12172733 0.80577693 0.00015332 
0.01752 0.12324806 0.88212633 0.00015807 
0.01852 0.12491037 0.97128651 0.00016326 
0.01952 0.12673221 1.07622692 0.00016894 
0.02052 0.12873568 1.20083309 0.00017514 
0.02152 0.13094849 1.35026708 0.00018196 
0.02252 0.13340601 1.53150477 0.00018945 
0.02352 0.13615433 1.75415610 0.00019773 
0.02452 0.13925503 2.03175219 0.00020690 
0.02553 0.14279275 2.38382850 0.00021710 
0.02653 0.14688770 2.83941907 0.00022852 
0.02753 0.15171737 3.44316462 0.00024137 
0.02853 0.15755592 4.26652140 0.00025597 
0.02953 0.16485036 5.42955184 0.00027270 
0.03053 0.17437840 7.14634817 0.00029215 
0.03153 0.18760581 9.82820596 0.00031516 
0.03253 0.20758808 14.34462834 0.00034312 
0.03353 0.24158409 22.78105361 0.00037845 
0.03453 0.31008686 41.05934230 0.00042586 
0.03554 0.48437244 89.83902934 0.00049377 
0.03654 0.99201251 235.16831686 0.00056137 
0.03754 1.11259650 267.86324220 0.00042809 
0.03854 0.55940748 104.44018848 0.00040862 
0.03954 0.36954568 45.94769532 0.00048150 
0.04054 0.31097783 24.83166156 0.00057277 
0.04154 0.29631346 15.37350271 0.00068527 
0.04254 0.30308360 10.41577496 0.00083566 
0.04354 0.32750946 7.51885525 0.00105897 
0.04454 0.37816224 5.69346413 0.00144621 
0.04555 0.48981472 4.49110271 0.00228197 
0.04655 0.69845138 3.68317631 0.00390354 
0.04755 0.92000800 3.09661934 0.00572089 
0.04855 1.12264232 2.64535313 0.00747234 
0.04955 1.32074254 2.29054739 0.00925569 
0.05055 1.54237501 2.00784314 0.01128132 
0.05155 1.84871858 1.78158717 0.01403016 
0.05255 2.22363117 1.59840014 0.01746064 
0.05355 2.57029053 1.44602941 0.02087654 
0.05455 2.88378410 1.31774088 0.02423912 
0.05556 3.17492468 1.20890449 0.02764207 
0.05656 3.45116544 1.11594414 0.03116483 
0.05756 3.71739749 1.03606019 0.03487693 
0.05856 3.97706758 0.96704633 0.03884742 
0.05956 4.23280737 0.90715187 0.04315207 
0.06056 4.48678871 0.85497863 0.04788034 
0.06156 4.74094370 0.80940396 0.05314352 
0.06256 4.99712064 0.76952360 0.05908615 
0.06356 5.25721521 0.73460949 0.06590355 
0.06456 5.52330462 0.70407946 0.07387056 
0.06557 5.79781158 0.67747673 0.08339234 
0.06657 6.08373445 0.65445898 0.09510068 
0.06757 6.38500134 0.63479823 0.11005437 
0.06857 6.70703075 0.61839491 0.13020789 
0.06957 7.05746516 0.60530560 0.15968654 
0.07057 7.44507631 0.59569101 0.20890418 
0.07157 7.85235021 0.58845303 0.30578196 
0.07257 8.14187046 0.57641739 0.45543955 
0.07357 8.30689626 0.55956353 0.58184989 
0.07457 8.45401852 0.54397097 0.68139778 
0.07558 8.62008787 0.53199493 0.77749445 
0.07658 8.79132929 0.52393356 0.90439361 
0.07758 8.83528381 0.51321877 1.07177094 
0.07858 8.74923209 0.49659663 1.20785685 
0.07958 8.63173776 0.47846757 1.30614337 
0.08058 8.51192427 0.46061971 1.38064550 
0.08158 8.39661758 0.44355727 1.43970617 
0.08258 8.28745151 0.42741646 1.48804915 
0.08358 8.18460283 0.41221071 1.52855405 
0.08458 8.08779270 0.39790763 1.56309890 
0.08559 7.99660604 0.38445763 1.59297513 
0.08659 7.91060459 0.37180574 1.61910814 
0.08759 7.82936830 0.35989686 1.64218311 
0.08859 7.75250949 0.34867810 1.66272088 
0.08959 7.67967613 0.33809980 1.68112609 
0.09059 7.61055077 0.32811584 1.69771892 
0.09159 7.54484778 0.31868370 1.71275664 
0.09259 7.48231021 0.30976432 1.72644880 
0.09359 7.42270654 0.30132186 1.73896806 
0.09459 7.36582783 0.29332345 1.75045815 
0.09560 7.31148508 0.28573899 1.76103984 
0.09660 7.25950691 0.27854087 1.77081543 
0.09760 7.20973754 0.27170374 1.77987219 
0.09860 7.16203504 0.26520435 1.78828511 
0.09960 7.11626979 0.25902128 1.79611900 
0.10060 7.07232317 0.25313487 1.80343017 
0.10160 7.03008635 0.24752696 1.81026783 
0.10260 6.98945929 0.24218082 1.81667515 
0.10360 6.95034988 0.23708100 1.82269019 
0.10460 6.91267311 0.23221320 1.82834666 
0.10561 6.87635037 0.22756421 1.83367449 
0.10661 6.84130889 0.22312175 1.83870038 
0.10761 6.80748118 0.21887446 1.84344819 
0.10861 6.77480452 0.21481178 1.84793938 
0.10961 6.74322055 0.21092387 1.85219321 
0.11061 6.71267490 0.20720161 1.85622711 
0.11161 6.68311685 0.20363646 1.86005684 
0.11261 6.65449900 0.20022048 1.86369667 
0.11361 6.62677700 0.19694627 1.86715961 
0.11461 6.59990932 0.19380688 1.87045751 
0.11562 6.57385703 0.19079584 1.87360118 
0.11662 6.54858355 0.18790707 1.87660053 
0.11762 6.52405454 0.18513489 1.87946462 
0.11862 6.50023765 0.18247396 1.88220180 
0.11962 6.47710246 0.17991930 1.88481975 
0.12062 6.45462027 0.17746618 1.88732552 
0.12162 6.43276400 0.17511020 1.88972567 
0.12262 6.41150808 0.17284720 1.89202621 
0.12362 6.39082834 0.17067328 1.89423276 
0.12462 6.37070193 0.16858473 1.89635049 
0.12563 6.35110720 0.16657810 1.89838421 
0.12663 6.33202363 0.16465011 1.90033842 
0.12763 6.31343179 0.16279766 1.90221727 
0.12863 6.29531321 0.16101784 1.90402466 
0.12963 6.27765038 0.15930789 1.90576422 
0.13063 6.26042663 0.15766521 1.90743933 
0.13163 6.24362613 0.15608732 1.90905317 
0.13263 6.22723382 0.15457190 1.91060870 
0.13363 6.21123534 0.15311673 1.91210872 
0.13463 6.19561703 0.15171973 1.91355583 
0.13564 6.18036585 0.15037890 1.91495248 
0.13664 6.16546938 0.14909239 1.91630099 
0.13764 6.15091575 0.14785839 1.91760353 
0.13864 6.13669364 0.14667523 1.91886213 
0.13964 6.12279222 0.14554129 1.92007873 
0.14064 6.10920114 0.14445506 1.92125514 
0.14164 6.09591052 0.14341510 1.92239308 
0.14264 6.08291087 0.14242002 1.92349417 
0.14364 6.07019315 0.14146854 1.92455994 
0.14464 6.05774865 0.14055941 1.92559185 
0.14565 6.04556908 0.13969145 1.92659127 
0.14665 6.03364644 0.13886356 1.92755950 
0.14765 6.02197309 0.13807466 1.92849777 
0.14865 6.01054170 0.13732376 1.92940726 
0.14965 5.99934521 0.13660989 1.93028907 
0.15065 5.98837687 0.13593215 1.93114427 
0.15165 5.97763017 0.13528967 1.93197386 
0.15265 5.96709888 0.13468163 1.93277880 
0.15365 5.95677698 0.13410726 1.93355999 
0.15465 5.94665871 0.13356582 1.93431830 
0.15566 5.93673852 0.13305660 1.93505455 
0.15666 5.92701106 0.13257894 1.93576954 
0.15766 5.91747118 0.13213221 1.93646401 
0.15866 5.90811393 0.13171582 1.93713867 
0.15966 5.89893454 0.13132920 1.93779422 
0.16066 5.88992842 0.13097182 1.93843130 
0.16166 5.88109114 0.13064318 1.93905054 
0.16266 5.87241841 0.13034280 1.93965253 
0.16366 5.86390612 0.13007022 1.94023785 
0.16466 5.85555031 0.12982504 1.94080704 
0.16567 5.84734713 0.12960686 1.94136062 
0.16667 5.83929288 0.12941530 1.94189910 
0.16767 5.83138400 0.12925002 1.94242295 
0.16867 5.82361704 0.12911070 1.94293263 
0.16967 5.81598866 0.12899702 1.94342859 
0.17067 5.80849565 0.12890873 1.94391124 
0.17167 5.80113491 0.12884555 1.94438100 
0.17267 5.79390344 0.12880725 1.94483825 
0.17367 5.78679832 0.12879362 1.94528336 
0.17467 5.77981677 0.12880445 1.94571670 
0.17568 5.77295606 0.12883958 1.94613861 
0.17668 5.76621358 0.12889883 1.94654942 
0.17768 5.75958679 0.12898209 1.94694945 
0.17868 5.75307325 0.12908921 1.94733901 
0.17968 5.74667058 0.12922011 1.94771839 
0.18068 5.74037650 0.12937469 1.94808787 
0.18168 5.73418878 0.12955290 1.94844774 
0.18268 5.72810529 0.12975467 1.94879824 
0.18368 5.72212395 0.12997999 1.94913964 
0.18468 5.71624275 0.13022883 1.94947218 
0.18569 5.71045976 0.13050120 1.94979609 
0.18669 5.70477310 0.13079712 1.95011160 
0.18769 5.69918095 0.13111662 1.95041892 
0.18869 5.69368156 0.13145977 1.95071828 
0.18969 5.68827324 0.13182663 1.95100986 
0.19069 5.68295434 0.13221730 1.95129387 
0.19169 5.67772328 0.13263187 1.95157050 
0.19269 5.67257853 0.13307048 1.95183992 
0.19369 5.66751861 0.13353327 1.95210231 
0.19469 5.66254209 0.13402039 1.95235784 
0.19570 5.65764759 0.13453203 1.95260667 
0.19670 5.65283378 0.13506839 1.95284896 
0.19770 5.64809937 0.13562967 1.95308487 
0.19870 5.64344314 0.13621612 1.95331453 
0.19970 5.63886389 0.13682798 1.95353809 
0.20070 5.63436047 0.13746554 1.95375569 
0.20170 5.62993177 0.13812908 1.95396745 
0.20270 5.62557675 0.13881893 1.95417351 
0.20370 5.62129437 0.13953541 1.95437399 
0.20470 5.61708367 0.14027889 1.95456899 
0.20571 5.61294370 0.14104975 1.95475865 
0.20671 5.60887358 0.14184838 1.95494306 
0.20771 5.60487245 0.14267523 1.95512233 
0.20871 5.60093949 0.14353074 1.95529657 
0.20971 5.59707395 0.14441538 1.95546587 
0.21071 5.59327507 0.14532967 1.95563033 
0.21171 5.58954217 0.14627413 1.95579003 
0.21271 5.58587460 0.14724932 1.95594507 
0.21371 5.58227174 0.14825583 1.95609552 
0.21471 5.57873302 0.14929428 1.95624148 
0.21572 5.57525791 0.15036531 1.95638301 
0.21672 5.57184591 0.15146962 1.95652019 
0.21772 5.56849658 0.15260791 1.95665309 
0.21872 5.56520951 0.15378095 1.95678178 
0.21972 5.56198433 0.15498951 1.95690632 
0.22072 5.55882073 0.15623444 1.95702678 
0.22172 5.55571842 0.15751659 1.95714321 
0.22272 5.55267717 0.15883687 1.95725567 
0.22372 5.54969680 0.16019625 1.95736422 
0.22472 5.54677717 0.16159573 1.95746890 
0.22573 5.54391820 0.16303636 1.95756976 
0.22673 5.54111984 0.16451924 1.95766685 
0.22773 5.53838212 0.16604552 1.95776021 
0.22873 5.53570510 0.16761643 1.95784988 
0.22973 5.53308892 0.16923323 1.95793588 
0.23073 5.53053376 0.17089726 1.95801827 
0.23173 5.52803988 0.17260992 1.95809706 
0.23273 5.52560759 0.17437269 1.95817229 
0.23373 5.52323727 0.17618712 1.95824398 
0.23473 5.52092940 0.17805482 1.95831216 
0.23574 5.51868449 0.17997751 1.95837683 
0.23674 5.51650317 0.18195698 1.95843802 
0.23774 5.51438613 0.18399512 1.95849574 
0.23874 5.51233417 0.18609393 1.95855000 
0.23974 5.51034818 0.18825548 1.95860081 
0.24074 5.50842914 0.19048199 1.95864816 
0.24174 5.50657815 0.19277578 1.95869206 
0.24274 5.50479643 0.19513931 1.95873251 
0.24374 5.50308532 0.19757514 1.95876949 
0.24474 5.50144629 0.20008602 1.95880300 
0.24575 5.49988098 0.20267483 1.95883302 
0.24675 5.49839114 0.20534460 1.95885952 
0.24775 5.49697872 0.20809857 1.95888249 
0.24875 5.49564585 0.21094015 1.95890190 
0.24975 5.49439485 0.21387294 1.95891771 
0.25075 5.49322825 0.21690079 1.95892988 
0.25175 5.49214881 0.22002775 1.95893837 
0.25275 5.49115954 0.22325815 1.95894313 
0.25375 5.49026373 0.22659658 1.95894410 
0.25475 5.48946496 0.23004791 1.95894122 
0.25576 5.48876714 0.23361735 1.95893442 
0.25676 5.48817454 0.23731045 1.95892362 
0.25776 5.48769182 0.24113312 1.95890874 
0.25876 5.48732405 0.24509168 1.95888969 
0.25976 5.48707680 0.24919290 1.95886635 
0.26076 5.48695616 0.25344402 1.95883862 
0.26176 5.48696878 0.25785281 1.95880638 
0.26276 5.48712196 0.26242761 1.95876949 
0.26376 5.48742372 0.26717739 1.95872779 
0.26476 5.48788286 0.27211179 1.95868113 
0.26577 5.48850906 0.27724124 1.95862933 
0.26677 5.48931298 0.28257697 1.95857220 
0.26777 5.49030639 0.28813117 1.95850952 
0.26877 5.49150230 0.29391701 1.95844107 
0.26977 5.49291511 0.29994881 1.95836657 
0.27077 5.49456080 0.30624215 1.95828577 
0.27177 5.49645711 0.31281400 1.95819834 
0.27277 5.49862382 0.31968291 1.95810396 
0.27377 5.50108301 0.32686919 1.95800225 
0.27477 5.50385937 0.33439510 1.95789280 
0.27578 5.50698063 0.34228516 1.95777517 
0.27678 5.51047795 0.35056640 1.95764884 
0.27778 5.51438652 0.35926872 1.95751328 
0.27878 5.51874614 0.36842528 1.95736786 
0.27978 5.52360201 0.37807298 1.95721190 
0.28078 5.52900563 0.38825303 1.95704463 
0.28178 5.53501588 0.39901159 1.95686520 
0.28278 5.54170040 0.41040059 1.95667264 
0.28378 5.54913715 0.42247866 1.95646587 
0.28478 5.55741645 0.43531231 1.95624365 
0.28579 5.56664344 0.44897732 1.95600460 
0.28679 5.57694118 0.46356049 1.95574711 
0.28779 5.58845446 0.47916175 1.95546935 
0.28879 5.60135481 0.49589687 1.95516923 
0.28979 5.61584669 0.51390083 1.95484428 
0.29079 5.63217571 0.53333207 1.95449167 
0.29179 5.65063924 0.55437805 1.95410804 
0.29279 5.67160053 0.57726243 1.95368942 
0.29379 5.69550769 0.60225458 1.95323110 
0.29479 5.72291953 0.62968230 1.95272739 
0.29580 5.75454145 0.65994920 1.95217137 
0.29680 5.79127618 0.69355873 1.95155452 
0.29780 5.83429711 0.73114840 1.95086627 
0.29880 5.88515672 0.77353929 1.95009321 
0.29980 5.94595187 0.82181002 1.94921815 
0.30080 6.01958362 0.87741066 1.94821856 
0.30180 6.11018198 0.94234483 1.94706425 
0.30280 6.22383239 1.01947405 1.94571373 
0.30380 6.36988912 1.11305447 1.94410807 
0.30480 6.56351700 1.22974844 1.94216035 
0.30581 6.83105208 1.38069631 1.93973626 
0.30681 7.22263187 1.58623815 1.93661620 
0.30781 7.84654754 1.88824998 1.93241964 
0.30881 8.97946690 2.38756090 1.92648885 
0.30981 11.38472214 3.33834040 1.91844587 
0.31081 15.32189806 4.75661202 1.91336176 
0.31181 18.26117081 5.78729231 1.91464952 
0.31281 19.86195503 6.37607928 1.91798068 
0.31381 20.66922821 6.71394754 1.92161551 
0.31481 21.00651288 6.90522298 1.92513310 
0.31582 21.05100925 7.00484624 1.92843898 
0.31682 20.90630031 7.04415519 1.93152923 
0.31782 20.63675512 7.04230797 1.93442707 
0.31882 20.28430383 7.01164717 1.93716366 
0.31982 19.87724440 6.96043961 1.93977197 
0.32082 19.43518778 6.89438047 1.94228538 
0.32182 18.97199352 6.81746785 1.94473804 
0.32282 18.49759343 6.73253428 1.94716617 
0.32382 18.01916703 6.64157965 1.94961025 
0.32482 17.54192201 6.54598204 1.95211831 
0.32583 17.06962399 6.44662798 1.95475094 
0.32683 16.60496067 6.34398317 1.95758972 
0.32783 16.14979003 6.23811053 1.96075181 
0.32883 15.70529914 6.12862808 1.96441784 
0.32983 15.27207758 6.01457651 1.96888952 
0.33083 14.85007463 5.89412055 1.97472313 
0.33183 14.43831898 5.76390641 1.98308733 
0.33283 14.03401114 5.61781470 1.99691180 
0.33383 13.63068277 5.44805366 2.02485041 
0.33483 13.23288191 5.28522889 2.07852422 
0.33584 12.88068653 5.19540910 2.13175098 
0.33684 12.57447505 5.15557303 2.17001241 
0.33784 12.30062188 5.14257912 2.19763532 
0.33884 12.05113186 5.14739813 2.21817869 
0.33984 11.82122156 5.16596983 2.23371553 
0.34084 11.60771388 5.19617715 2.24550648 
0.34184 11.40833233 5.23682058 2.25436694 
0.34284 11.22136008 5.28720400 2.26085203 
0.34384 11.04545657 5.34694218 2.26535484 
0.34484 10.87955002 5.41586146 2.26816237 
0.34585 10.72276989 5.49394464 2.26948905 
0.34685 10.57440242 5.58129884 2.26949789 
0.34785 10.43386016 5.67813644 2.26831443 
0.34885 10.30066048 5.78476380 2.26603620 
0.34985 10.17441029 5.90157508 2.26273936 
0.35085 10.05479501 6.02904945 2.25848351 
0.35185 9.94157080 6.16775085 2.25331526 
0.35285 9.83455915 6.31832951 2.24727101 
0.35385 9.73364351 6.48152494 2.24037909 
0.35485 9.63876747 6.65817003 2.23266159 
0.35586 9.54993438 6.84919600 2.22413590 
0.35686 9.46720811 7.05563791 2.21481618 
0.35786 9.39071509 7.27864049 2.20471469 
0.35886 9.32064721 7.51946386 2.19384329 
0.35986 9.25726586 7.77948869 2.18221492 
0.36086 9.20090676 8.06022005 2.16984534 
0.36186 9.15198553 8.36328910 2.15675516 
0.36286 9.11100399 8.69045144 2.14297216 
0.36386 9.07855662 9.04358019 2.12853413 
0.36486 9.05533704 9.42465198 2.11349225 
0.36587 9.04214373 9.83572249 2.09791514 
0.36687 9.03988410 10.27888813 2.08189370 
0.36787 9.04957564 10.75622889 2.06554682 
0.36887 9.07234234 11.26972649 2.04902807 
0.36987 9.10940385 11.82115091 2.03253331 
0.37087 9.16205427 12.41190726 2.01630908 
0.37187 9.23162643 13.04283481 2.00066162 
0.37287 9.31943676 13.71395052 1.98596571 
0.37387 9.42670538 14.42413236 1.97267248 
0.37487 9.55444587 15.17074367 1.96131472 
0.37588 9.70332069 15.94920975 1.95250741 
0.37688 9.87346079 16.75257452 1.94694092 
0.37788 10.06425442 17.57108684 1.94536337 
0.37888 10.27411842 18.39189279 1.94854910 
0.37988 10.50027800 19.19893726 1.95725045 
0.38088 10.73859431 19.97319478 1.97213244 
0.38188 10.98349090 20.69334423 1.99369328 
0.38288 11.22803337 21.33695847 2.02217834 
0.38388 11.46420569 21.88219111 2.05750051 
0.38488 11.68339638 22.30981529 2.09918336 
0.38589 11.87706117 22.60533430 2.14634346 
0.38689 12.03747632 22.76079169 2.19772314 
0.38789 12.15845815 22.77590785 2.25177469 
0.38889 12.23591668 22.65828593 2.30678496 
0.38989 12.26814323 22.42263362 2.36101908 
0.39089 12.25579354 22.08917272 2.41285789 
0.39189 12.20159778 21.68157347 2.46090710 
0.39289 12.10988251 21.22480675 2.50406473 
0.39389 11.98601167 20.74325180 2.54154453 
0.39489 11.83584542 20.25927196 2.57286154 
0.39590 11.66528629 19.79233000 2.59779157 
0.39690 11.47994708 19.35860154 2.61631705 
0.39790 11.28494479 18.97097803 2.62856981 
0.39890 11.08480489 18.63932886 2.63477865 
0.39990 10.88345104 18.37090155 2.63522553 
0.40090 10.68425376 18.17076344 2.63021233 
0.40190 10.49011511 18.04221751 2.62003803 
0.40290 10.30357123 17.98714964 2.60498525 
0.40390 10.12690008 18.00628361 2.58531507 
0.40490 9.96222545 18.09933237 2.56126870 
0.40591 9.81161123 18.26504150 2.53307535 
0.40691 9.67714151 18.50112461 2.50096547 
0.40791 9.56098169 18.80409343 2.46518897 
0.40891 9.46541557 19.16898922 2.42603826 
0.40991 9.39285136 19.58902872 2.38387540 
0.41091 9.34578832 20.05518920 2.33916252 
0.41191 9.32673454 20.55577477 2.29249346 
0.41291 9.33806664 21.07602991 2.24462347 
0.41391 9.38182614 21.59789366 2.19649211 
0.41491 9.45945467 22.10001398 2.14923265 
0.41592 9.57148355 22.55815445 2.10416037 
0.41692 9.71721086 22.94611024 2.06273239 
0.41792 9.89441862 23.23719212 2.02647427 
0.41892 10.09919652 23.40622894 1.99687438 
0.41992 10.32593970 23.43189359 1.97525498 
0.42092 10.56756803 23.29901169 1.96263773 
0.42192 10.81597267 23.00042443 1.95962729 
0.42292 11.06264136 22.53799983 1.96633728 
0.42392 11.29936469 21.92253932 1.98237530 
0.42492 11.51890080 21.17257110 2.00689122 
0.42593 11.71548652 20.31227555 2.03867824 
0.42693 11.88512442 19.36896097 2.07630538 
0.42793 12.02563163 18.37054915 2.11825635 
0.42893 12.13648617 17.34344574 2.16305268 
0.42993 12.21853740 16.31101356 2.20934721 
0.43093 12.27365355 15.29270143 2.25598274 
0.43193 12.30436877 14.30375471 2.30201833 
0.43293 12.31357166 13.35536558 2.34672984 
0.43393 12.30425678 12.45510457 2.38959297 
0.43493 12.27934392 11.60749347 2.43025650 
0.43594 12.24155928 10.81461415 2.46851169 
0.43694 12.19336730 10.07668456 2.50426207 
0.43794 12.13694085 9.39256415 2.53749611 
0.43894 12.07415796 8.76017388 2.56826381 
0.43994 12.00661563 8.17683032 2.59665766 
0.44094 11.93565349 7.63950200 2.62279759 
0.44194 11.86238203 7.14499936 2.64681957 
0.44294 11.78771205 6.69011084 2.66886708 
0.44394 11.71238306 6.27169661 2.68908509 
0.44494 11.63698954 5.88675003 2.70761581 
0.44595 11.56200438 5.53243511 2.72459589 
0.44695 11.48779939 5.20610662 2.74015471 
0.44795 11.41466292 4.90531782 2.75441338 
0.44895 11.34281481 4.62781990 2.76748433 
0.44995 11.27241901 4.37155574 2.77947128 
0.45095 11.20359404 4.13465023 2.79046943 
0.45195 11.13642173 3.91539868 2.80056588 
0.45295 11.07095444 3.71225413 2.80984004 
0.45395 11.00722090 3.52381463 2.81836423 
0.45495 10.94523117 3.34881056 2.82620417 
0.45596 10.88498051 3.18609271 2.83341954 
0.45696 10.82645268 3.03462086 2.84006452 
0.45796 10.76962254 2.89345340 2.84618824 
0.45896 10.71445819 2.76173759 2.85183530 
0.45996 10.66092271 2.63870082 2.85704615 
0.46096 10.60897553 2.52364261 2.86185752 
0.46196 10.55857356 2.41592738 2.86630274 
0.46296 10.50967211 2.31497797 2.87041211 
0.46396 10.46222557 2.22026974 2.87421317 
0.46496 10.41618799 2.13132540 2.87773099 
0.46597 10.37151355 2.04771023 2.88098837 
0.46697 10.32815687 1.96902789 2.88400610 
0.46797 10.28607331 1.89491667 2.88680314 
0.46897 10.24521914 1.82504609 2.88939679 
0.46997 10.20555175 1.75911385 2.89180285 
0.47097 10.16702969 1.69684317 2.89403579 
0.47197 10.12961279 1.63798032 2.89610882 
0.47297 10.09326220 1.58229247 2.89803406 
0.47397 10.05794041 1.52956572 2.89982261 
0.47497 10.02361127 1.47960337 2.90148467 
0.47598 9.99023997 1.43222431 2.90302959 
0.47698 9.95779305 1.38726166 2.90446598 
0.47798 9.92623835 1.34456143 2.90580175 
0.47898 9.89554500 1.30398144 2.90704419 
0.47998 9.86568338 1.26539023 2.90820001 
0.48098 9.83662509 1.22866618 2.90927540 
0.48198 9.80834291 1.19369660 2.91027608 
0.48298 9.78081076 1.16037705 2.91120734 
0.48398 9.75400364 1.12861059 2.91207405 
0.48498 9.72789763 1.09830717 2.91288073 
0.48599 9.70246980 1.06938308 2.91363156 
0.48699 9.67769823 1.04176042 2.91433042 
0.48799 9.65356192 1.01536664 2.91498088 
0.48899 9.63004077 0.99013411 2.91558630 
0.48999 9.60711556 0.96599975 2.91614976 
0.49099 9.58476788 0.94290464 2.91667413 
0.49199 9.56298013 0.92079374 2.91716208 
0.49299 9.54173548 0.89961559 2.91761611 
0.49399 9.52101781 0.87932200 2.91803853 
0.49499 9.50081174 0.85986787 2.91843148 
0.49600 9.48110254 0.84121090 2.91879697 
0.49700 9.46187613 0.82331144 2.91913688 
0.49800 9.44311909 0.80613227 2.91945295 
0.49900 9.42481857 0.78963841 2.91974681 
0.50000 9.40696230 0.77379703 2.92001998 
