-0.50000 5.48889057 1.96504706
-0.49900 5.49617453 1.96501115
-0.49800 5.50379798 1.96497107
-0.49700 5.51177848 1.96492660
-0.49600 5.52013483 1.96487751
-0.49499 5.52888724 1.96482354
-0.49399 5.53805737 1.96476442
-0.49299 5.54766852 1.96469986
-0.49199 5.55774576 1.96462953
-0.49099 5.56831607 1.96455310
-0.48999 5.57940854 1.96447019
-0.48899 5.59105452 1.96438040
-0.48799 5.60328791 1.96428329
-0.48699 5.61614533 1.96417840
-0.48599 5.62966641 1.96406520
-0.48498 5.64389411 1.96394313
-0.48398 5.65887503 1.96381159
-0.48298 5.67465978 1.96366991
-0.48198 5.69130340 1.96351737
-0.48098 5.70886585 1.96335318
-0.47998 5.72741252 1.96317647
-0.47898 5.74701483 1.96298629
-0.47798 5.76775089 1.96278159
-0.47698 5.78970630 1.96256124
-0.47598 5.81297497 1.96232398
-0.47497 5.83766014 1.96206841
-0.47397 5.86387549 1.96179299
-0.47297 5.89174642 1.96149604
-0.47197 5.92141153 1.96117565
-0.47097 5.95302431 1.96082975
-0.46997 5.98675507 1.96045601
-0.46897 6.02279322 1.96005181
-0.46797 6.06134985 1.95961426
-0.46697 6.10266077 1.95914010
-0.46597 6.14699006 1.95862568
-0.46496 6.19463416 1.95806687
-0.46396 6.24592674 1.95745903
-0.46296 6.30124445 1.95679688
-0.46196 6.36101361 1.95607446
-0.46096 6.42571824 1.95528495
-0.45996 6.49590967 1.95442058
-0.45896 6.57221789 1.95347242
-0.45796 6.65536535 1.95243022
-0.45696 6.74618354 1.95128214
-0.45596 6.84563313 1.95001444
-0.45495 6.95482853 1.94861116
-0.45395 7.07506801 1.94705363
-0.45295 7.20787087 1.94531993
-0.45195 7.35502343 1.94338420
-0.45095 7.51863657 1.94121581
-0.44995 7.70121781 1.93877822
-0.44895 7.90576253 1.93602765
-0.44795 8.13586998 1.93291132
-0.44695 8.39589203 1.92936519
-0.44595 8.69112522 1.92531105
-0.44494 9.02806052 1.92065271
-0.44394 9.41471085 1.91527099
-0.44294 9.86104374 1.90901710
-0.44194 10.37955700 1.90170373
-0.44094 10.98605032 1.89309315
-0.43994 11.70066541 1.88288101
-0.43894 12.54929395 1.87067436
-0.43794 13.56548556 1.85596156
-0.43694 14.79302185 1.83807148
-0.43594 16.28934042 1.81611858
-0.43493 18.12994205 1.78893114
-0.43393 20.41366102 1.75496320
-0.43293 23.26789291 1.71220213
-0.43193 26.85080213 1.65811438
-0.43093 31.34263562 1.58974659
-0.42993 36.90814381 1.50425737
-0.42893 43.59603837 1.40041517
-0.42793 51.13320570 1.28176387
-0.42693 58.63086052 1.16131365
-0.42593 64.44706419 1.06412701
-0.42492 66.70856490 1.01987484
-0.42392 64.53610912 1.04394176
-0.42292 58.78102435 1.12505061
-0.42192 51.30938907 1.23526073
-0.42092 43.77286989 1.34888614
-0.41992 37.07289946 1.45134932
-0.41892 31.49116522 1.53764178
-0.41792 26.98322619 1.60796482
-0.41692 23.38597662 1.66452762
-0.41592 20.51955238 1.70992523
-0.41491 18.22566303 1.74650029
-0.41391 16.37662752 1.77617078
-0.41291 14.87331000 1.80044151
-0.41191 13.63994232 1.82047186
-0.41091 12.61886553 1.83715004
-0.40991 11.76612016 1.85115709
-0.40891 11.04801538 1.86301765
-0.40791 10.43854775 1.87313852
-0.40691 9.91748690 1.88183756
-0.40591 9.46896248 1.88936512
-0.40490 9.08041999 1.89592001
-0.40390 8.74184615 1.90166136
-0.40290 8.44519077 1.90671755
-0.40190 8.18393233 1.91119295
-0.40090 7.95274908 1.91517298
-0.39990 7.74726816 1.91872808
-0.39890 7.56387274 1.92191667
-0.39790 7.39955263 1.92478753
-0.39690 7.25178772 1.92738162
-0.39590 7.11845644 1.92973351
-0.39489 6.99776323 1.93187256
-0.39389 6.88818085 1.93382380
-0.39289 6.78840415 1.93560868
-0.39189 6.69731271 1.93724567
-0.39089 6.61394059 1.93875074
-0.38989 6.53745169 1.94013774
-0.38889 6.46711947 1.94141873
-0.38789 6.40231033 1.94260427
-0.38689 6.34246972 1.94370363
-0.38589 6.28711073 1.94472496
-0.38488 6.23580446 1.94567544
-0.38388 6.18817197 1.94656147
-0.38288 6.14387747 1.94738870
-0.38188 6.10262264 1.94816217
-0.38088 6.06414169 1.94888640
-0.37988 6.02819724 1.94956540
-0.37888 5.99457676 1.95020281
-0.37788 5.96308956 1.95080187
-0.37688 5.93356411 1.95136551
-0.37588 5.90584582 1.95189640
-0.37487 5.87979508 1.95239692
-0.37387 5.85528555 1.95286924
-0.37287 5.83220266 1.95331536
-0.37187 5.81044237 1.95373706
-0.37087 5.78991000 1.95413598
-0.36987 5.77051927 1.95451362
-0.36887 5.75219137 1.95487135
-0.36787 5.73485429 1.95521043
-0.36687 5.71844203 1.95553201
-0.36587 5.70289409 1.95583713
-0.36486 5.68815490 1.95612679
-0.36386 5.67417335 1.95640187
-0.36286 5.66090237 1.95666319
-0.36186 5.64829855 1.95691153
-0.36086 5.63632183 1.95714759
-0.35986 5.62493517 1.95737202
-0.35886 5.61410429 1.95758542
-0.35786 5.60379743 1.95778836
-0.35686 5.59398514 1.95798136
-0.35586 5.58464009 1.95816491
-0.35485 5.57573685 1.95833944
-0.35385 5.56725180 1.95850539
-0.35285 5.55916292 1.95866314
-0.35185 5.55144969 1.95881306
-0.35085 5.54409298 1.95895548
-0.34985 5.53707494 1.95909072
-0.34885 5.53037886 1.95921909
-0.34785 5.52398913 1.95934085
-0.34685 5.51789117 1.95945626
-0.34585 5.51207128 1.95956557
-0.34484 5.50651665 1.95966901
-0.34384 5.50121526 1.95976678
-0.34284 5.49615583 1.95985908
-0.34184 5.49132777 1.95994611
-0.34084 5.48672113 1.96002804
-0.33984 5.48232657 1.96010502
-0.33884 5.47813528 1.96017723
-0.33784 5.47413900 1.96024479
-0.33684 5.47032992 1.96030784
-0.33584 5.46670071 1.96036651
-0.33483 5.46324446 1.96042093
-0.33383 5.45995465 1.96047120
-0.33283 5.45682514 1.96051742
-0.33183 5.45385013 1.96055970
-0.33083 5.45102415 1.96059812
-0.32983 5.44834206 1.96063277
-0.32883 5.44579897 1.96066374
-0.32783 5.44339030 1.96069110
-0.32683 5.44111170 1.96071491
-0.32583 5.43895909 1.96073525
-0.32482 5.43692858 1.96075217
-0.32382 5.43501654 1.96076573
-0.32282 5.43321952 1.96077598
-0.32182 5.43153425 1.96078298
-0.32082 5.42995768 1.96078676
-0.31982 5.42848691 1.96078738
-0.31882 5.42711921 1.96078486
-0.31782 5.42585200 1.96077924
-0.31682 5.42468286 1.96077056
-0.31582 5.42360951 1.96075883
-0.31481 5.42262979 1.96074410
-0.31381 5.42174170 1.96072638
-0.31281 5.42094333 1.96070569
-0.31181 5.42023291 1.96068205
-0.31081 5.41960878 1.96065547
-0.30981 5.41906936 1.96062597
-0.30881 5.41861322 1.96059356
-0.30781 5.41823900 1.96055825
-0.30681 5.41794544 1.96052004
-0.30581 5.41773137 1.96047893
-0.30480 5.41759572 1.96043494
-0.30380 5.41753749 1.96038804
-0.30280 5.41755578 1.96033826
-0.30180 5.41764976 1.96028557
-0.30080 5.41781867 1.96022997
-0.29980 5.41806185 1.96017146
-0.29880 5.41837869 1.96011002
-0.29780 5.41876866 1.96004564
-0.29680 5.41923131 1.95997830
-0.29580 5.41976623 1.95990800
-0.29479 5.42037312 1.95983470
-0.29379 5.42105170 1.95975839
-0.29279 5.42180179 1.95967904
-0.29179 5.42262326 1.95959664
-0.29079 5.42351603 1.95951116
-0.28979 5.42448010 1.95942255
-0.28879 5.42551554 1.95933081
-0.28779 5.42662244 1.95923589
-0.28679 5.42780099 1.95913775
-0.28579 5.42905143 1.95903637
-0.28478 5.43037405 1.95893170
-0.28378 5.43176921 1.95882370
-0.28278 5.43323732 1.95871233
-0.28178 5.43477886 1.95859755
-0.28078 5.43639436 1.95847930
-0.27978 5.43808442 1.95835753
-0.27878 5.43984970 1.95823220
-0.27778 5.44169091 1.95810324
-0.27678 5.44360884 1.95797060
-0.27578 5.44560433 1.95783423
-0.27477 5.44767828 1.95769405
-0.27377 5.44983167 1.95755000
-0.27277 5.45206553 1.95740202
-0.27177 5.45438097 1.95725003
-0.27077 5.45677917 1.95709396
-0.26977 5.45926136 1.95693373
-0.26877 5.46182886 1.95676926
-0.26777 5.46448305 1.95660046
-0.26677 5.46722541 1.95642726
-0.26577 5.47005746 1.95624956
-0.26476 5.47298084 1.95606726
-0.26376 5.47599723 1.95588027
-0.26276 5.47910842 1.95568848
-0.26176 5.48231630 1.95549179
-0.26076 5.48562280 1.95529009
-0.25976 5.48903000 1.95508325
-0.25876 5.49254003 1.95487117
-0.25776 5.49615515 1.95465372
-0.25676 5.49987771 1.95443076
-0.25576 5.50371016 1.95420216
-0.25475 5.50765507 1.95396778
-0.25375 5.51171512 1.95372748
-0.25275 5.51589311 1.95348109
-0.25175 5.52019197 1.95322847
-0.25075 5.52461476 1.95296944
-0.24975 5.52916467 1.95270383
-0.24875 5.53384502 1.95243146
-0.24775 5.53865929 1.95215215
-0.24675 5.54361112 1.95186569
-0.24575 5.54870430 1.95157188
-0.24474 5.55394279 1.95127051
-0.24374 5.55933072 1.95096136
-0.24274 5.56487241 1.95064418
-0.24174 5.57057238 1.95031874
-0.24074 5.57643534 1.94998478
-0.23974 5.58246622 1.94964203
-0.23874 5.58867017 1.94929022
-0.23774 5.59505259 1.94892905
-0.23674 5.60161909 1.94855821
-0.23574 5.60837558 1.94817739
-0.23473 5.61532822 1.94778625
-0.23373 5.62248348 1.94738443
-0.23273 5.62984810 1.94697157
-0.23173 5.63742918 1.94654727
-0.23073 5.64523414 1.94611113
-0.22973 5.65327076 1.94566271
-0.22873 5.66154721 1.94520158
-0.22773 5.67007204 1.94472724
-0.22673 5.67885426 1.94423919
-0.22573 5.68790330 1.94373692
-0.22472 5.69722910 1.94321986
-0.22372 5.70684207 1.94268743
-0.22272 5.71675322 1.94213900
-0.22172 5.72697408 1.94157392
-0.22072 5.73751682 1.94099149
-0.21972 5.74839427 1.94039099
-0.21872 5.75961995 1.93977162
-0.21772 5.77120812 1.93913257
-0.21672 5.78317385 1.93847296
-0.21572 5.79553305 1.93779186
-0.21471 5.80830256 1.93708828
-0.21371 5.82150018 1.93636117
-0.21271 5.83514476 1.93560940
-0.21171 5.84925630 1.93483178
-0.21071 5.86385600 1.93402703
-0.20971 5.87896636 1.93319378
-0.20871 5.89461129 1.93233059
-0.20771 5.91081623 1.93143587
-0.20671 5.92760826 1.93050796
-0.20571 5.94501624 1.92954504
-0.20470 5.96307095 1.92854519
-0.20370 5.98180526 1.92750631
-0.20270 6.00125433 1.92642614
-0.20170 6.02145577 1.92530227
-0.20070 6.04244992 1.92413205
-0.19970 6.06428003 1.92291263
-0.19870 6.08699260 1.92164091
-0.19770 6.11063766 1.92031354
-0.19670 6.13526910 1.91892683
-0.19570 6.16094511 1.91747678
-0.19469 6.18772855 1.91595902
-0.19369 6.21568751 1.91436873
-0.19269 6.24489581 1.91270063
-0.19169 6.27543370 1.91094892
-0.19069 6.30738850 1.90910716
-0.18969 6.34085550 1.90716824
-0.18869 6.37593884 1.90512427
-0.18769 6.41275265 1.90296645
-0.18669 6.45142226 1.90068495
-0.18569 6.49208568 1.89826875
-0.18468 6.53489527 1.89570545
-0.18368 6.58001974 1.89298104
-0.18268 6.62764643 1.89007965
-0.18168 6.67798411 1.88698317
-0.18068 6.73126620 1.88367088
-0.17968 6.78775470 1.88011896
-0.17868 6.84774488 1.87629982
-0.17768 6.91157095 1.87218137
-0.17668 6.97961308 1.86772599
-0.17568 7.05230594 1.86288929
-0.17467 7.13014946 1.85761849
-0.17367 7.21372225 1.85185021
-0.17267 7.30369883 1.84550769
-0.17167 7.40087184 1.83849687
-0.17067 7.50618122 1.83070113
-0.16967 7.62075325 1.82197382
-0.16867 7.74595393 1.81212755
-0.16767 7.88346384 1.80091849
-0.16667 8.03538643 1.78802238
-0.16567 8.20441079 1.77299686
-0.16466 8.39406808 1.75521962
-0.16366 8.60916125 1.73378151
-0.16266 8.85654433 1.70729025
-0.16166 9.14669471 1.67348211
-0.16066 9.49737747 1.62838372
-0.15966 9.94402268 1.56436148
-0.15866 10.57605279 1.46639212
-0.15766 11.61486087 1.32833904
-0.15666 13.05876287 1.22351132
-0.15566 14.67168868 1.16579393
-0.15465 16.52456578 1.12522888
-0.15365 18.79928128 1.08619301
-0.15265 21.77833125 1.03443489
-0.15165 25.78996176 0.94406920
-0.15065 29.08999657 0.79009766
-0.14965 22.21641611 0.54251393
-0.14865 15.93110550 0.39169170
-0.14765 14.29413966 0.33339073
-0.14665 14.12455022 0.30328389
-0.14565 14.35861029 0.28150704
-0.14464 14.42652356 0.25722222
-0.14364 13.44940949 0.21570045
-0.14264 9.77038059 0.13557148
-0.14164 4.94213969 0.05544542
-0.14064 2.75074150 0.02517742
-0.13964 1.83636615 0.01426058
-0.13864 1.36380136 0.00924701
-0.13764 1.07986233 0.00652030
-0.13664 0.89179272 0.00486354
-0.13564 0.75867418 0.00377673
-0.13463 0.65985141 0.00302292
-0.13363 0.58381904 0.00247746
-0.13263 0.52367474 0.00206945
-0.13163 0.47503202 0.00175598
-0.13063 0.43497226 0.00150977
-0.12963 0.40147960 0.00131280
-0.12863 0.37311785 0.00115272
-0.12763 0.34883686 0.00102085
-0.12663 0.32785143 0.00091093
-0.12563 0.30956311 0.00081835
-0.12462 0.29350812 0.00073966
-0.12362 0.27932168 0.00067223
-0.12262 0.26671314 0.00061400
-0.12162 0.25544819 0.00056341
-0.12062 0.24533598 0.00051916
-0.11962 0.23621955 0.00048026
-0.11862 0.22796873 0.00044589
-0.11762 0.22047469 0.00041538
-0.11662 0.21364584 0.00038817
-0.11562 0.20740452 0.00036382
-0.11461 0.20168455 0.00034195
-0.11361 0.19642917 0.00032223
-0.11261 0.19158944 0.00030441
-0.11161 0.18712302 0.00028824
-0.11061 0.18299302 0.00027354
-0.10961 0.17916726 0.00026014
-0.10861 0.17561748 0.00024790
-0.10761 0.17231882 0.00023669
-0.10661 0.16924930 0.00022641
-0.10561 0.16638946 0.00021695
-0.10460 0.16372199 0.00020825
-0.10360 0.16123146 0.00020022
-0.10260 0.15890407 0.00019281
-0.10160 0.15672747 0.00018595
-0.10060 0.15469054 0.00017960
-0.09960 0.15278330 0.00017371
-0.09860 0.15099672 0.00016824
-0.09760 0.14932265 0.00016317
-0.09660 0.14775371 0.00015845
-0.09560 0.14628321 0.00015407
-0.09459 0.14490506 0.00014999
-0.09359 0.14361373 0.00014619
-0.09259 0.14240420 0.00014266
-0.09159 0.14127186 0.00013937
-0.09059 0.14021253 0.00013630
-0.08959 0.13922237 0.00013345
-0.08859 0.13829791 0.00013080
-0.08759 0.13743593 0.00012834
-0.08659 0.13663353 0.00012605
-0.08559 0.13588802 0.00012393
-0.08458 0.13519698 0.00012197
-0.08358 0.13455818 0.00012015
-0.08258 0.13396957 0.00011848
-0.08158 0.13342932 0.00011694
-0.08058 0.13293574 0.00011553
-0.07958 0.13248731 0.00011424
-0.07858 0.13208263 0.00011308
-0.07758 0.13172047 0.00011202
-0.07658 0.13139972 0.00011108
-0.07558 0.13111938 0.00011025
-0.07457 0.13087857 0.00010952
-0.07357 0.13067653 0.00010889
-0.07257 0.13051260 0.00010836
-0.07157 0.13038622 0.00010792
-0.07057 0.13029693 0.00010759
-0.06957 0.13024436 0.00010735
-0.06857 0.13022825 0.00010720
-0.06757 0.13024843 0.00010715
-0.06657 0.13030479 0.00010719
-0.06557 0.13039736 0.00010733
-0.06456 0.13052623 0.00010756
-0.06356 0.13069159 0.00010788
-0.06256 0.13089372 0.00010831
-0.06156 0.13113301 0.00010883
-0.06056 0.13140993 0.00010946
-0.05956 0.13172507 0.00011018
-0.05856 0.13207910 0.00011102
-0.05756 0.13247283 0.00011196
-0.05656 0.13290717 0.00011301
-0.05556 0.13338314 0.00011419
-0.05455 0.13390190 0.00011548
-0.05355 0.13446476 0.00011691
-0.05255 0.13507316 0.00011846
-0.05155 0.13572869 0.00012016
-0.05055 0.13643313 0.00012200
-0.04955 0.13718842 0.00012401
-0.04855 0.13799672 0.00012617
-0.04755 0.13886038 0.00012851
-0.04655 0.13978199 0.00013104
-0.04555 0.14076442 0.00013376
-0.04454 0.14181078 0.00013670
-0.04354 0.14292453 0.00013987
-0.04254 0.14410944 0.00014328
-0.04154 0.14536968 0.00014695
-0.04054 0.14670982 0.00015091
-0.03954 0.14813490 0.00015518
-0.03854 0.14965050 0.00015979
-0.03754 0.15126277 0.00016475
-0.03654 0.15297851 0.00017012
-0.03554 0.15480528 0.00017592
-0.03453 0.15675146 0.00018220
-0.03353 0.15882638 0.00018900
-0.03253 0.16104047 0.00019639
-0.03153 0.16340538 0.00020441
-0.03053 0.16593417 0.00021314
-0.02953 0.16864155 0.00022267
-0.02853 0.17154410 0.00023308
-0.02753 0.17466060 0.00024448
-0.02653 0.17801238 0.00025700
-0.02553 0.18162376 0.00027078
-0.02452 0.18552260 0.00028598
-0.02352 0.18974093 0.00030281
-0.02252 0.19431577 0.00032151
-0.02152 0.19929010 0.00034234
-0.02052 0.20471413 0.00036566
-0.01952 0.21064683 0.00039184
-0.01852 0.21715794 0.00042140
-0.01752 0.22433050 0.00045492
-0.01652 0.23226416 0.00049315
-0.01552 0.24107953 0.00053699
-0.01451 0.25092398 0.00058762
-0.01351 0.26197944 0.00064651
-0.01251 0.27447317 0.00071557
-0.01151 0.28869285 0.00079728
-0.01051 0.30500811 0.00089498
-0.00951 0.32390224 0.00101319
-0.00851 0.34601990 0.00115816
-0.00751 0.37224178 0.00133880
-0.00651 0.40380586 0.00156821
-0.00551 0.44251462 0.00186630
-0.00450 0.49111149 0.00226486
-0.00350 0.55402112 0.00281776
-0.00250 0.63896649 0.00362401
-0.00150 0.76104459 0.00488777
-0.00050 0.95517429 0.00710912
0.00050 1.31984109 0.01180419
0.00150 2.03555215 0.02230725
0.00250 3.03232402 0.03908458
0.00350 4.43221540 0.06646790
0.00450 6.14344226 0.10682818
0.00551 7.80054360 0.15662956
0.00651 9.42246437 0.22169976
0.00751 11.07806280 0.31659266
0.00851 12.77569262 0.47575848
0.00951 14.14746619 0.76840125
0.01051 14.30510313 1.13313974
0.01151 13.70105333 1.37926862
0.01251 13.01742856 1.52252538
0.01351 12.40601738 1.61299165
0.01451 11.87749037 1.67484683
0.01552 11.42066612 1.71966878
0.01652 11.02294339 1.75356988
0.01752 10.67369121 1.78006298
0.01852 10.36444912 1.80130625
0.01952 10.08855235 1.81869722
0.02052 9.84072786 1.83318009
0.02152 9.61676560 1.84541527
0.02252 9.41326876 1.85587833
0.02352 9.22746781 1.86492024
0.02452 9.05708184 1.87280555
0.02553 8.90021474 1.87973736
0.02653 8.75527653 1.88587414
0.02753 8.62092326 1.89134129
0.02853 8.49601060 1.89623932
0.02953 8.37955758 1.90064971
0.03053 8.27071797 1.90463918
0.03153 8.16875761 1.90826291
0.03253 8.07303617 1.91156688
0.03353 7.98299233 1.91458973
0.03453 7.89813183 1.91736415
0.03554 7.81801756 1.91991799
0.03654 7.74226142 1.92227510
0.03754 7.67051749 1.92445605
0.03854 7.60247642 1.92647866
0.03954 7.53786063 1.92835842
0.04054 7.47642025 1.93010889
0.04154 7.41792972 1.93174198
0.04254 7.36218488 1.93326819
0.04354 7.30900041 1.93469680
0.04454 7.25820771 1.93603607
0.04555 7.20965303 1.93729334
0.04655 7.16319584 1.93847520
0.04755 7.11870742 1.93958752
0.04855 7.07606966 1.94063562
0.04955 7.03517394 1.94162426
0.05055 6.99592021 1.94255776
0.05155 6.95821613 1.94344003
0.05255 6.92197638 1.94427463
0.05355 6.88712194 1.94506478
0.05455 6.85357957 1.94581344
0.05556 6.82128126 1.94652329
0.05656 6.79016377 1.94719680
0.05756 6.76016822 1.94783624
0.05856 6.73123973 1.94844368
0.05956 6.70332706 1.94902103
0.06056 6.67638236 1.94957006
0.06156 6.65036083 1.95009240
0.06256 6.62522054 1.95058955
0.06356 6.60092218 1.95106289
0.06456 6.57742885 1.95151374
0.06557 6.55470590 1.95194327
0.06657 6.53272075 1.95235262
0.06757 6.51144275 1.95274281
0.06857 6.49084303 1.95311482
0.06957 6.47089438 1.95346953
0.07057 6.45157114 1.95380780
0.07157 6.43284909 1.95413041
0.07257 6.41470534 1.95443810
0.07357 6.39711828 1.95473155
0.07457 6.38006745 1.95501142
0.07558 6.36353349 1.95527830
0.07658 6.34749808 1.95553276
0.07758 6.33194385 1.95577534
0.07858 6.31685436 1.95600654
0.07958 6.30221398 1.95622683
0.08058 6.28800793 1.95643665
0.08158 6.27422213 1.95663643
0.08258 6.26084327 1.95682656
0.08358 6.24785865 1.95700741
0.08458 6.23525625 1.95717933
0.08559 6.22302463 1.95734265
0.08659 6.21115290 1.95749768
0.08759 6.19963074 1.95764473
0.08859 6.18844832 1.95778406
0.08959 6.17759629 1.95791594
0.09059 6.16706577 1.95804063
0.09159 6.15684830 1.95815835
0.09259 6.14693585 1.95826934
0.09359 6.13732078 1.95837379
0.09459 6.12799583 1.95847192
0.09560 6.11895410 1.95856390
0.09660 6.11018903 1.95864991
0.09760 6.10169439 1.95873013
0.09860 6.09346429 1.95880472
0.09960 6.08549310 1.95887381
0.10060 6.07777552 1.95893757
0.10160 6.07030651 1.95899611
0.10260 6.06308132 1.95904956
0.10360 6.05609543 1.95909805
0.10460 6.04934462 1.95914169
0.10561 6.04282486 1.95918057
0.10661 6.03653239 1.95921481
0.10761 6.03046367 1.95924448
0.10861 6.02461540 1.95926969
0.10961 6.01898447 1.95929050
0.11061 6.01356800 1.95930700
0.11161 6.00836331 1.95931924
0.11261 6.00336793 1.95932731
0.11361 5.99857960 1.95933125
0.11461 5.99399623 1.95933112
0.11562 5.98961594 1.95932697
0.11662 5.98543704 1.95931885
0.11762 5.98145803 1.95930679
0.11862 5.97767760 1.95929083
0.11962 5.97409462 1.95927100
0.12062 5.97070816 1.95924732
0.12162 5.96751746 1.95921982
0.12262 5.96452195 1.95918852
0.12362 5.96172125 1.95915343
0.12462 5.95911517 1.95911455
0.12563 5.95670372 1.95907189
0.12663 5.95448708 1.95902545
0.12763 5.95246564 1.95897523
0.12863 5.95063998 1.95892122
0.12963 5.94901089 1.95886339
0.13063 5.94757936 1.95880174
0.13163 5.94634658 1.95873625
0.13263 5.94531397 1.95866687
0.13363 5.94448318 1.95859359
0.13463 5.94385605 1.95851636
0.13564 5.94343471 1.95843514
0.13664 5.94322147 1.95834989
0.13764 5.94321895 1.95826055
0.13864 5.94343000 1.95816705
0.13964 5.94385773 1.95806935
0.14064 5.94450557 1.95796736
0.14164 5.94537722 1.95786101
0.14264 5.94647668 1.95775022
0.14364 5.94780830 1.95763489
0.14464 5.94937675 1.95751494
0.14565 5.95118707 1.95739025
0.14665 5.95324465 1.95726072
0.14765 5.95555530 1.95712622
0.14865 5.95812523 1.95698663
0.14965 5.96096110 1.95684180
0.15065 5.96407003 1.95669160
0.15165 5.96745964 1.95653586
0.15265 5.97113806 1.95637442
0.15365 5.97511398 1.95620709
0.15465 5.97939670 1.95603370
0.15566 5.98399612 1.95585402
0.15666 5.98892283 1.95566786
0.15766 5.99418814 1.95547497
0.15866 5.99980412 1.95527511
0.15966 6.00578364 1.95506802
0.16066 6.01214049 1.95485341
0.16166 6.01888938 1.95463099
0.16266 6.02604603 1.95440044
0.16366 6.03362726 1.95416141
0.16466 6.04165107 1.95391355
0.16567 6.05013670 1.95365646
0.16667 6.05910478 1.95338974
0.16767 6.06857741 1.95311292
0.16867 6.07857830 1.95282555
0.16967 6.08913287 1.95252711
0.17067 6.10026845 1.95221705
0.17167 6.11201439 1.95189478
0.17267 6.12440227 1.95155969
0.17367 6.13746610 1.95121108
0.17467 6.15124254 1.95084824
0.17568 6.16577112 1.95047038
0.17668 6.18109455 1.95007665
0.17768 6.19725901 1.94966616
0.17868 6.21431446 1.94923790
0.17968 6.23231509 1.94879082
0.18068 6.25131967 1.94832377
0.18168 6.27139205 1.94783550
0.18268 6.29260174 1.94732464
0.18368 6.31502443 1.94678974
0.18468 6.33874276 1.94622918
0.18569 6.36384701 1.94564121
0.18669 6.39043604 1.94502392
0.18769 6.41861823 1.94437522
0.18869 6.44851262 1.94369283
0.18969 6.48025024 1.94297422
0.19069 6.51397553 1.94221662
0.19169 6.54984806 1.94141701
0.19269 6.58804446 1.94057199
0.19369 6.62876071 1.93967787
0.19469 6.67221468 1.93873050
0.19570 6.71864919 1.93772530
0.19670 6.76833553 1.93665716
0.19770 6.82157754 1.93552036
0.19870 6.87871643 1.93430852
0.19970 6.94013650 1.93301445
0.20070 7.00627177 1.93163008
0.20170 7.07761396 1.93014627
0.20270 7.15472192 1.92855268
0.20370 7.23823298 1.92683756
0.20470 7.32887647 1.92498749
0.20571 7.42749017 1.92298712
0.20671 7.53504010 1.92081881
0.20771 7.65264482 1.91846221
0.20871 7.78160502 1.91589374
0.20971 7.92344012 1.91308596
0.21071 8.07993352 1.91000677
0.21171 8.25318908 1.90661849
0.21271 8.44570189 1.90287660
0.21371 8.66044775 1.89872822
0.21471 8.90099679 1.89411021
0.21572 9.17165906 1.88894668
0.21672 9.47767211 1.88314588
0.21772 9.82544482 1.87659609
0.21872 10.22287627 1.86916035
0.21972 10.67977619 1.86066954
0.22072 11.20842280 1.85091322
0.22172 11.82430769 1.83962759
0.22272 12.54713530 1.82647942
0.22372 13.40216721 1.81104469
0.22472 14.42202774 1.79278031
0.22573 15.64910915 1.77098719
0.22673 17.13870942 1.74476317
0.22773 18.96294291 1.71294682
0.22873 21.21513295 1.67405923
0.22973 24.01347666 1.62626776
0.23073 27.50050599 1.56743480
0.23173 31.82983791 1.49539774
0.23273 37.12213595 1.40877739
0.23373 43.35949311 1.30879120
0.23473 50.18976514 1.20243110
0.23574 56.68880925 1.10599325
0.23674 61.34088183 1.04451672
0.23774 62.63136006 1.04113831
0.23874 60.08389935 1.10039864
0.23974 54.65920987 1.20356130
0.24074 47.99573445 1.32259855
0.24174 41.43667800 1.43600084
0.24274 35.68349297 1.53346592
0.24374 30.94167491 1.61278243
0.24474 27.16278574 1.67561630
0.24575 24.20901238 1.72482816
0.24675 21.93377268 1.76324173
0.24775 20.21276454 1.79322391
0.24875 18.95249117 1.81661910
0.24975 18.09087905 1.83480600
0.25075 17.59700320 1.84877759
0.25175 17.47370049 1.85920598
0.25275 17.76656705 1.86647587
0.25375 18.58533940 1.87067194
0.25475 20.15112460 1.87148915
0.25576 22.90313294 1.86798705
0.25676 27.75657059 1.85797501
0.25776 36.78207626 1.83642317
0.25876 55.11056516 1.79125948
0.25976 95.20138697 1.69569814
0.26076 162.01915695 1.55476010
0.26176 150.77907824 1.62221779
0.26276 82.49287007 1.79512256
0.26376 46.92396768 1.87675764
0.26476 32.01456173 1.91057873
0.26577 26.62561331 1.92456253
0.26677 24.39528442 1.92990404
0.26777 22.85150727 1.93234381
0.26877 21.62359781 1.93364872
0.26977 20.62620627 1.93443049
0.27077 19.81797685 1.93503328
0.27177 19.17548333 1.93585436
0.27277 18.69670990 1.93780821
0.27377 18.42871079 1.94336900
0.27477 18.38576369 1.95216258
0.27578 18.44427530 1.95883367
0.27678 18.57264844 1.96283129
0.27778 18.77714127 1.96468818
0.27878 19.06708204 1.96472431
0.27978 19.45326444 1.96308587
0.28078 19.94904694 1.95980665
0.28178 20.57158057 1.95483605
0.28278 21.34318069 1.94804730
0.28378 22.29302114 1.93923350
0.28478 23.45932871 1.92809435
0.28579 24.89224877 1.91421439
0.28679 26.65750745 1.89703266
0.28779 28.84081803 1.87580500
0.28879 31.55244692 1.84956506
0.28979 34.92997655 1.81710229
0.29079 39.13407700 1.77700518
0.29179 44.32535832 1.72787931
0.29279 50.59885271 1.66895435
0.29379 57.84179510 1.60139091
0.29479 65.50086093 1.53040305
0.29580 72.36929119 1.46716889
0.29680 76.74139732 1.42734669
0.29780 77.24615942 1.42340014
0.29880 73.84649935 1.45551770
0.29980 67.86793542 1.51149443
0.30080 61.02250244 1.57574274
0.30180 54.55207460 1.63709799
0.30280 49.04680551 1.69041276
0.30380 44.64763034 1.73466453
0.30480 41.27951827 1.77081231
0.30581 38.79688885 1.80047100
0.30681 37.05174973 1.82529561
0.30781 35.91838793 1.84676075
0.30881 35.29830479 1.86611695
0.30981 35.11756224 1.88441074
0.31081 35.32182605 1.90251805
0.31181 35.87103791 1.92117003
0.31281 36.73417644 1.94096225
0.31381 37.88398067 1.96234311
0.31481 39.29133949 1.98557864
0.31582 40.91913451 2.01069296
0.31682 42.71565650 2.03738865
0.31782 44.60835051 2.06496055
0.31882 46.49956900 2.09223152
0.31982 48.26696053 2.11755469
0.32082 49.77140238 2.13893360
0.32182 50.87400478 2.15429190
0.32282 51.46013741 2.16186757
0.32382 51.46379958 2.16062870
0.32482 50.88307411 2.15055912
0.32583 49.77981086 2.13269241
0.32683 48.26355032 2.10888156
0.32783 46.46658229 2.08140673
0.32883 44.51945962 2.05257193
0.32983 42.53367419 2.02440558
0.33083 40.59349840 1.99850556
0.33183 38.75535536 1.97600861
0.33283 37.05167858 1.95763741
0.33383 35.49651322 1.94378122
0.33483 34.09107381 1.93458024
0.33584 32.82839927 1.92999837
0.33684 31.69686886 1.92987977
0.33784 30.68266731 1.93398973
0.33884 29.77140877 1.94204314
0.33984 28.94914176 1.95372360
0.34084 28.20292428 1.96869651
0.34184 27.52111296 1.98661804
0.34284 26.89346933 2.00714168
0.34384 26.31115325 2.02992333
0.34484 25.76665024 2.05462560
0.34585 25.25366260 2.08092146
0.34685 24.76698360 2.10849748
0.34785 24.30236656 2.13705667
0.34885 23.85639630 2.16632089
0.34985 23.42636726 2.19603273
0.35085 23.01017099 2.22595694
0.35185 22.60619420 2.25588129
0.35285 22.21322804 2.28561694
0.35385 21.83038859 2.31499829
0.35485 21.45704808 2.34388249
0.35586 21.09277646 2.37214846
0.35686 20.73729224 2.39969574
0.35786 20.39042199 2.42644302
0.35886 20.05206736 2.45232656
0.35986 19.72217874 2.47729856
0.36086 19.40073474 2.50132541
0.36186 19.08772642 2.52438606
0.36286 18.78314565 2.54647035
0.36386 18.48697679 2.56757752
0.36486 18.19919104 2.58771473
0.36587 17.91974297 2.60689575
0.36687 17.64856869 2.62513980
0.36787 17.38558527 2.64247042
0.36887 17.13069112 2.65891457
0.36987 16.88376700 2.67450181
0.37087 16.64467752 2.68926353
0.37187 16.41327287 2.70323239
0.37287 16.18939072 2.71644177
0.37387 15.97285814 2.72892535
0.37487 15.76349356 2.74071673
0.37588 15.56110853 2.75184917
0.37688 15.36550952 2.76235531
0.37788 15.17649942 2.77226703
0.37888 14.99387901 2.78161526
0.37988 14.81744828 2.79042990
0.38088 14.64700747 2.79873975
0.38188 14.48235813 2.80657243
0.38288 14.32330396 2.81395438
0.38388 14.16965148 2.82091083
0.38488 14.02121069 2.82746581
0.38589 13.87779553 2.83364216
0.38689 13.73922430 2.83946155
0.38789 13.60531996 2.84494454
0.38889 13.47591039 2.85011055
0.38989 13.35082855 2.85497796
0.39089 13.22991258 2.85956414
0.39189 13.11300593 2.86388547
0.39289 12.99995729 2.86795738
0.39389 12.89062069 2.87179445
0.39489 12.78485537 2.87541039
0.39590 12.68252576 2.87881811
0.39690 12.58350137 2.88202977
0.39790 12.48765672 2.88505680
0.39890 12.39487118 2.88790998
0.39990 12.30502889 2.89059942
0.40090 12.21801859 2.89313464
0.40190 12.13373351 2.89552459
0.40290 12.05207117 2.89777769
0.40390 11.97293333 2.89990186
0.40490 11.89622573 2.90190454
0.40591 11.82185803 2.90379273
0.40691 11.74974363 2.90557301
0.40791 11.67979954 2.90725157
0.40891 11.61194620 2.90883423
0.40991 11.54610740 2.91032648
0.41091 11.48221010 2.91173346
0.41191 11.42018431 2.91306003
0.41291 11.35996299 2.91431074
0.41391 11.30148188 2.91548990
0.41491 11.24467943 2.91660154
0.41592 11.18949664 2.91764947
0.41692 11.13587699 2.91863729
0.41792 11.08376630 2.91956836
0.41892 11.03311265 2.92044587
0.41992 10.98386628 2.92127282
0.42092 10.93597948 2.92205204
0.42192 10.88940654 2.92278619
0.42292 10.84410362 2.92347778
0.42392 10.80002868 2.92412918
0.42492 10.75714142 2.92474263
0.42593 10.71540320 2.92532024
0.42693 10.67477694 2.92586401
0.42793 10.63522710 2.92637580
0.42893 10.59671958 2.92685739
0.42993 10.55922168 2.92731046
0.43093 10.52270200 2.92773659
0.43193 10.48713046 2.92813728
0.43293 10.45247817 2.92851394
0.43393 10.41871743 2.92886790
0.43493 10.38582165 2.92920043
0.43594 10.35376534 2.92951272
0.43694 10.32252403 2.92980590
0.43794 10.29207426 2.93008104
0.43894 10.26239352 2.93033914
0.43994 10.23346021 2.93058116
0.44094 10.20525364 2.93080800
0.44194 10.17775396 2.93102052
0.44294 10.15094216 2.93121953
0.44394 10.12479999 2.93140580
0.44494 10.09931002 2.93158005
0.44595 10.07445552 2.93174297
0.44695 10.05022049 2.93189520
0.44795 10.02658964 2.93203738
0.44895 10.00354835 2.93217007
0.44995 9.98108265 2.93229383
0.45095 9.95917923 2.93240918
0.45195 9.93782538 2.93251663
0.45295 9.91700902 2.93261665
0.45395 9.89671867 2.93270967
0.45495 9.87694343 2.93279612
0.45596 9.85767297 2.93287639
0.45696 9.83889754 2.93295088
0.45796 9.82060797 2.93301994
0.45896 9.80279562 2.93308390
0.45996 9.78545244 2.93314310
0.46096 9.76857090 2.93319783
0.46196 9.75214407 2.93324838
0.46296 9.73616556 2.93329504
0.46396 9.72062955 2.93333805
0.46496 9.70553081 2.93337767
0.46597 9.69086468 2.93341413
0.46697 9.67662713 2.93344765
0.46797 9.66281474 2.93347843
0.46897 9.64942472 2.93350668
0.46997 9.63645498 2.93353257
0.47097 9.62390411 2.93355630
0.47197 9.61177143 2.93357802
0.47297 9.60005706 2.93359789
0.47397 9.58876193 2.93361607
0.47497 9.57788785 2.93363268
0.47598 9.56743757 2.93364788
0.47698 9.55741486 2.93366177
0.47798 9.54782461 2.93367449
0.47898 9.53867287 2.93368614
0.47998 9.52996705 2.93369683
0.48098 9.52171595 2.93370665
0.48198 9.51393000 2.93371571
0.48298 9.50662137 2.93372409
0.48398 9.49980421 2.93373187
0.48498 9.49349488 2.93373913
0.48599 9.48771218 2.93374595
0.48699 9.48247774 2.93375240
0.48799 9.47781633 2.93375854
0.48899 9.47375638 2.93376445
0.48999 9.47033040 2.93377017
0.49099 9.46757570 2.93377577
0.49199 9.46553509 2.93378130
0.49299 9.46425777 2.93378682
0.49399 9.46380038 2.93379239
0.49499 9.46422837 2.93379806
0.49600 9.46561750 2.93380389
0.49700 9.46805581 2.93380994
0.49800 9.47164604 2.93381628
0.49900 9.47650850 2.93382297
0.50000 9.48278489 2.93383010
