0.00000000 0.00000000
0.00400400 0.00000030
0.00800801 0.00000063
0.01201201 0.00000098
0.01601602 0.00000136
0.02002002 0.00000175
0.02402402 0.00000217
0.02802803 0.00000261
0.03203203 0.00000306
0.03603604 0.00000354
0.04004004 0.00000403
0.04404404 0.00000453
0.04804805 0.00000505
0.05205205 0.00000558
0.05605606 0.00000612
0.06006006 0.00000667
0.06406406 0.00000723
0.06806807 0.00000779
0.07207207 0.00000836
0.07607608 0.00000894
0.08008008 0.00000953
0.08408408 0.00001011
0.08808809 0.00001071
0.09209209 0.00001130
0.09609610 0.00001190
0.10010010 0.00001250
0.10410410 0.00001310
0.10810811 0.00001371
0.11211211 0.00001431
0.11611612 0.00001492
0.12012012 0.00001553
0.12412412 0.00001614
0.12812813 0.00001675
0.13213213 0.00001736
0.13613614 0.00001797
0.14014014 0.00001859
0.14414414 0.00001920
0.14814815 0.00001981
0.15215215 0.00002043
0.15615616 0.00002104
0.16016016 0.00002165
0.16416416 0.00002227
0.16816817 0.00002288
0.17217217 0.00002350
0.17617618 0.00002411
0.18018018 0.00002473
0.18418418 0.00002534
0.18818819 0.00002596
0.19219219 0.00002658
0.19619620 0.00002719
0.20020020 0.00002781
0.20420420 0.00002842
0.20820821 0.00002904
0.21221221 0.00002965
0.21621622 0.00003027
0.22022022 0.00003089
0.22422422 0.00003150
0.22822823 0.00003212
0.23223223 0.00003273
0.23623624 0.00003335
0.24024024 0.00003397
0.24424424 0.00003458
0.24824825 0.00003520
0.25225225 0.00003581
0.25625626 0.00003643
0.26026026 0.00003705
0.26426426 0.00003766
0.26826827 0.00003828
0.27227227 0.00003889
0.27627628 0.00003951
0.28028028 0.00004013
0.28428428 0.00004074
0.28828829 0.00004136
0.29229229 0.00004197
0.29629630 0.00004259
0.30030030 0.00004321
0.30430430 0.00004382
0.30830831 0.00004444
0.31231231 0.00004505
0.31631632 0.00004567
0.32032032 0.00004629
0.32432432 0.00004690
0.32832833 0.00004752
0.33233233 0.00004813
0.33633634 0.00004875
0.34034034 0.00004937
0.34434434 0.00004998
0.34834835 0.00005060
0.35235235 0.00005122
0.35635636 0.00005183
0.36036036 0.00005245
0.36436436 0.00005306
0.36836837 0.00005368
0.37237237 0.00005430
0.37637638 0.00005491
0.38038038 0.00005553
0.38438438 0.00005614
0.38838839 0.00005676
0.39239239 0.00005738
0.39639640 0.00005799
0.40040040 0.00005861
0.40440440 0.00005922
0.40840841 0.00005984
0.41241241 0.00006046
0.41641642 0.00006107
0.42042042 0.00006169
0.42442442 0.00006230
0.42842843 0.00006292
0.43243243 0.00006354
0.43643644 0.00006415
0.44044044 0.00006477
0.44444444 0.00006539
0.44844845 0.00006600
0.45245245 0.00006662
0.45645646 0.00006723
0.46046046 0.00006785
0.46446446 0.00006847
0.46846847 0.00006908
0.47247247 0.00006970
0.47647648 0.00007031
0.48048048 0.00007093
0.48448448 0.00007155
0.48848849 0.00007216
0.49249249 0.00007278
0.49649650 0.00007340
0.50050050 0.00007401
0.50450450 0.00007463
0.50850851 0.00007524
0.51251251 0.00007586
0.51651652 0.00007648
0.52052052 0.00007709
0.52452452 0.00007771
0.52852853 0.00007832
0.53253253 0.00007894
0.53653654 0.00007956
0.54054054 0.00008017
0.54454454 0.00008079
0.54854855 0.00008140
0.55255255 0.00008202
0.55655656 0.00008264
0.56056056 0.00008325
0.56456456 0.00008387
0.56856857 0.00008449
0.57257257 0.00008510
0.57657658 0.00008572
0.58058058 0.00008633
0.58458458 0.00008695
0.58858859 0.00008757
0.59259259 0.00008818
0.59659660 0.00008880
0.60060060 0.00008941
0.60460460 0.00009003
0.60860861 0.00009065
0.61261261 0.00009126
0.61661662 0.00009188
0.62062062 0.00009249
0.62462462 0.00009311
0.62862863 0.00009373
0.63263263 0.00009434
0.63663664 0.00009496
0.64064064 0.00009558
0.64464464 0.00009619
0.64864865 0.00009681
0.65265265 0.00009742
0.65665666 0.00009804
0.66066066 0.00009866
0.66466466 0.00009927
0.66866867 0.00009989
0.67267267 0.00010050
0.67667668 0.00010112
0.68068068 0.00010174
0.68468468 0.00010235
0.68868869 0.00010297
0.69269269 0.00010359
0.69669670 0.00010420
0.70070070 0.00010482
0.70470470 0.00010543
0.70870871 0.00010605
0.71271271 0.00010667
0.71671672 0.00010728
0.72072072 0.00010790
0.72472472 0.00010851
0.72872873 0.00010913
0.73273273 0.00010975
0.73673674 0.00011036
0.74074074 0.00011098
0.74474474 0.00011159
0.74874875 0.00011221
0.75275275 0.00011283
0.75675676 0.00011344
0.76076076 0.00011406
0.76476476 0.00011468
0.76876877 0.00011529
0.77277277 0.00011591
0.77677678 0.00011652
0.78078078 0.00011714
0.78478478 0.00011776
0.78878879 0.00011837
0.79279279 0.00011899
0.79679680 0.00011960
0.80080080 0.00012022
0.80480480 0.00012084
0.80880881 0.00012145
0.81281281 0.00012207
0.81681682 0.00012269
0.82082082 0.00012330
0.82482482 0.00012392
0.82882883 0.00012453
0.83283283 0.00012515
0.83683684 0.00012577
0.84084084 0.00012638
0.84484484 0.00012700
0.84884885 0.00012762
0.85285285 0.00012823
0.85685686 0.00012885
0.86086086 0.00012946
0.86486486 0.00013008
0.86886887 0.00013070
0.87287287 0.00013131
0.87687688 0.00013193
0.88088088 0.00013255
0.88488488 0.00013317
0.88888889 0.00013378
0.89289289 0.00013440
0.89689690 0.00013502
0.90090090 0.00013564
0.90490490 0.00013625
0.90890891 0.00013687
0.91291291 0.00013749
0.91691692 0.00013811
0.92092092 0.00013873
0.92492492 0.00013935
0.92892893 0.00013997
0.93293293 0.00014060
0.93693694 0.00014122
0.94094094 0.00014184
0.94494494 0.00014247
0.94894895 0.00014310
0.95295295 0.00014373
0.95695696 0.00014436
0.96096096 0.00014499
0.96496496 0.00014563
0.96896897 0.00014627
0.97297297 0.00014691
0.97697698 0.00014756
0.98098098 0.00014821
0.98498498 0.00014887
0.98898899 0.00014954
0.99299299 0.00015021
0.99699700 0.00015089
1.00100100 0.00015158
1.00500501 0.00015229
1.00900901 0.00015300
1.01301301 0.00015373
1.01701702 0.00015447
1.02102102 0.00015523
1.02502503 0.00015601
1.02902903 0.00015680
1.03303303 0.00015762
1.03703704 0.00015845
1.04104104 0.00015931
1.04504505 0.00016019
1.04904905 0.00016110
1.05305305 0.00016203
1.05705706 0.00016298
1.06106106 0.00016395
1.06506507 0.00016495
1.06906907 0.00016597
1.07307307 0.00016700
1.07707708 0.00016806
1.08108108 0.00016914
1.08508509 0.00017023
1.08908909 0.00017134
1.09309309 0.00017246
1.09709710 0.00017360
1.10110110 0.00017474
1.10510511 0.00017590
1.10910911 0.00017706
1.11311311 0.00017824
1.11711712 0.00017942
1.12112112 0.00018060
1.12512513 0.00018179
1.12912913 0.00018299
1.13313313 0.00018419
1.13713714 0.00018540
1.14114114 0.00018661
1.14514515 0.00018782
1.14914915 0.00018903
1.15315315 0.00019025
1.15715716 0.00019146
1.16116116 0.00019268
1.16516517 0.00019390
1.16916917 0.00019512
1.17317317 0.00019635
1.17717718 0.00019757
1.18118118 0.00019880
1.18518519 0.00020002
1.18918919 0.00020125
1.19319319 0.00020248
1.19719720 0.00020370
1.20120120 0.00020493
1.20520521 0.00020616
1.20920921 0.00020739
1.21321321 0.00020862
1.21721722 0.00020985
1.22122122 0.00021108
1.22522523 0.00021231
1.22922923 0.00021355
1.23323323 0.00021478
1.23723724 0.00021601
1.24124124 0.00021725
1.24524525 0.00021849
1.24924925 0.00021972
1.25325325 0.00022096
1.25725726 0.00022220
1.26126126 0.00022345
1.26526527 0.00022469
1.26926927 0.00022594
1.27327327 0.00022719
1.27727728 0.00022845
1.28128128 0.00022970
1.28528529 0.00023097
1.28928929 0.00023223
1.29329329 0.00023351
1.29729730 0.00023479
1.30130130 0.00023607
1.30530531 0.00023737
1.30930931 0.00023868
1.31331331 0.00023999
1.31731732 0.00024132
1.32132132 0.00024266
1.32532533 0.00024402
1.32932933 0.00024539
1.33333333 0.00024678
1.33733734 0.00024819
1.34134134 0.00024961
1.34534535 0.00025106
1.34934935 0.00025253
1.35335335 0.00025402
1.35735736 0.00025553
1.36136136 0.00025706
1.36536537 0.00025861
1.36936937 0.00026019
1.37337337 0.00026178
1.37737738 0.00026339
1.38138138 0.00026502
1.38538539 0.00026667
1.38938939 0.00026833
1.39339339 0.00027000
1.39739740 0.00027169
1.40140140 0.00027338
1.40540541 0.00027508
1.40940941 0.00027678
1.41341341 0.00027848
1.41741742 0.00028018
1.42142142 0.00028188
1.42542543 0.00028358
1.42942943 0.00028526
1.43343343 0.00028694
1.43743744 0.00028860
1.44144144 0.00029025
1.44544545 0.00029187
1.44944945 0.00029347
1.45345345 0.00029504
1.45745746 0.00029658
1.46146146 0.00029808
1.46546547 0.00029955
1.46946947 0.00030096
1.47347347 0.00030233
1.47747748 0.00030364
1.48148148 0.00030490
1.48548549 0.00030610
1.48948949 0.00030722
1.49349349 0.00030829
1.49749750 0.00030928
1.50150150 0.00031020
1.50550551 0.00031106
1.50950951 0.00031184
1.51351351 0.00031255
1.51751752 0.00031320
1.52152152 0.00031379
1.52552553 0.00031431
1.52952953 0.00031478
1.53353353 0.00031520
1.53753754 0.00031557
1.54154154 0.00031589
1.54554555 0.00031618
1.54954955 0.00031643
1.55355355 0.00031665
1.55755756 0.00031684
1.56156156 0.00031701
1.56556557 0.00031716
1.56956957 0.00031728
1.57357357 0.00031739
1.57757758 0.00031748
1.58158158 0.00031756
1.58558559 0.00031763
1.58958959 0.00031769
1.59359359 0.00031774
1.59759760 0.00031779
1.60160160 0.00031783
1.60560561 0.00031786
1.60960961 0.00031789
1.61361361 0.00031791
1.61761762 0.00031793
1.62162162 0.00031795
1.62562563 0.00031797
1.62962963 0.00031798
1.63363363 0.00031799
1.63763764 0.00031800
1.64164164 0.00031801
1.64564565 0.00031801
1.64964965 0.00031802
1.65365365 0.00031803
1.65765766 0.00031803
1.66166166 0.00031803
1.66566567 0.00031804
1.66966967 0.00031804
1.67367367 0.00031804
1.67767768 0.00031804
1.68168168 0.00031805
1.68568569 0.00031805
1.68968969 0.00031805
1.69369369 0.00031805
1.69769770 0.00031805
1.70170170 0.00031805
1.70570571 0.00031805
1.70970971 0.00031805
1.71371371 0.00031805
1.71771772 0.00031805
1.72172172 0.00031805
1.72572573 0.00031806
1.72972973 0.00031806
1.73373373 0.00031806
1.73773774 0.00031806
1.74174174 0.00031806
1.74574575 0.00031806
1.74974975 0.00031806
1.75375375 0.00031806
1.75775776 0.00031806
1.76176176 0.00031806
1.76576577 0.00031806
1.76976977 0.00031806
1.77377377 0.00031806
1.77777778 0.00031806
1.78178178 0.00031806
1.78578579 0.00031806
1.78978979 0.00031806
1.79379379 0.00031806
1.79779780 0.00031806
1.80180180 0.00031806
1.80580581 0.00031806
1.80980981 0.00031806
1.81381381 0.00031806
1.81781782 0.00031806
1.82182182 0.00031806
1.82582583 0.00031806
1.82982983 0.00031806
1.83383383 0.00031806
1.83783784 0.00031806
1.84184184 0.00031806
1.84584585 0.00031806
1.84984985 0.00031806
1.85385385 0.00031806
1.85785786 0.00031806
1.86186186 0.00031806
1.86586587 0.00031806
1.86986987 0.00031806
1.87387387 0.00031806
1.87787788 0.00031806
1.88188188 0.00031806
1.88588589 0.00031806
1.88988989 0.00031806
1.89389389 0.00031806
1.89789790 0.00031806
1.90190190 0.00031806
1.90590591 0.00031806
1.90990991 0.00031806
1.91391391 0.00031806
1.91791792 0.00031806
1.92192192 0.00031806
1.92592593 0.00031806
1.92992993 0.00031806
1.93393393 0.00031806
1.93793794 0.00031806
1.94194194 0.00031806
1.94594595 0.00031806
1.94994995 0.00031806
1.95395395 0.00031806
1.95795796 0.00031806
1.96196196 0.00031806
1.96596597 0.00031806
1.96996997 0.00031806
1.97397397 0.00031806
1.97797798 0.00031806
1.98198198 0.00031806
1.98598599 0.00031806
1.98998999 0.00031806
1.99399399 0.00031806
1.99799800 0.00031806
2.00200200 0.00031806
2.00600601 0.00031806
2.01001001 0.00031806
2.01401401 0.00031806
2.01801802 0.00031806
2.02202202 0.00031806
2.02602603 0.00031806
2.03003003 0.00031806
2.03403403 0.00031806
2.03803804 0.00031806
2.04204204 0.00031806
2.04604605 0.00031806
2.05005005 0.00031806
2.05405405 0.00031806
2.05805806 0.00031806
2.06206206 0.00031806
2.06606607 0.00031806
2.07007007 0.00031806
2.07407407 0.00031806
2.07807808 0.00031806
2.08208208 0.00031806
2.08608609 0.00031806
2.09009009 0.00031806
2.09409409 0.00031806
2.09809810 0.00031806
2.10210210 0.00031806
2.10610611 0.00031806
2.11011011 0.00031806
2.11411411 0.00031806
2.11811812 0.00031806
2.12212212 0.00031806
2.12612613 0.00031806
2.13013013 0.00031806
2.13413413 0.00031806
2.13813814 0.00031806
2.14214214 0.00031806
2.14614615 0.00031806
2.15015015 0.00031806
2.15415415 0.00031806
2.15815816 0.00031806
2.16216216 0.00031806
2.16616617 0.00031806
2.17017017 0.00031806
2.17417417 0.00031806
2.17817818 0.00031806
2.18218218 0.00031806
2.18618619 0.00031806
2.19019019 0.00031806
2.19419419 0.00031806
2.19819820 0.00031806
2.20220220 0.00031806
2.20620621 0.00031806
2.21021021 0.00031806
2.21421421 0.00031806
2.21821822 0.00031806
2.22222222 0.00031806
2.22622623 0.00031806
2.23023023 0.00031806
2.23423423 0.00031806
2.23823824 0.00031806
2.24224224 0.00031806
2.24624625 0.00031806
2.25025025 0.00031806
2.25425425 0.00031806
2.25825826 0.00031806
2.26226226 0.00031806
2.26626627 0.00031806
2.27027027 0.00031806
2.27427427 0.00031806
2.27827828 0.00031806
2.28228228 0.00031806
2.28628629 0.00031806
2.29029029 0.00031806
2.29429429 0.00031806
2.29829830 0.00031806
2.30230230 0.00031806
2.30630631 0.00031806
2.31031031 0.00031806
2.31431431 0.00031806
2.31831832 0.00031806
2.32232232 0.00031806
2.32632633 0.00031806
2.33033033 0.00031806
2.33433433 0.00031806
2.33833834 0.00031806
2.34234234 0.00031806
2.34634635 0.00031806
2.35035035 0.00031806
2.35435435 0.00031806
2.35835836 0.00031806
2.36236236 0.00031806
2.36636637 0.00031806
2.37037037 0.00031806
2.37437437 0.00031806
2.37837838 0.00031806
2.38238238 0.00031806
2.38638639 0.00031806
2.39039039 0.00031806
2.39439439 0.00031806
2.39839840 0.00031806
2.40240240 0.00031806
2.40640641 0.00031806
2.41041041 0.00031806
2.41441441 0.00031806
2.41841842 0.00031806
2.42242242 0.00031806
2.42642643 0.00031806
2.43043043 0.00031806
2.43443443 0.00031806
2.43843844 0.00031806
2.44244244 0.00031806
2.44644645 0.00031806
2.45045045 0.00031806
2.45445445 0.00031806
2.45845846 0.00031806
2.46246246 0.00031806
2.46646647 0.00031806
2.47047047 0.00031806
2.47447447 0.00031806
2.47847848 0.00031806
2.48248248 0.00031806
2.48648649 0.00031806
2.49049049 0.00031806
2.49449449 0.00031806
2.49849850 0.00031806
2.50250250 0.00031806
2.50650651 0.00031806
2.51051051 0.00031806
2.51451451 0.00031806
2.51851852 0.00031806
2.52252252 0.00031806
2.52652653 0.00031806
2.53053053 0.00031806
2.53453453 0.00031806
2.53853854 0.00031806
2.54254254 0.00031806
2.54654655 0.00031806
2.55055055 0.00031806
2.55455455 0.00031806
2.55855856 0.00031806
2.56256256 0.00031806
2.56656657 0.00031806
2.57057057 0.00031806
2.57457457 0.00031806
2.57857858 0.00031806
2.58258258 0.00031806
2.58658659 0.00031806
2.59059059 0.00031806
2.59459459 0.00031806
2.59859860 0.00031806
2.60260260 0.00031806
2.60660661 0.00031806
2.61061061 0.00031806
2.61461461 0.00031806
2.61861862 0.00031806
2.62262262 0.00031806
2.62662663 0.00031806
2.63063063 0.00031806
2.63463463 0.00031806
2.63863864 0.00031806
2.64264264 0.00031806
2.64664665 0.00031806
2.65065065 0.00031806
2.65465465 0.00031806
2.65865866 0.00031806
2.66266266 0.00031806
2.66666667 0.00031806
2.67067067 0.00031806
2.67467467 0.00031806
2.67867868 0.00031806
2.68268268 0.00031806
2.68668669 0.00031806
2.69069069 0.00031806
2.69469469 0.00031806
2.69869870 0.00031806
2.70270270 0.00031806
2.70670671 0.00031806
2.71071071 0.00031806
2.71471471 0.00031806
2.71871872 0.00031806
2.72272272 0.00031806
2.72672673 0.00031806
2.73073073 0.00031806
2.73473473 0.00031806
2.73873874 0.00031806
2.74274274 0.00031806
2.74674675 0.00031806
2.75075075 0.00031806
2.75475475 0.00031806
2.75875876 0.00031806
2.76276276 0.00031806
2.76676677 0.00031806
2.77077077 0.00031806
2.77477477 0.00031806
2.77877878 0.00031806
2.78278278 0.00031806
2.78678679 0.00031806
2.79079079 0.00031806
2.79479479 0.00031806
2.79879880 0.00031806
2.80280280 0.00031806
2.80680681 0.00031806
2.81081081 0.00031806
2.81481481 0.00031806
2.81881882 0.00031806
2.82282282 0.00031806
2.82682683 0.00031806
2.83083083 0.00031806
2.83483483 0.00031806
2.83883884 0.00031806
2.84284284 0.00031806
2.84684685 0.00031806
2.85085085 0.00031806
2.85485485 0.00031806
2.85885886 0.00031806
2.86286286 0.00031806
2.86686687 0.00031806
2.87087087 0.00031806
2.87487487 0.00031806
2.87887888 0.00031806
2.88288288 0.00031806
2.88688689 0.00031806
2.89089089 0.00031806
2.89489489 0.00031806
2.89889890 0.00031806
2.90290290 0.00031806
2.90690691 0.00031806
2.91091091 0.00031806
2.91491491 0.00031806
2.91891892 0.00031806
2.92292292 0.00031806
2.92692693 0.00031806
2.93093093 0.00031806
2.93493493 0.00031806
2.93893894 0.00031806
2.94294294 0.00031806
2.94694695 0.00031806
2.95095095 0.00031806
2.95495495 0.00031806
2.95895896 0.00031806
2.96296296 0.00031806
2.96696697 0.00031806
2.97097097 0.00031806
2.97497497 0.00031806
2.97897898 0.00031806
2.98298298 0.00031806
2.98698699 0.00031806
2.99099099 0.00031806
2.99499499 0.00031806
2.99899900 0.00031806
3.00300300 0.00031806
3.00700701 0.00031806
3.01101101 0.00031806
3.01501502 0.00031806
3.01901902 0.00031806
3.02302302 0.00031806
3.02702703 0.00031806
3.03103103 0.00031806
3.03503504 0.00031806
3.03903904 0.00031806
3.04304304 0.00031806
3.04704705 0.00031806
3.05105105 0.00031806
3.05505506 0.00031806
3.05905906 0.00031806
3.06306306 0.00031806
3.06706707 0.00031806
3.07107107 0.00031806
3.07507508 0.00031806
3.07907908 0.00031806
3.08308308 0.00031806
3.08708709 0.00031806
3.09109109 0.00031806
3.09509510 0.00031806
3.09909910 0.00031806
3.10310310 0.00031806
3.10710711 0.00031806
3.11111111 0.00031806
3.11511512 0.00031806
3.11911912 0.00031806
3.12312312 0.00031806
3.12712713 0.00031806
3.13113113 0.00031806
3.13513514 0.00031806
3.13913914 0.00031806
3.14314314 0.00031806
3.14714715 0.00031806
3.15115115 0.00031806
3.15515516 0.00031806
3.15915916 0.00031806
3.16316316 0.00031806
3.16716717 0.00031806
3.17117117 0.00031806
3.17517518 0.00031806
3.17917918 0.00031806
3.18318318 0.00031806
3.18718719 0.00031806
3.19119119 0.00031806
3.19519520 0.00031806
3.19919920 0.00031806
3.20320320 0.00031806
3.20720721 0.00031806
3.21121121 0.00031806
3.21521522 0.00031806
3.21921922 0.00031806
3.22322322 0.00031806
3.22722723 0.00031806
3.23123123 0.00031806
3.23523524 0.00031806
3.23923924 0.00031806
3.24324324 0.00031806
3.24724725 0.00031806
3.25125125 0.00031806
3.25525526 0.00031806
3.25925926 0.00031806
3.26326326 0.00031806
3.26726727 0.00031806
3.27127127 0.00031806
3.27527528 0.00031806
3.27927928 0.00031806
3.28328328 0.00031806
3.28728729 0.00031806
3.29129129 0.00031806
3.29529530 0.00031806
3.29929930 0.00031806
3.30330330 0.00031806
3.30730731 0.00031806
3.31131131 0.00031806
3.31531532 0.00031806
3.31931932 0.00031806
3.32332332 0.00031806
3.32732733 0.00031806
3.33133133 0.00031806
3.33533534 0.00031806
3.33933934 0.00031806
3.34334334 0.00031806
3.34734735 0.00031806
3.35135135 0.00031806
3.35535536 0.00031806
3.35935936 0.00031806
3.36336336 0.00031806
3.36736737 0.00031806
3.37137137 0.00031806
3.37537538 0.00031806
3.37937938 0.00031806
3.38338338 0.00031806
3.38738739 0.00031806
3.39139139 0.00031806
3.39539540 0.00031806
3.39939940 0.00031806
3.40340340 0.00031806
3.40740741 0.00031806
3.41141141 0.00031806
3.41541542 0.00031806
3.41941942 0.00031806
3.42342342 0.00031806
3.42742743 0.00031806
3.43143143 0.00031806
3.43543544 0.00031806
3.43943944 0.00031806
3.44344344 0.00031806
3.44744745 0.00031806
3.45145145 0.00031806
3.45545546 0.00031806
3.45945946 0.00031806
3.46346346 0.00031806
3.46746747 0.00031806
3.47147147 0.00031806
3.47547548 0.00031806
3.47947948 0.00031806
3.48348348 0.00031806
3.48748749 0.00031806
3.49149149 0.00031806
3.49549550 0.00031806
3.49949950 0.00031806
3.50350350 0.00031806
3.50750751 0.00031806
3.51151151 0.00031806
3.51551552 0.00031806
3.51951952 0.00031806
3.52352352 0.00031806
3.52752753 0.00031806
3.53153153 0.00031806
3.53553554 0.00031806
3.53953954 0.00031806
3.54354354 0.00031806
3.54754755 0.00031806
3.55155155 0.00031806
3.55555556 0.00031806
3.55955956 0.00031806
3.56356356 0.00031806
3.56756757 0.00031806
3.57157157 0.00031806
3.57557558 0.00031806
3.57957958 0.00031806
3.58358358 0.00031806
3.58758759 0.00031806
3.59159159 0.00031806
3.59559560 0.00031806
3.59959960 0.00031806
3.60360360 0.00031806
3.60760761 0.00031806
3.61161161 0.00031806
3.61561562 0.00031806
3.61961962 0.00031806
3.62362362 0.00031806
3.62762763 0.00031806
3.63163163 0.00031806
3.63563564 0.00031806
3.63963964 0.00031806
3.64364364 0.00031806
3.64764765 0.00031806
3.65165165 0.00031806
3.65565566 0.00031806
3.65965966 0.00031806
3.66366366 0.00031806
3.66766767 0.00031806
3.67167167 0.00031806
3.67567568 0.00031806
3.67967968 0.00031806
3.68368368 0.00031806
3.68768769 0.00031806
3.69169169 0.00031806
3.69569570 0.00031806
3.69969970 0.00031806
3.70370370 0.00031806
3.70770771 0.00031806
3.71171171 0.00031806
3.71571572 0.00031806
3.71971972 0.00031806
3.72372372 0.00031806
3.72772773 0.00031806
3.73173173 0.00031806
3.73573574 0.00031806
3.73973974 0.00031806
3.74374374 0.00031806
3.74774775 0.00031806
3.75175175 0.00031806
3.75575576 0.00031806
3.75975976 0.00031806
3.76376376 0.00031806
3.76776777 0.00031806
3.77177177 0.00031806
3.77577578 0.00031806
3.77977978 0.00031806
3.78378378 0.00031806
3.78778779 0.00031806
3.79179179 0.00031806
3.79579580 0.00031806
3.79979980 0.00031806
3.80380380 0.00031806
3.80780781 0.00031806
3.81181181 0.00031806
3.81581582 0.00031806
3.81981982 0.00031806
3.82382382 0.00031806
3.82782783 0.00031806
3.83183183 0.00031806
3.83583584 0.00031806
3.83983984 0.00031806
3.84384384 0.00031806
3.84784785 0.00031806
3.85185185 0.00031806
3.85585586 0.00031806
3.85985986 0.00031806
3.86386386 0.00031806
3.86786787 0.00031806
3.87187187 0.00031806
3.87587588 0.00031806
3.87987988 0.00031806
3.88388388 0.00031806
3.88788789 0.00031806
3.89189189 0.00031806
3.89589590 0.00031806
3.89989990 0.00031806
3.90390390 0.00031806
3.90790791 0.00031806
3.91191191 0.00031806
3.91591592 0.00031806
3.91991992 0.00031806
3.92392392 0.00031806
3.92792793 0.00031806
3.93193193 0.00031806
3.93593594 0.00031806
3.93993994 0.00031806
3.94394394 0.00031806
3.94794795 0.00031806
3.95195195 0.00031806
3.95595596 0.00031806
3.95995996 0.00031806
3.96396396 0.00031806
3.96796797 0.00031806
3.97197197 0.00031806
3.97597598 0.00031806
3.97997998 0.00031806
3.98398398 0.00031806
3.98798799 0.00031806
3.99199199 0.00031806
3.99599600 0.00031806
4.00000000 0.00031806
