-4.50000 109.43266459 22.56604320
-4.49099 23.61130545 21.34458168
-4.48198 22.59165298 21.32971211
-4.47297 22.48463136 21.32673381
-4.46396 22.86039039 21.32732261
-4.45495 26.69276317 21.34999165
-4.44595 52.46852161 22.18414961
-4.43694 41.27246205 24.61286985
-4.42793 39.51814260 24.87513501
-4.41892 39.90668052 24.93691047
-4.40991 42.10204793 24.91824912
-4.40090 48.64364319 24.70171928
-4.39189 31.41581194 21.45492873
-4.38288 24.66790062 21.31061818
-4.37387 23.83181943 21.30102993
-4.36486 23.52892099 21.29606228
-4.35586 23.38123143 21.29141026
-4.34685 23.30034561 21.28585108
-4.33784 23.25768986 21.27796615
-4.32883 23.23591914 21.27434253
-4.31982 23.23372641 21.26715441
-4.31081 23.24716109 21.25858196
-4.30180 23.27567997 21.24829409
-4.29279 23.32019914 21.23565425
-4.28378 23.38394139 21.20113282
-4.27477 23.46496779 21.19995666
-4.26577 23.57444387 21.17765255
-4.25676 23.71812904 21.14763351
-4.24775 23.90991792 21.10498280
-4.23874 24.17232932 21.04276180
-4.22973 24.54676410 20.94372971
-4.22072 25.11591017 20.76047840
-4.21171 26.03492044 20.29023767
-4.20270 33.52005947 19.57464272
-4.19369 35.77756508 18.21897096
-4.18468 18.52809654 17.03331095
-4.17568 18.16656474 16.85871365
-4.16667 18.21728625 16.33216493
-4.15766 33.66378131 16.26225047
-4.14865 16.19588227 15.28365405
-4.13964 15.93826379 15.27391994
-4.13063 15.90036415 15.27184686
-4.12162 15.94577766 15.27108034
-4.11261 16.15548835 15.27467275
-4.10360 17.33977182 15.28973041
-4.09459 110.08552436 16.52071679
-4.08559 17.57789322 15.29177468
-4.07658 16.32857516 15.27407981
-4.06757 16.40079071 15.27095675
-4.05856 17.86653783 15.27259257
-4.04955 64.42501961 15.40886783
-4.04054 17.47722514 15.27747643
-4.03153 15.92514735 15.27128587
-4.02252 15.72409606 15.27122729
-4.01351 15.94841336 14.57494958
-4.00450 22.68077789 17.17202168
-3.99550 19.95895911 17.18223836
-3.98649 19.35015249 17.23713820
-3.97748 19.09506476 17.24010382
-3.96847 18.96553122 17.24100372
-3.95946 18.89821718 17.24167605
-3.95045 18.87553807 17.24230948
-3.94144 18.91959477 17.24541525
-3.93243 19.78417293 17.30231456
-3.92342 22.62980798 19.19055280
-3.91441 21.61742019 19.23245669
-3.90541 21.35330286 19.24623265
-3.89640 21.23425209 19.25556891
-3.88739 21.18220584 19.26266498
-3.87838 21.16434639 19.26805910
-3.86937 21.16747502 19.27216576
-3.86036 21.18530410 19.27523855
-3.85135 21.21461017 19.27743899
-3.84234 21.25372891 19.27885482
-3.83333 21.30188828 19.27942825
-3.82432 21.35893000 19.27736522
-3.81532 21.42382434 19.26657631
-3.80631 21.49654617 19.26182841
-3.79730 21.58685531 19.27695151
-3.78829 21.68477715 19.27497126
-3.77928 21.79634993 19.27214632
-3.77027 21.92379446 19.26847297
-3.76126 22.07017329 19.26379416
-3.75225 22.23990099 19.25745896
-3.74324 22.43647665 19.24438687
-3.73423 22.67199975 19.24100849
-3.72523 22.95401331 19.22871177
-3.71622 23.30550887 19.21185022
-3.70721 23.74077941 19.18843620
-3.69820 24.31949832 19.15195265
-3.68919 25.12730659 19.08911582
-3.68018 26.38736616 18.94360454
-3.67117 30.92670211 18.21413714
-3.66216 29.12487826 17.11408600
-3.65315 36.20219896 16.93839798
-3.64414 35.15184353 15.63742416
-3.63514 18.04081824 15.25043486
-3.62613 17.10386673 15.24460804
-3.61712 17.31821034 15.24328208
-3.60811 32.76955366 15.30041359
-3.59910 20.86526351 15.21669295
-3.59009 17.91754462 15.21219723
-3.58108 17.84729824 15.20944113
-3.57207 33.06385941 15.39312456
-3.56306 35.03439537 17.06837497
-3.55405 29.28458661 17.10042306
-3.54505 26.93923202 17.12308127
-3.53604 25.90886767 17.14340422
-3.52703 29.11533424 19.00765898
-3.51802 27.12282053 19.09793426
-3.50901 26.34761311 19.10912468
-3.50000 25.85861631 19.10900073
-3.49099 25.51080992 19.10170873
-3.48198 25.25562927 19.08783569
-3.47297 25.07416663 19.06630883
-3.46396 24.96629988 19.03404101
-3.45495 24.96470788 18.98246110
-3.44595 25.28954658 18.86797621
-3.43694 24.78592712 18.04982095
-3.42793 23.57574817 17.97788451
-3.41892 23.47357603 17.97782032
-3.40991 23.44082071 17.97932677
-3.40090 23.46994774 17.98210400
-3.39189 23.78123404 17.99400022
-3.38288 34.64884620 18.35913516
-3.37387 23.70192379 17.98806983
-3.36486 23.57330756 17.98145942
-3.35586 23.62244313 17.97946470
-3.34685 23.72453129 17.97793454
-3.33784 23.87080312 17.97695335
-3.32883 24.06779483 17.96184505
-3.31982 24.32897470 17.97168887
-3.31081 24.68411746 17.96952027
-3.30180 25.18487604 17.96460916
-3.29279 25.95174498 17.95676601
-3.28378 27.32435500 17.94154332
-3.27477 30.98763875 17.89016232
-3.26577 23.96048342 16.03703248
-3.25676 21.03224344 15.93433548
-3.24775 21.57194707 15.72823566
-3.23874 19.23884604 13.96948343
-3.22973 19.90834963 14.00184562
-3.22072 23.50921118 14.20325843
-3.21171 21.67527231 14.84234319
-3.20270 21.32099487 14.99688205
-3.19369 23.04867244 16.85414372
-3.18468 23.02552994 17.00773852
-3.17568 23.19373080 17.10494483
-3.16667 23.43905303 17.14325572
-3.15766 23.92825472 17.13554221
-3.14865 27.40163408 16.66763151
-3.13964 25.07908664 17.05698323
-3.13063 26.11640092 17.16659929
-3.12162 27.90320586 17.14399645
-3.11261 31.76429201 17.03946458
-3.10360 25.17040721 15.50636918
-3.09459 19.52269882 15.32143694
-3.08559 19.15208211 15.31056446
-3.07658 19.05189645 15.30760093
-3.06757 19.02619073 15.30659793
-3.05856 19.03427644 15.30620008
-3.04955 19.06327912 15.30595454
-3.04054 19.10854667 15.30563025
-3.03153 19.16868264 15.30512460
-3.02252 19.24400533 15.30436631
-3.01351 19.33604634 15.30329622
-3.00450 19.44749766 15.30185237
-2.99550 19.58244718 15.29995780
-2.98649 19.74692618 15.29750534
-2.97748 19.94994164 15.29433063
-2.96847 20.20542178 15.29013862
-2.95946 20.53611928 15.28403922
-2.95045 20.98664089 15.23576009
-2.94144 21.62222071 15.26559099
-2.93243 22.64190733 15.24871572
-2.92342 24.63186931 15.20810197
-2.91441 31.10048730 14.83623748
-2.90541 17.19227240 13.34269243
-2.89640 16.27702497 13.32061636
-2.88739 16.11975283 13.30936992
-2.87838 16.05391452 13.29759239
-2.86937 16.01604739 13.28279997
-2.86036 15.99080423 13.26231837
-2.85135 15.97409877 13.23138846
-2.84234 15.97190176 13.17874478
-2.83333 16.11635692 13.01116864
-2.82432 15.29424295 12.05575973
-2.81532 16.16577210 12.09363082
-2.80631 16.02765845 12.07968821
-2.79730 15.20758289 12.04505510
-2.78829 15.12559207 12.04210245
-2.77928 15.09634636 12.04132354
-2.77027 15.08086224 12.04116430
-2.76126 15.07352350 12.04161789
-2.75225 15.08409524 12.04484166
-2.74324 15.90429642 12.51041564
-2.73423 15.86290561 13.15649123
-2.72523 15.84959021 13.22072427
-2.71622 15.84578867 13.25575752
-2.70721 15.84289552 13.27696592
-2.69820 15.83956417 13.27054328
-2.68919 15.83935887 13.29929653
-2.68018 15.85227685 13.28462483
-2.67117 15.83132582 13.30471663
-2.66216 15.83407027 13.31885280
-2.65315 15.83433521 13.32291822
-2.64414 15.83498773 13.32571324
-2.63514 15.83614039 13.32785892
-2.62613 15.83784639 13.32955040
-2.61712 15.84006533 13.33089912
-2.60811 15.84266948 13.33197755
-2.59910 15.84524179 13.33282898
-2.59009 15.84580442 13.33339129
-2.58108 16.04004584 13.19044003
-2.57207 15.87447481 13.33405724
-2.56306 15.87743168 13.33479104
-2.55405 15.88399951 13.33508258
-2.54505 15.89214511 13.33527365
-2.53604 15.90151157 13.33539338
-2.52703 15.91202063 13.33545413
-2.51802 15.92368163 13.33546391
-2.50901 15.93654567 13.33542869
-2.50000 15.95069307 13.33535313
-2.49099 15.96623196 13.33524093
-2.48198 15.98330300 13.33509486
-2.47297 16.00208974 13.33491638
-2.46396 16.02283927 13.33469865
-2.45495 16.04551427 13.33393637
-2.44595 16.07167510 13.33420820
-2.43694 16.10096182 13.33392463
-2.42793 16.13485738 13.33360584
-2.41892 16.17530376 13.33325096
-2.40991 16.22596405 13.33284658
-2.40090 16.29470229 13.33234683
-2.39189 16.40189055 13.33151587
-2.38288 16.62219152 13.32606429
-2.37387 17.43352127 13.12952137
-2.36486 52.14511460 13.76405526
-2.35586 39.14522537 15.17652616
-2.34685 32.53152086 15.22637534
-2.33784 29.69563380 15.24526844
-2.32883 28.06042981 15.25613407
-2.31982 26.98857968 15.26255018
-2.31081 26.23760070 15.26336449
-2.30180 25.68334566 15.27026142
-2.29279 25.27342218 15.27253417
-2.28378 24.96915177 15.27406769
-2.27477 24.74924193 15.27496764
-2.26577 24.60127986 15.27428350
-2.25676 24.52065060 15.27397955
-2.24775 24.51031116 15.27512017
-2.23874 24.57982881 15.27420476
-2.22973 24.76053410 15.27234381
-2.22072 25.13497260 15.26886826
-2.21171 26.00692998 15.26077526
-2.20270 31.21175575 15.13623986
-2.19369 22.96607674 14.28869666
-2.18468 22.75791447 14.27900390
-2.17568 22.77508689 14.28498145
-2.16667 22.86536209 14.28407734
-2.15766 23.00321146 14.28278192
-2.14865 23.19068660 14.28112929
-2.13964 23.43830515 14.27902972
-2.13063 23.76614786 14.27630635
-2.12162 24.21166183 14.27259844
-2.11261 24.85241458 14.26691790
-2.10360 25.88790940 14.24933812
-2.09459 28.06802362 14.23209993
-2.08559 40.06741958 13.58234032
-2.07658 21.79617339 12.29862620
-2.06757 21.65570498 12.29173109
-2.05856 21.88758937 12.28889143
-2.04955 22.25696345 12.28585308
-2.04054 22.76557195 12.28210108
-2.03153 23.49056802 12.27657968
-2.02252 25.00784098 11.80927440
-2.01351 26.04339879 12.24644467
-2.00450 28.35683249 12.24378009
-1.99550 34.42184529 12.19988324
-1.98649 41.85157773 10.69436031
-1.97748 15.21822452 10.33531341
-1.96847 14.61862100 10.33348750
-1.95946 14.48270716 10.33284089
-1.95045 14.44249118 10.33231430
-1.94144 14.43713809 10.33180315
-1.93243 14.44896373 10.33128453
-1.92342 14.47127157 10.33075036
-1.91441 14.50115703 10.33019612
-1.90541 14.53730417 10.32961765
-1.89640 14.57887729 10.32899695
-1.88739 14.62673559 10.32835669
-1.87838 14.68083753 10.32720717
-1.86937 14.74118074 10.32694915
-1.86036 14.80909540 10.32618420
-1.85135 14.88568156 10.32541760
-1.84234 14.97253993 10.32453296
-1.83333 15.07186035 10.32356030
-1.82432 15.18664151 10.32247939
-1.81532 15.32110480 10.32125997
-1.80631 15.48139380 10.31985745
-1.79730 15.67684388 10.31820350
-1.78829 15.92246493 10.31618682
-1.77928 16.24429406 10.31361022
-1.77027 16.69259998 10.31007816
-1.76126 17.38170911 10.30460820
-1.75225 18.66369227 10.29218169
-1.74324 22.96752596 9.34950276
-1.73423 14.69419510 8.35803259
-1.72523 13.12185524 8.33679792
-1.71622 12.98146674 8.33513299
-1.70721 12.94587130 8.33445618
-1.69820 12.93732685 8.33397291
-1.68919 12.93950378 8.33354777
-1.68018 12.94711690 8.33314349
-1.67117 12.95800959 8.33274666
-1.66216 12.97116599 8.33235149
-1.65315 12.98606096 8.33195511
-1.64414 13.00240713 8.33155592
-1.63514 13.02004344 8.33115290
-1.62613 13.03888113 8.33074538
-1.61712 13.05887572 8.33033279
-1.60811 13.08001146 8.32991469
-1.59910 13.10229244 8.32949067
-1.59009 13.12573731 8.32906032
-1.58108 13.15037604 8.32862327
-1.57207 13.17624799 8.32817911
-1.56306 13.20340072 8.32772743
-1.55405 13.23188941 8.32726778
-1.54505 13.26177657 8.32679970
-1.53604 13.29313204 8.32632269
-1.52703 13.32603325 8.32583622
-1.51802 13.36056559 8.32533969
-1.50901 13.39682330 8.32483235
-1.50000 13.43495066 8.32430435
-1.49099 13.47493555 8.32378284
-1.48198 13.51702657 8.32324004
-1.47297 13.56132049 8.32268293
-1.46396 13.60796722 8.32211104
-1.45495 13.65713266 8.32152332
-1.44595 13.70900055 8.32091840
-1.43694 13.76377266 8.32029481
-1.42793 13.82167964 8.31965263
-1.41892 13.88297844 8.31898583
-1.40991 13.94802567 8.31827810
-1.40090 14.01684626 8.31758849
-1.39189 14.09011759 8.31684990
-1.38288 14.16811470 8.31607270
-1.37387 14.25132521 8.31527607
-1.36486 14.34023790 8.31444020
-1.35586 14.43546879 8.31356181
-1.34685 14.53776358 8.31263631
-1.33784 14.64775142 8.31166317
-1.32883 14.76650317 8.31052234
-1.31982 14.89509197 8.30954605
-1.31081 15.03483498 8.30838690
-1.30180 15.18839327 8.30701314
-1.29279 15.35441319 8.30581011
-1.28378 15.53847098 8.30436678
-1.27477 15.74236915 8.30279566
-1.26577 15.96977410 8.30106709
-1.25676 16.22537393 8.29915512
-1.24775 16.51529624 8.29704873
-1.23874 16.84800282 8.29464828
-1.22973 17.23506381 8.29189738
-1.22072 17.69318555 8.28867751
-1.21171 18.24813853 8.28483062
-1.20270 18.94232992 8.28004986
-1.19369 19.85365230 8.27378124
-1.18468 21.15305070 8.26470773
-1.17568 23.36754861 8.24790252
-1.16667 31.03367842 8.10470757
-1.15766 20.49455860 6.28486184
-1.14865 22.34253133 6.25938778
-1.13964 27.57704387 6.21751819
-1.13063 46.08304799 5.00852798
-1.12162 10.41560913 4.34059910
-1.11261 9.75254139 4.33853050
-1.10360 9.58560294 4.33800966
-1.09459 9.51395279 4.33766530
-1.08559 9.47506363 4.33736499
-1.07658 9.45093669 4.33708033
-1.06757 9.43462239 4.33680239
-1.05856 9.42291585 4.33652757
-1.04955 9.41415085 4.33625416
-1.04054 9.40738299 4.33598123
-1.03153 9.40204131 4.33570816
-1.02252 9.39776316 4.33543453
-1.01351 9.39430944 4.33515997
-1.00450 9.39151827 4.33488412
-0.99550 9.38927832 4.33460657
-0.98649 9.38751312 4.33432685
-0.97748 9.38617155 4.33404433
-0.96847 9.38522253 4.33375817
-0.95946 9.38465267 4.33346717
-0.95045 9.38446690 4.33316956
-0.94144 9.38469294 4.33286259
-0.93243 9.38539303 4.33254176
-0.92342 9.38669145 4.33219925
-0.91441 9.38884431 4.33182021
-0.90541 9.39244256 4.33137304
-0.89640 9.39914278 4.33077712
-0.88739 9.41529572 4.32974655
-0.87838 9.48386878 4.32602504
-0.86937 10.03424179 3.52628482
-0.86036 7.25726227 2.43771090
-0.85135 7.87779911 2.49272022
-0.84234 8.52614518 2.94677895
-0.83333 9.42587693 4.31734185
-0.82432 9.37790402 4.32672746
-0.81532 9.37529128 4.32792451
-0.80631 9.37827909 4.32771245
-0.79730 9.38226181 4.32816201
-0.78829 9.38649519 4.32801978
-0.77928 9.39083669 4.32781507
-0.77027 9.39529772 4.32757917
-0.76126 9.39991763 4.32732452
-0.75225 9.40473884 4.32705742
-0.74324 9.40980135 4.32678136
-0.73423 9.41514226 4.32649840
-0.72523 9.42079669 4.32620980
-0.71622 9.42679875 4.32591633
-0.70721 9.43318253 4.32561844
-0.69820 9.43998285 4.32531640
-0.68919 9.44723609 4.32501032
-0.68018 9.45498077 4.32470023
-0.67117 9.46325828 4.32438604
-0.66216 9.47211351 4.32406763
-0.65315 9.48159559 4.32374479
-0.64414 9.49175866 4.32341726
-0.63514 9.50266277 4.32308475
-0.62613 9.51437492 4.32274686
-0.61712 9.52697026 4.32240318
-0.60811 9.54053357 4.32205319
-0.59910 9.55516093 4.32169632
-0.59009 9.57096193 4.32133187
-0.58108 9.58806216 4.32095907
-0.57207 9.60660651 4.32057701
-0.56306 9.62676314 4.32018461
-0.55405 9.64872862 4.31978063
-0.54505 9.67273436 4.31936359
-0.53604 9.69905506 4.31893172
-0.52703 9.72801973 4.31848291
-0.51802 9.76002629 4.31801459
-0.50901 9.79556131 4.31752361
-0.50000 9.83522715 4.31700607
-0.49099 9.87977986 4.31645704
-0.48198 9.93018354 4.31587024
-0.47297 9.98769008 4.31523744
-0.46396 10.05395970 4.31454770
-0.45495 10.13124948 4.31378604
-0.44595 10.22272028 4.31293126
-0.43694 10.33296123 4.31195226
-0.42793 10.46894102 4.31080098
-0.41892 10.64186769 4.30939829
-0.40991 10.87119865 4.30760180
-0.40090 11.19452636 4.30512013
-0.39189 11.69725886 4.30122030
-0.38288 12.63644459 4.29317541
-0.37387 15.52889881 4.24952680
-0.36486 9.39285865 2.35367450
-0.35586 8.41461265 2.32548586
-0.34685 8.31005603 2.32355388
-0.33784 8.27671739 2.32287009
-0.32883 8.26232140 2.32243829
-0.31982 8.25548550 2.32208680
-0.31081 8.25244876 2.32176735
-0.30180 8.25165733 2.32146220
-0.29279 8.25237571 2.32116357
-0.28378 8.25422597 2.32086757
-0.27477 8.25700655 2.32057199
-0.26577 8.26061197 2.32027546
-0.25676 8.26499398 2.31997700
-0.24775 8.27014168 2.31967586
-0.23874 8.27607091 2.31937137
-0.22973 8.28281881 2.31906291
-0.22072 8.29044122 2.31874984
-0.21171 8.29901207 2.31843146
-0.20270 8.30862407 2.31810702
-0.19369 8.31939071 2.31777566
-0.18468 8.33144938 2.31743639
-0.17568 8.34496588 2.31708804
-0.16667 8.36014051 2.31672921
-0.15766 8.37721640 2.31635825
-0.14865 8.39649072 2.31597311
-0.13964 8.41832989 2.31557128
-0.13063 8.44319070 2.31514962
-0.12162 8.47164995 2.31470414
-0.11261 8.50444695 2.31422967
-0.10360 8.54254601 2.31371941
-0.09459 8.58723103 2.31316416
-0.08559 8.64025346 2.31255117
-0.07658 8.70407303 2.31186213
-0.06757 8.78226910 2.31106965
-0.05856 8.88028544 2.31013057
-0.04955 9.00688307 2.30897200
-0.04054 9.17726065 2.30745887
-0.03153 9.42069928 2.30530459
-0.02252 9.80326635 2.30175669
-0.01351 10.52045326 2.29389148
-0.00450 12.65211201 2.24924578
0.00450 7.85113497 0.35368376
0.01351 7.04139769 0.32337246
0.02252 6.95945911 0.32147171
0.03153 6.96348539 0.32081649
0.04054 6.99081791 0.32041485
0.04955 7.04660957 0.32009689
0.05856 7.09402808 0.31981426
0.06757 7.12856288 0.31954884
0.07658 7.15753968 0.31929295
0.08559 7.18304269 0.31904275
0.09459 7.20605701 0.31879617
0.10360 7.22715361 0.31855202
0.11261 7.24670385 0.31830957
0.12162 7.26496783 0.31806836
0.13063 7.28213738 0.31782807
0.13964 7.29835946 0.31758849
0.14865 7.31374996 0.31734948
0.15766 7.32840240 0.31711093
0.16667 7.34239367 0.31687276
0.17568 7.35578798 0.31663491
0.18468 7.36863968 0.31639735
0.19369 7.38099527 0.31616003
0.20270 7.39289495 0.31592293
0.21171 7.40437377 0.31568603
0.22072 7.41546253 0.31544932
0.22973 7.42618850 0.31521278
0.23874 7.43657595 0.31497641
0.24775 7.44664664 0.31474020
0.25676 7.45642015 0.31450415
0.26577 7.46591423 0.31426825
0.27477 7.47514502 0.31403250
0.28378 7.48412728 0.31379690
0.29279 7.49287455 0.31356146
0.30180 7.50139933 0.31332618
0.31081 7.50971321 0.31309105
0.31982 7.51782695 0.31285609
0.32883 7.52575063 0.31262129
0.33784 7.53349373 0.31238668
0.34685 7.54106519 0.31215225
0.35586 7.54847351 0.31191802
0.36486 7.55572683 0.31168400
0.37387 7.56283298 0.31145020
0.38288 7.56979955 0.31121664
0.39189 7.57663400 0.31098334
0.40090 7.58334369 0.31075032
0.40991 7.58993600 0.31051761
0.41892 7.59641843 0.31028525
0.42793 7.60279866 0.31005326
0.43694 7.60908478 0.30982170
0.44595 7.61528536 0.30959061
0.45495 7.62140974 0.30936007
0.46396 7.62746828 0.30913016
0.47297 7.63347273 0.30890098
0.48198 7.63943673 0.30867265
0.49099 7.64537648 0.30844533
0.50000 7.65131175 0.30821923
0.50901 7.65726725 0.30799463
0.51802 7.66327470 0.30777188
0.52703 7.66937594 0.30755150
0.53604 7.67562792 0.30733417
0.54505 7.68211061 0.30712094
0.55405 7.68894061 0.30691332
0.56306 7.69629523 0.30671376
0.57207 7.70445812 0.30652626
0.58108 7.71391217 0.30635798
0.59009 7.72554748 0.30622284
0.59910 7.74118926 0.30615127
0.60811 7.76519507 0.30622253
0.61712 7.81077684 0.30670752
0.62613 7.94069847 0.30916504
0.63514 9.44453568 0.36746565
0.64414 14.05291551 2.22516789
0.65315 11.90866961 2.26971189
0.66216 11.11734087 2.27887509
0.67117 10.68246748 2.28287399
0.68018 10.40137691 2.28511578
0.68919 10.20265936 2.28653338
0.69820 10.05393571 2.28749153
0.70721 9.93815008 2.28816433
0.71622 9.84536877 2.28864632
0.72523 9.76937264 2.28899369
0.73423 9.70605031 2.28924215
0.74324 9.65256669 2.28941563
0.75225 9.60690090 2.28953084
0.76126 9.56757506 2.28959988
0.77027 9.53348829 2.28963180
0.77928 9.50381262 2.28963361
0.78829 9.47792820 2.28961098
0.79730 9.45538650 2.28956875
0.80631 9.43589879 2.28951150
0.81532 9.41935665 2.28944430
0.82432 9.40591080 2.28937411
0.83333 9.39618912 2.28931324
0.84234 9.39192602 2.28928982
0.85135 9.39813707 2.28938832
0.86036 9.43358844 2.28998192
0.86937 9.63286429 2.29475063
0.87838 19.98427553 3.63034391
0.88739 13.72603383 4.25301152
0.89640 12.53886145 4.26599121
0.90541 11.99019405 4.27028272
0.91441 11.65882271 4.27250149
0.92342 11.43164064 4.27386611
0.93243 11.26381668 4.27478197
0.94144 11.13358089 4.27542717
0.95045 11.02892265 4.27589393
0.95946 10.94260260 4.27623547
0.96847 10.86996315 4.27648502
0.97748 10.80785341 4.27666456
0.98649 10.75405503 4.27678929
0.99550 10.70695462 4.27687012
1.00450 10.66534666 4.27691514
1.01351 10.62830966 4.27693045
1.02252 10.59512541 4.27692081
1.03153 10.56522461 4.27688995
1.04054 10.53814934 4.27684086
1.04955 10.51352651 4.27677597
1.05856 10.49104864 4.27669728
1.06757 10.47045974 4.27660646
1.07658 10.45154475 4.27650490
1.08559 10.43412154 4.27639377
1.09459 10.41803474 4.27627409
1.10360 10.40315094 4.27614672
1.11261 10.38935491 4.27601240
1.12162 10.37654664 4.27587179
1.13063 10.36463893 4.27572547
1.13964 10.35355545 4.27557392
1.14865 10.34322918 4.27541760
1.15766 10.33360116 4.27525690
1.16667 10.32461941 4.27509217
1.17568 10.31623813 4.27492373
1.18468 10.30841701 4.27475185
1.19369 10.30112068 4.27457681
1.20270 10.29431832 4.27439882
1.21171 10.28798335 4.27421812
1.22072 10.28209330 4.27403488
1.22973 10.27662979 4.27384931
1.23874 10.27157861 4.27366158
1.24775 10.26693016 4.27347185
1.25676 10.26268001 4.27328032
1.26577 10.25882997 4.27308714
1.27477 10.25538982 4.27289254
1.28378 10.25237995 4.27269675
1.29279 10.24983580 4.27250007
1.30180 10.24781509 4.27230294
1.31081 10.24641053 4.27210600
1.31982 10.24577280 4.27191031
1.32883 10.24615495 4.27171770
1.33784 10.24800523 4.27153174
1.34685 10.25218104 4.27135995
1.35586 10.26051219 4.27122059
1.36486 10.27758853 4.27116712
1.37387 10.31833983 4.27141097
1.38288 10.46318826 4.27346404
1.39189 13.60505012 4.39348978
1.40090 16.47363018 6.21921182
1.40991 14.38232948 6.24157471
1.41892 13.57073577 6.24755298
1.42793 13.11262420 6.25054309
1.43694 12.81131061 6.25237385
1.44595 12.59667529 6.25361190
1.45495 12.43794864 6.25450794
1.46396 12.32283732 6.25522658
1.47297 12.26121426 6.25608413
1.48198 12.43517544 6.26096274
1.49099 17.65696343 7.17561797
1.50000 14.53546736 7.23291605
1.50901 13.86744188 7.24003549
1.51802 13.57254691 7.24395540
1.52703 13.63175939 7.25065010
1.53604 29.34148807 8.47161926
1.54505 18.61319655 9.19790159
1.55405 16.97614940 9.21636415
1.56306 16.86349053 9.23914673
1.57207 24.30865436 11.13170227
1.58108 19.90767735 11.19327922
1.59009 18.52313790 11.20467824
1.59910 17.73112764 11.21074672
1.60811 17.18770330 11.21478463
1.61712 16.78022331 11.21774610
1.62613 16.45830277 11.22004036
1.63514 16.19520242 11.22188116
1.64414 15.97511598 11.22339439
1.65315 15.78799648 11.22466039
1.66216 15.62713498 11.22573351
1.67117 15.48791186 11.22665219
1.68018 15.36710975 11.22744456
1.68919 15.26252343 11.22813179
1.69820 15.17274462 11.22873022
1.70721 15.09706513 11.22925274
1.71622 15.03547915 11.22970983
1.72523 14.98879405 11.23011043
1.73423 14.95889326 11.23046293
1.74324 14.94925446 11.23077673
1.75225 14.96594967 11.23106544
1.76126 15.01964693 11.23135480
1.77027 15.12990160 11.23170469
1.77928 15.33530896 11.23227901
1.78829 15.72101743 11.23360749
1.79730 16.50903629 11.23781879
1.80631 18.44994910 11.25676019
1.81532 25.19367888 11.38727076
1.82432 69.95312485 11.54748089
1.83333 74.34147381 12.78887170
1.84234 36.42407792 13.09079898
1.85135 28.43030039 13.13918534
1.86036 27.99566358 13.17823871
1.86937 24.81167631 13.17723040
1.87838 22.95270714 13.18127328
1.88739 21.75370034 13.18559716
1.89640 20.90034655 13.18931558
1.90541 20.25201629 13.19240928
1.91441 19.73682901 13.19498731
1.92342 19.31394766 13.19715636
1.93243 18.95825586 13.19900126
1.94144 18.65334190 13.20058657
1.95045 18.38796230 13.20196119
1.95946 18.15411764 13.20316253
1.96847 17.94593908 13.20421951
1.97748 17.75901078 13.20515484
1.98649 17.58994019 13.20598658
1.99550 17.43607618 13.20672927
2.00450 17.29531915 13.20739478
2.01351 17.16599065 13.20799286
2.02252 17.04674362 13.20853169
2.03153 16.93650181 13.20901813
2.04054 16.83442270 13.20945806
2.04955 16.73988321 13.20985660
2.05856 16.65249298 13.21021835
2.06757 16.57215164 13.21054762
2.07658 16.49919137 13.21084892
2.08559 16.43471324 13.21112789
2.09459 16.38143602 13.21139379
2.10360 16.34616089 13.21166794
2.11261 16.34879728 13.21202162
2.12162 16.47239673 13.21285817
2.13063 17.74513034 13.22428914
2.13964 41.87243256 14.57001334
2.14865 28.29585670 15.12632713
2.15766 25.08196423 15.15135014
2.16667 23.52287098 15.16225006
2.17568 22.54626078 15.16873896
2.18468 21.85653437 15.17315450
2.19369 21.33402804 15.17638596
2.20270 20.92040880 15.17883968
2.21171 20.58588200 15.18066362
2.22072 20.32788249 15.18135061
2.22973 20.44314476 15.10311280
2.23874 20.26854986 14.70146412
2.24775 19.67767406 15.18353869
2.25676 19.46355020 15.18661846
2.26577 19.29718402 15.18776017
2.27477 19.15136783 15.18856562
2.28378 19.01977037 15.18922465
2.29279 18.89950520 15.18978950
2.30180 18.78876462 15.19028283
2.31081 18.68623842 15.19071751
2.31982 18.59090754 15.19110219
2.32883 18.50194856 15.19144321
2.33784 18.41868043 15.19174547
2.34685 18.34053086 15.19201289
2.35586 18.26701316 15.19224858
2.36486 18.19770954 15.19245503
2.37387 18.13225860 15.19263407
2.38288 18.07034566 15.19278682
2.39189 18.01169534 15.19291345
2.40090 17.95606585 15.19301250
2.40991 17.90324497 15.19307929
2.41892 17.85304853 15.19310153
2.42793 17.80532515 15.19304477
2.43694 17.75998745 15.19278972
2.44595 17.71723624 15.19168552
2.45495 17.68212533 15.17548363
2.46396 17.64173392 15.17175496
2.47297 17.59900234 15.19181758
2.48198 17.56238024 15.19291288
2.49099 17.52789656 15.19318990
2.50000 17.49507932 15.19328096
2.50901 17.46378098 15.19330192
2.51802 17.43391255 15.19328711
2.52703 17.40540374 15.19324970
2.53604 17.37819305 15.19319564
2.54505 17.35222435 15.19312787
2.55405 17.32744534 15.19304782
2.56306 17.30380748 15.19295591
2.57207 17.28130720 15.19285073
2.58108 17.25978955 15.19273343
2.59009 17.23937805 15.19259638
2.59910 17.22017482 15.19242503
2.60811 17.20293337 15.19216330
2.61712 17.19243300 15.19141363
2.62613 17.26126198 15.17277328
2.63514 16.60254828 13.81734906
2.64414 17.24796851 15.18714043
2.65315 17.17446631 15.19092462
2.66216 17.14672518 15.19102991
2.67117 17.12976120 15.18983535
2.68018 17.10042078 15.12483359
2.68919 17.10379464 15.19014993
2.69820 17.09385607 15.19056881
2.70721 17.08547980 15.19050192
2.71622 17.07837067 15.19034825
2.72523 17.07244686 15.19016635
2.73423 17.06753775 15.18995415
2.74324 17.06372182 15.18973907
2.75225 17.06096382 15.18951165
2.76126 17.05925220 15.18927298
2.77027 17.05859029 15.18902148
2.77928 17.05898734 15.18875169
2.78829 17.06045507 15.18844480
2.79730 17.06299219 15.18799990
2.80631 17.06636296 15.18503680
2.81532 17.07120843 15.18458380
2.82432 17.07696708 15.18374198
2.83333 17.08485442 15.18657641
2.84234 17.09377689 15.18368728
2.85135 17.10343906 15.18032383
2.86036 17.11461868 15.18507251
2.86937 17.12730605 15.18568779
2.87838 17.14140628 15.18543351
2.88739 17.15715799 15.18508140
2.89640 17.17466335 15.18456452
2.90541 17.19383595 15.18435202
2.91441 17.21494736 15.18396237
2.92342 17.23806084 15.18354686
2.93243 17.26331650 15.18311029
2.94144 17.29086905 15.18265183
2.95045 17.32089263 15.18216944
2.95946 17.35358413 15.18166036
2.96847 17.38916691 15.18112101
2.97748 17.42789529 15.18054692
2.98649 17.47005997 15.17993238
2.99550 17.51599459 15.17927014
3.00450 17.56608381 15.17855076
3.01351 17.62077320 15.17776185
3.02252 17.68058140 15.17688675
3.03153 17.74611515 15.17590266
3.04054 17.81808757 15.17477749
3.04955 17.89733975 15.17346464
3.05856 17.98486050 15.17189310
3.06757 18.08169147 15.16994050
3.07658 18.19105237 15.16782094
3.08559 18.30975042 15.16310642
3.09459 18.41753459 15.04350401
3.10360 18.59602845 15.15294531
3.11261 18.76419217 15.14395898
3.12162 18.94824801 15.12733571
3.13063 19.13503007 15.09433259
3.13964 19.25724124 15.01039333
3.14865 18.42155504 14.37919590
3.15766 18.03949305 14.18786582
3.16667 25.27491371 14.21542929
3.17568 23.71504146 14.18878627
3.18468 19.66497915 14.16639968
3.19369 21.31069963 14.14893741
3.20270 25.24470349 13.40811036
3.21171 14.57201531 13.19659550
3.22072 14.30495979 13.19520264
3.22973 14.22315576 13.19476680
3.23874 14.18275682 13.19446106
3.24775 14.15815703 13.19418991
3.25676 14.14126800 13.19393106
3.26577 14.12872309 13.19367723
3.27477 14.11887086 13.19342546
3.28378 14.11080762 13.19317439
3.29279 14.10399849 13.19292335
3.30180 14.09810759 13.19267193
3.31081 14.09291395 13.19241991
3.31982 14.08826665 13.19216716
3.32883 14.08405937 13.19191356
3.33784 14.08021521 13.19165905
3.34685 14.07667729 13.19140357
3.35586 14.07340272 13.19114706
3.36486 14.07035861 13.19088945
3.37387 14.06751935 13.19063067
3.38288 14.06486476 13.19037062
3.39189 14.06237870 13.19010917
3.40090 14.06004816 13.18984608
3.40991 14.05786250 13.18958104
3.41892 14.05581296 13.18931345
3.42793 14.05389219 13.18904226
3.43694 14.05209387 13.18876538
3.44595 14.05041223 13.18847811
3.45495 14.04884107 13.18816807
3.46396 14.04737042 13.18779298
3.47297 14.04596575 13.18712061
3.48198 14.04445486 13.18079515
3.49099 14.04282367 13.18279084
3.50000 14.04254665 13.18638503
3.50901 14.04167118 13.18645781
3.51802 14.04084683 13.18628188
3.52703 14.04010827 13.18604798
3.53604 14.03946103 13.18579311
3.54505 14.03890593 13.18552841
3.55405 14.03844261 13.18525819
3.56306 14.03807030 13.18498437
3.57207 14.03778801 13.18470793
3.58108 14.03759460 13.18442937
3.59009 14.03748877 13.18414898
3.59910 14.03746902 13.18386694
3.60811 14.03753360 13.18358331
3.61712 14.03768048 13.18329814
3.62613 14.03790734 13.18301140
3.63514 14.03821170 13.18272302
3.64414 14.03859126 13.18243287
3.65315 14.03904515 13.18214073
3.66216 14.03957699 13.18184615
3.67117 14.04020395 13.18154829
3.68018 14.04098403 13.18124510
3.68919 14.04211054 13.18093045
3.69820 14.04431286 13.18057735
3.70721 14.05127772 13.17996771
3.71622 14.10144259 13.17180521
3.72523 13.20319488 11.35680054
3.73423 14.20005356 13.16318970
3.74324 14.09965209 13.17815216
3.75225 14.08134142 13.17856330
3.76126 14.07579196 13.17744297
3.77027 14.07458411 13.17499920
3.77928 14.07332013 13.17778614
3.78829 14.07404488 13.17757468
3.79730 14.07539729 13.17717280
3.80631 14.07683185 13.17297934
3.81532 14.07930456 13.17604552
3.82432 14.08169178 13.17631392
3.83333 14.08431498 13.17598342
3.84234 14.08751123 13.17354367
3.85135 14.09012639 13.17540073
3.86036 14.09337003 13.17514919
3.86937 14.09675289 13.17484427
3.87838 14.10031332 13.17452951
3.88739 14.10404741 13.17421027
3.89640 14.10795417 13.17388806
3.90541 14.11203381 13.17356349
3.91441 14.11628738 13.17323684
3.92342 14.12071657 13.17290823
3.93243 14.12532364 13.17257773
3.94144 14.13011130 13.17224537
3.95045 14.13508267 13.17191116
3.95946 14.14024129 13.17157507
3.96847 14.14559105 13.17123710
3.97748 14.15113640 13.17089718
3.98649 14.15688309 13.17055518
3.99550 14.16285585 13.17020960
4.00450 14.16898834 13.16985852
4.01351 14.17536026 13.16951764
4.02252 14.18195295 13.16916798
4.03153 14.18877337 13.16881593
4.04054 14.19582718 13.16846161
4.04955 14.20312100 13.16810499
4.05856 14.21066190 13.16774602
4.06757 14.21845736 13.16738463
4.07658 14.22651525 13.16702074
4.08559 14.23484386 13.16665427
4.09459 14.24345190 13.16628514
4.10360 14.25234850 13.16591323
4.11261 14.26154327 13.16553846
4.12162 14.27104630 13.16516070
4.13063 14.28086815 13.16477983
4.13964 14.29101991 13.16439570
4.14865 14.30151316 13.16400814
4.15766 14.31235999 13.16361697
4.16667 14.32357294 13.16322196
4.17568 14.33516472 13.16282278
4.18468 14.34714644 13.16241890
4.19369 14.35949229 13.16200732
4.20270 14.37223887 13.16158311
4.21171 14.38556894 13.16086087
4.22072 14.39932139 13.16074205
4.22973 14.41349814 13.16029912
4.23874 14.42815531 13.15980959
4.24775 14.44328522 13.15904681
4.25676 14.46045961 13.14777913
4.26577 14.47519692 13.15817224
4.27477 14.49196054 13.15801446
4.28378 14.50927043 13.15759993
4.29279 14.52714164 13.15713832
4.30180 14.54558059 13.15665402
4.31081 14.56458862 13.15615148
4.31982 14.58416237 13.15563037
4.32883 14.60429494 13.15508818
4.33784 14.62498018 13.15452062
4.34685 14.64622474 13.15392116
4.35586 14.66807853 13.15327983
4.36486 14.69071012 13.15258096
4.37387 14.71459578 13.15179848
4.38288 14.74101717 13.15088567
4.39189 14.77348617 13.14974983
4.40090 14.82240493 13.14817600
4.40991 14.92406809 13.14551225
4.41892 15.25938993 13.13811520
4.42793 18.61825523 12.73093753
4.43694 10.94850515 11.17975659
4.44595 10.77093846 11.16976611
4.45495 10.80237687 11.16828413
4.46396 10.96811620 11.16871902
4.47297 11.56376056 11.17265366
4.48198 16.58069216 11.20966269
4.49099 32.33389383 11.32348748
4.50000 12.05606277 11.17437786
