-1.50000 34.91615570 5.51820106
-1.49700 34.89944603 5.51495160
-1.49399 34.92247415 5.51573159
-1.49099 34.97067832 5.51733027
-1.48799 35.04474193 5.51886109
-1.48498 35.15325057 5.51915052
-1.48198 35.32452609 5.51458047
-1.47898 35.67773294 5.48510101
-1.47598 35.82000212 5.03777927
-1.47297 33.46210265 4.64456364
-1.46997 33.80896915 4.55629157
-1.46697 33.86253192 4.00969230
-1.46396 42.10045205 3.96407647
-1.46096 35.81022291 3.76904366
-1.45796 36.46713897 3.84317480
-1.45495 40.65071183 3.83117955
-1.45195 33.51989677 3.78562705
-1.44895 35.79770092 4.24737126
-1.44595 35.97262384 4.64817546
-1.44294 35.81179150 4.66134238
-1.43994 37.35100169 4.75566759
-1.43694 41.60266081 5.37046197
-1.43393 39.21865647 5.48736599
-1.43093 39.46520028 5.55567910
-1.42793 39.89588827 5.57878745
-1.42492 40.37819987 5.58639958
-1.42192 40.88429513 5.58550971
-1.41892 41.39855116 5.57798822
-1.41592 41.90597363 5.56403781
-1.41291 42.38960944 5.54319971
-1.40991 42.83002542 5.51474828
-1.40691 43.20564120 5.47789959
-1.40390 43.49360923 5.43195378
-1.40090 43.67107514 5.37640504
-1.39790 43.71663699 5.31102538
-1.39489 43.61181419 5.23592217
-1.39189 43.34239036 5.15157276
-1.38889 42.89959497 5.05884353
-1.38589 42.28115439 4.95899870
-1.38288 41.49218441 4.85369379
-1.37988 40.54570140 4.74493490
-1.37688 39.46232388 4.63498024
-1.37387 38.26871504 4.52617310
-1.37087 36.99457808 4.42072388
-1.36787 35.66842063 4.32048418
-1.36486 34.31252578 4.22676144
-1.36186 32.93720241 4.14019733
-1.35886 31.53258463 4.06066400
-1.35586 30.04487469 3.98676295
-1.35285 27.95888929 3.90378863
-1.34985 24.31140768 3.81129642
-1.34685 21.41368312 3.77734882
-1.34384 20.17704338 3.76729778
-1.34084 20.43003475 3.76480861
-1.33784 21.12156318 3.76186350
-1.33483 22.38404022 3.75765615
-1.33183 24.86280312 3.75110381
-1.32883 31.16185806 3.73913592
-1.32583 61.49484954 3.70356486
-1.32282 204.87916370 3.58924678
-1.31982 59.70646565 3.66574061
-1.31682 92.54132065 3.53113408
-1.31381 189.99538322 3.27573773
-1.31081 129.61534037 3.19521532
-1.30781 156.41163904 2.95502254
-1.30480 100.25587498 3.05454243
-1.30180 101.93511127 2.83839477
-1.29880 68.26876381 3.17712626
-1.29580 43.71131603 3.46474370
-1.29279 32.71226746 3.59678366
-1.28979 27.38569015 3.66072251
-1.28679 24.47473422 3.69484689
-1.28378 22.72386975 3.71332456
-1.28078 21.59356711 3.71896070
-1.27778 20.86791521 3.68481886
-1.27477 20.98166075 3.53267960
-1.27177 19.96970930 3.54823080
-1.26877 19.67711009 3.67555098
-1.26577 19.25271247 3.65248397
-1.26276 19.21191117 3.74628044
-1.25976 19.13143574 3.76906610
-1.25676 19.05014602 3.77677973
-1.25375 18.99607316 3.78147095
-1.25075 18.95644586 3.78505416
-1.24775 18.92946089 3.78812850
-1.24474 18.91392879 3.79093269
-1.24174 18.90834434 3.79358321
-1.23874 18.91135935 3.79614486
-1.23574 18.92184225 3.79865692
-1.23273 18.93885941 3.80114452
-1.22973 18.96164285 3.80362421
-1.22673 18.98955934 3.80610680
-1.22372 19.02208443 3.80859902
-1.22072 19.05878133 3.81110447
-1.21772 19.09928412 3.81362416
-1.21471 19.14328439 3.81615687
-1.21171 19.19052059 3.81869930
-1.20871 19.24076961 3.82124615
-1.20571 19.29384014 3.82379014
-1.20270 19.34956739 3.82632192
-1.19970 19.40780922 3.82882998
-1.19670 19.46844359 3.83130048
-1.19369 19.53136771 3.83371711
-1.19069 19.59650043 3.83606090
-1.18769 19.66379209 3.83830996
-1.18468 19.73326029 3.84043932
-1.18168 19.80516580 3.84242020
-1.17868 19.88217619 3.84419637
-1.17568 19.96973863 3.84555169
-1.17267 20.05517013 3.84662451
-1.16967 20.14062272 3.84736751
-1.16667 20.22720537 3.84766950
-1.16366 20.31546399 3.84732962
-1.16066 20.40566516 3.84589250
-1.15766 20.49740802 3.84211654
-1.15465 20.58744642 3.83187397
-1.15165 20.65683181 3.79655317
-1.14865 20.51786708 3.58212309
-1.14565 19.91517086 3.21382212
-1.14264 19.75599742 3.11459495
-1.13964 20.20404203 3.07178271
-1.13664 37.94781315 3.45629267
-1.13363 19.56946694 2.94362954
-1.13063 17.93324087 2.74146728
-1.12763 17.81632057 2.38717530
-1.12462 17.08691654 2.22397372
-1.12162 16.84795603 2.14748551
-1.11862 19.77063863 2.17338978
-1.11562 15.43020176 2.01906497
-1.11261 25.61770054 2.09747761
-1.10961 22.81739162 2.07378808
-1.10661 20.48088358 2.03545369
-1.10360 20.16359290 2.01896980
-1.10060 20.64938611 2.00925317
-1.09760 21.87029028 2.00181362
-1.09459 26.25966668 1.99438038
-1.09159 65.75338746 2.05292732
-1.08859 55.80181711 2.01362302
-1.08559 35.04475925 1.92594781
-1.08258 68.73954491 1.81618884
-1.07958 98.35646429 1.65647625
-1.07658 46.14769250 1.85681355
-1.07357 25.83873141 1.92868262
-1.07057 19.52010271 1.94690279
-1.06757 16.37410170 1.95448195
-1.06456 14.65750141 1.95869155
-1.06156 13.64463211 1.96130181
-1.05856 13.00883576 1.96305970
-1.05556 12.62342022 1.96445126
-1.05255 12.47052980 1.96558729
-1.04955 12.28575754 1.96609003
-1.04655 12.11775297 1.96641830
-1.04354 11.97914942 1.96667384
-1.04054 11.86752293 1.96688323
-1.03754 11.77797962 1.96705668
-1.03453 11.70594606 1.96719998
-1.03153 11.64770359 1.96731739
-1.02853 11.60035684 1.96741236
-1.02553 11.56168083 1.96748777
-1.02252 11.52996757 1.96754601
-1.01952 11.50390037 1.96758906
-1.01652 11.48245754 1.96761855
-1.01351 11.46484033 1.96763580
-1.01051 11.45041963 1.96764188
-1.00751 11.43869639 1.96763763
-1.00450 11.42927210 1.96762371
-1.00150 11.42182684 1.96760063
-0.99850 11.41610255 1.96756875
-0.99550 11.41189049 1.96752833
-0.99249 11.40902154 1.96747949
-0.98949 11.40735881 1.96742230
-0.98649 11.40679193 1.96735669
-0.98348 11.40723259 1.96728254
-0.98048 11.40861112 1.96719964
-0.97748 11.41087383 1.96710770
-0.97447 11.41398098 1.96700634
-0.97147 11.41790522 1.96689511
-0.96847 11.42263049 1.96677344
-0.96547 11.42815122 1.96664070
-0.96246 11.43447186 1.96649612
-0.95946 11.44160668 1.96633884
-0.95646 11.44957982 1.96616785
-0.95345 11.45842562 1.96598201
-0.95045 11.46818915 1.96577999
-0.94745 11.47892713 1.96556029
-0.94444 11.49070902 1.96532117
-0.94144 11.50361863 1.96506064
-0.93844 11.51775599 1.96477641
-0.93544 11.53323987 1.96446583
-0.93243 11.55021087 1.96412583
-0.92943 11.56883524 1.96375285
-0.92643 11.58930981 1.96334272
-0.92342 11.61186804 1.96289056
-0.92042 11.63678776 1.96239061
-0.91742 11.66440103 1.96183604
-0.91441 11.69510668 1.96121872
-0.91141 11.72938666 1.96052886
-0.90841 11.76782720 1.95975465
-0.90541 11.81114689 1.95888170
-0.90240 11.86023395 1.95789229
-0.89940 11.91619666 1.95676448
-0.89640 11.98043225 1.95547075
-0.89339 12.05472272 1.95397623
-0.89039 12.14136998 1.95223615
-0.88739 12.24339020 1.95019229
-0.88438 12.36479880 1.94776767
-0.88138 12.51103772 1.94485882
-0.87838 12.68963221 1.94132383
-0.87538 12.91122854 1.93696380
-0.87237 13.19128593 1.93149277
-0.86937 13.55293429 1.92448747
-0.86637 14.03199937 1.91529995
-0.86336 14.68625351 1.90289874
-0.86036 15.61335438 1.88556500
-0.85736 16.98770774 1.86027807
-0.85435 19.14097904 1.82139983
-0.85135 22.74714669 1.75773259
-0.84835 29.24232275 1.64616245
-0.84535 41.44902673 1.44393350
-0.84234 60.89584950 1.14064508
-0.83934 69.83701943 1.04224465
-0.83634 53.12757057 1.35025068
-0.83333 36.41891530 1.62757626
-0.83033 27.27583719 1.77288559
-0.82733 22.64113372 1.84485772
-0.82432 20.33841531 1.88067930
-0.82132 19.39349041 1.89651149
-0.81832 19.46040939 1.89826008
-0.81532 20.59154784 1.88573776
-0.81231 23.29283836 1.85212324
-0.80931 28.94202331 1.77767735
-0.80631 40.80396908 1.61282563
-0.80330 62.96283918 1.28261891
-0.80030 76.79505685 1.02576522
-0.79730 56.19415848 1.27844011
-0.79429 36.21891135 1.56485047
-0.79129 25.96663919 1.72085824
-0.78829 20.76526046 1.80339242
-0.78529 17.88921451 1.85061363
-0.78228 16.15862886 1.87987136
-0.77928 15.04260313 1.89922891
-0.77628 14.28209505 1.91272303
-0.77327 13.74050542 1.92252983
-0.77027 13.34082437 1.92990051
-0.76727 13.03712516 1.93559471
-0.76426 12.80069137 1.94009528
-0.76126 12.61283357 1.94372130
-0.75826 12.46096474 1.94669073
-0.75526 12.33635398 1.94915676
-0.75225 12.23278800 1.95122977
-0.74925 12.14574476 1.95299101
-0.74625 12.07186737 1.95450144
-0.74324 12.00861970 1.95580761
-0.74024 11.95405546 1.95694556
-0.73724 11.90665980 1.95794360
-0.73423 11.86523862 1.95882423
-0.73123 11.82883981 1.95960552
-0.72823 11.79669618 1.96030216
-0.72523 11.76818362 1.96092615
-0.72222 11.74278996 1.96148745
-0.71922 11.72009151 1.96199430
-0.71622 11.69973514 1.96245364
-0.71321 11.68142450 1.96287132
-0.71021 11.66490932 1.96325229
-0.70721 11.64997700 1.96360080
-0.70420 11.63644590 1.96392048
-0.70120 11.62416007 1.96421447
-0.69820 11.61298496 1.96448549
-0.69520 11.60280395 1.96473590
-0.69219 11.59351554 1.96496778
-0.68919 11.58503102 1.96518293
-0.68619 11.57727261 1.96538295
-0.68318 11.57017181 1.96556926
-0.68018 11.56366813 1.96574310
-0.67718 11.55770800 1.96590558
-0.67417 11.55224377 1.96605771
-0.67117 11.54723302 1.96620035
-0.66817 11.54263781 1.96633431
-0.66517 11.53842416 1.96646031
-0.66216 11.53456157 1.96657898
-0.65916 11.53102256 1.96669091
-0.65616 11.52778235 1.96679663
-0.65315 11.52481855 1.96689661
-0.65015 11.52211086 1.96699130
-0.64715 11.51964087 1.96708107
-0.64414 11.51739185 1.96716630
-0.64114 11.51534854 1.96724732
-0.63814 11.51349705 1.96732443
-0.63514 11.51182466 1.96739791
-0.63213 11.51031977 1.96746800
-0.62913 11.50897172 1.96753495
-0.62613 11.50777074 1.96759896
-0.62312 11.50670788 1.96766024
-0.62012 11.50577489 1.96771897
-0.61712 11.50496417 1.96777530
-0.61411 11.50426876 1.96782939
-0.61111 11.50368220 1.96788136
-0.60811 11.50319853 1.96793135
-0.60511 11.50281227 1.96797944
-0.60210 11.50251834 1.96802572
-0.59910 11.50231205 1.96807025
-0.59610 11.50218905 1.96811307
-0.59309 11.50214529 1.96815419
-0.59009 11.50217704 1.96819357
-0.58709 11.50228079 1.96823115
-0.58408 11.50245327 1.96826677
-0.58108 11.50269140 1.96830021
-0.57808 11.50299221 1.96833114
-0.57508 11.50335283 1.96835903
-0.57207 11.50377039 1.96838315
-0.56907 11.50424188 1.96840243
-0.56607 11.50476399 1.96841530
-0.56306 11.50533281 1.96841945
-0.56006 11.50594335 1.96841145
-0.55706 11.50658873 1.96838606
-0.55405 11.50725878 1.96833515
-0.55105 11.50793743 1.96824570
-0.54805 11.50859793 1.96809607
-0.54505 11.50919308 1.96784867
-0.54204 11.50963470 1.96743418
-0.53904 11.50974643 1.96671458
-0.53604 11.50914349 1.96538424
-0.53303 11.50687974 1.96265303
-0.53003 11.50016053 1.95590886
-0.52703 11.47750518 1.93150820
-0.52402 11.36679802 1.72564799
-0.52102 11.46212947 1.51865681
-0.51802 11.74734837 1.54563155
-0.51502 12.05999001 1.57268796
-0.51201 12.79042649 1.58814970
-0.50901 10.26845925 1.14668235
-0.50601 10.62516590 1.19295685
-0.50300 11.37988736 1.23413691
-0.50000 11.61154613 1.22378083
-0.49700 11.67511335 1.20624711
-0.49399 11.67518860 1.18504554
-0.49099 11.65068683 1.10987647
-0.48799 11.64424125 0.73166707
-0.48498 11.67787568 0.60793327
-0.48198 11.93558023 0.62817444
-0.47898 10.82638877 0.61193583
-0.47598 11.67019884 1.10706278
-0.47297 11.58601055 1.29079183
-0.46997 11.46406873 1.38157865
-0.46697 11.48593044 1.41851024
-0.46396 11.50053721 1.45285134
-0.46096 11.52420126 1.75183028
-0.45796 11.53561327 1.91730857
-0.45495 11.54013823 1.94752933
-0.45195 11.54336740 1.95775692
-0.44895 11.54610385 1.96231085
-0.44595 11.54859913 1.96467590
-0.44294 11.55096311 1.96603328
-0.43994 11.55325325 1.96686919
-0.43694 11.55550332 1.96741162
-0.43393 11.55773484 1.96777803
-0.43093 11.55996239 1.96803343
-0.42793 11.56219640 1.96821590
-0.42492 11.56444469 1.96834880
-0.42192 11.56671333 1.96844699
-0.41892 11.56900726 1.96852024
-0.41592 11.57133061 1.96857514
-0.41291 11.57368699 1.96861624
-0.40991 11.57607965 1.96864675
-0.40691 11.57851157 1.96866895
-0.40390 11.58098560 1.96868451
-0.40090 11.58350448 1.96869464
-0.39790 11.58607094 1.96870025
-0.39489 11.58868771 1.96870201
-0.39189 11.59135756 1.96870042
-0.38889 11.59408334 1.96869585
-0.38589 11.59686801 1.96868858
-0.38288 11.59971465 1.96867882
-0.37988 11.60262650 1.96866670
-0.37688 11.60560696 1.96865233
-0.37387 11.60865966 1.96863577
-0.37087 11.61178843 1.96861706
-0.36787 11.61499735 1.96859619
-0.36486 11.61829079 1.96857316
-0.36186 11.62167341 1.96854793
-0.35886 11.62515022 1.96852047
-0.35586 11.62872658 1.96849070
-0.35285 11.63240826 1.96845855
-0.34985 11.63620148 1.96842395
-0.34685 11.64011295 1.96838678
-0.34384 11.64414991 1.96834695
-0.34084 11.64832020 1.96830433
-0.33784 11.65263228 1.96825880
-0.33483 11.65709538 1.96821020
-0.33183 11.66171946 1.96815839
-0.32883 11.66651542 1.96810319
-0.32583 11.67149508 1.96804443
-0.32282 11.67667136 1.96798192
-0.31982 11.68205837 1.96791543
-0.31682 11.68767158 1.96784475
-0.31381 11.69352790 1.96776964
-0.31081 11.69964596 1.96768982
-0.30781 11.70604622 1.96760500
-0.30480 11.71275126 1.96751489
-0.30180 11.71978602 1.96741914
-0.29880 11.72717811 1.96731738
-0.29580 11.73495819 1.96720922
-0.29279 11.74316032 1.96709421
-0.28979 11.75182254 1.96697188
-0.28679 11.76098733 1.96684170
-0.28378 11.77070233 1.96670308
-0.28078 11.78102112 1.96655539
-0.27778 11.79200411 1.96639791
-0.27477 11.80371966 1.96622983
-0.27177 11.81624541 1.96605026
-0.26877 11.82966981 1.96585820
-0.26577 11.84409406 1.96565251
-0.26276 11.85963444 1.96543190
-0.25976 11.87642510 1.96519488
-0.25676 11.89462157 1.96493976
-0.25375 11.91440508 1.96466457
-0.25075 11.93598793 1.96436703
-0.24775 11.95962025 1.96404446
-0.24474 11.98559862 1.96369369
-0.24174 12.01427702 1.96331094
-0.23874 12.04608102 1.96289169
-0.23574 12.08152627 1.96243044
-0.23273 12.12124292 1.96192045
-0.22973 12.16600819 1.96135340
-0.22673 12.21679042 1.96071886
-0.22372 12.27480958 1.96000359
-0.22072 12.34162143 1.95919061
-0.21772 12.41923693 1.95825774
-0.21471 12.51029461 1.95717559
-0.21171 12.61831468 1.95590455
-0.20871 12.74808249 1.95439007
-0.20571 12.90624236 1.95255549
-0.20270 13.10224428 1.95029027
-0.19970 13.34990446 1.94743057
-0.19670 13.67007674 1.94372553
-0.19369 14.09543003 1.93877648
-0.19069 14.67943600 1.93192126
-0.18769 15.51430737 1.92200104
-0.18468 16.76935823 1.90685608
-0.18168 18.77980766 1.88214416
-0.17868 22.27056866 1.83831885
-0.17568 28.95609303 1.75235892
-0.17267 42.94160730 1.56750988
-0.16967 68.88587614 1.21120766
-0.16667 78.90120585 1.04587821
-0.16366 53.17827863 1.37750358
-0.16066 34.43662692 1.63394606
-0.15766 25.66759893 1.75901999
-0.15465 21.50737685 1.82200015
-0.15165 19.48493311 1.85649602
-0.14865 18.62654760 1.87649846
-0.14565 18.57897385 1.88794919
-0.14264 19.31852568 1.89290001
-0.13964 21.13454595 1.89020528
-0.13664 24.86861229 1.87288427
-0.13363 32.66987620 1.81682725
-0.13063 49.34536376 1.64359785
-0.12763 74.12167011 1.22642626
-0.12462 68.55358917 0.97391263
-0.12162 43.99616390 1.12786915
-0.11862 30.21582436 1.26064230
-0.11562 23.78471547 1.30133550
-0.11261 20.65500201 1.25725918
-0.10961 19.14788339 1.08417654
-0.10661 30.96833177 1.04674741
-0.10360 28.85000966 0.49783085
-0.10060 16.06127475 0.22117186
-0.09760 31.50453569 0.30042934
-0.09459 24.67086598 0.14274627
-0.09159 10.33230359 0.02083041
-0.08859 8.41899110 0.00767267
-0.08559 7.79987244 0.00403004
-0.08258 7.51436913 0.00254155
-0.07958 7.35716708 0.00179237
-0.07658 7.26198476 0.00136387
-0.07357 7.20176528 0.00109720
-0.07057 7.16371115 0.00092147
-0.06757 7.14119293 0.00080120
-0.06456 7.13063557 0.00071713
-0.06156 7.13017503 0.00065815
-0.05856 7.13904380 0.00061763
-0.05556 7.15730242 0.00059156
-0.05255 7.18576814 0.00057762
-0.04955 7.22609180 0.00057472
-0.04655 7.28099152 0.00058274
-0.04354 7.35470599 0.00060260
-0.04054 7.45381372 0.00063646
-0.03754 7.58872789 0.00068825
-0.03453 7.77654231 0.00076480
-0.03153 8.04680574 0.00087816
-0.02853 8.45427570 0.00105087
-0.02553 9.11043610 0.00132896
-0.02252 10.27433390 0.00182058
-0.01952 12.68016149 0.00284312
-0.01652 19.23590939 0.00580012
-0.01351 53.08134148 0.02829830
-0.01051 287.87512040 0.27222334
-0.00751 82.92100072 0.63287972
-0.00450 275.48196581 0.77339300
-0.00150 51.70865511 1.36835518
0.00150 26.53476020 1.58442284
0.00450 20.19159162 1.68944724
0.00751 17.53166533 1.75218262
0.01051 16.10508690 1.79395964
0.01351 15.22337585 1.82374108
0.01652 14.62638604 1.84599440
0.01952 14.19587108 1.86320845
0.02252 13.87082766 1.87688375
0.02553 13.61674133 1.88798008
0.02853 13.41266326 1.89714042
0.03153 13.24515644 1.90481179
0.03453 13.10520973 1.91131458
0.03754 12.98655480 1.91688439
0.04054 12.88469580 1.92169827
0.04354 12.79632351 1.92589178
0.04655 12.71894737 1.92957041
0.04955 12.65065656 1.93281745
0.05255 12.58996018 1.93569951
0.05556 12.53567763 1.93827043
0.05856 12.48686163 1.94057422
0.06156 12.44274322 1.94264714
0.06456 12.40269151 1.94451936
0.06757 12.36618402 1.94621616
0.07057 12.33278427 1.94775884
0.07357 12.30212480 1.94916551
0.07658 12.27389398 1.95045163
0.07958 12.24782582 1.95163048
0.08258 12.22369190 1.95271352
0.08559 12.20129496 1.95371070
0.08859 12.18046377 1.95463068
0.09159 12.16104898 1.95548104
0.09459 12.14291971 1.95626844
0.09760 12.12596083 1.95699874
0.10060 12.11007063 1.95767714
0.10360 12.09515894 1.95830825
0.10661 12.08114554 1.95889616
0.10961 12.06795882 1.95944454
0.11261 12.05553467 1.95995667
0.11562 12.04381552 1.96043548
0.11862 12.03274954 1.96088364
0.12162 12.02228993 1.96130353
0.12462 12.01239432 1.96169731
0.12763 12.00302429 1.96206694
0.13063 11.99414488 1.96241419
0.13363 11.98572425 1.96274069
0.13664 11.97773332 1.96304791
0.13964 11.97014546 1.96333719
0.14264 11.96293628 1.96360977
0.14565 11.95608335 1.96386677
0.14865 11.94956606 1.96410924
0.15165 11.94336539 1.96433812
0.15465 11.93746377 1.96455428
0.15766 11.93184498 1.96475855
0.16066 11.92649398 1.96495165
0.16366 11.92139680 1.96513428
0.16667 11.91654049 1.96530708
0.16967 11.91191299 1.96547064
0.17267 11.90750305 1.96562550
0.17568 11.90330019 1.96577218
0.17868 11.89929462 1.96591114
0.18168 11.89547718 1.96604282
0.18468 11.89183927 1.96616763
0.18769 11.88837286 1.96628596
0.19069 11.88507038 1.96639816
0.19369 11.88192473 1.96650455
0.19670 11.87892923 1.96660545
0.19970 11.87607758 1.96670115
0.20270 11.87336383 1.96679191
0.20571 11.87078239 1.96687800
0.20871 11.86832795 1.96695964
0.21171 11.86599549 1.96703706
0.21471 11.86378027 1.96711047
0.21772 11.86167778 1.96718006
0.22072 11.85968375 1.96724601
0.22372 11.85779413 1.96730849
0.22673 11.85600507 1.96736767
0.22973 11.85431289 1.96742369
0.23273 11.85271410 1.96747670
0.23574 11.85120538 1.96752683
0.23874 11.84978355 1.96757420
0.24174 11.84844560 1.96761893
0.24474 11.84718863 1.96766113
0.24775 11.84600989 1.96770090
0.25075 11.84490674 1.96773835
0.25375 11.84387665 1.96777355
0.25676 11.84291721 1.96780660
0.25976 11.84202612 1.96783758
0.26276 11.84120116 1.96786656
0.26577 11.84044021 1.96789360
0.26877 11.83974125 1.96791879
0.27177 11.83910232 1.96794217
0.27477 11.83852157 1.96796381
0.27778 11.83799721 1.96798375
0.28078 11.83752751 1.96800206
0.28378 11.83711085 1.96801878
0.28679 11.83674563 1.96803395
0.28979 11.83643036 1.96804761
0.29279 11.83616359 1.96805980
0.29580 11.83594392 1.96807056
0.29880 11.83577004 1.96807992
0.30180 11.83564066 1.96808791
0.30480 11.83555458 1.96809456
0.30781 11.83551064 1.96809990
0.31081 11.83550772 1.96810396
0.31381 11.83554477 1.96810674
0.31682 11.83562077 1.96810828
0.31982 11.83573477 1.96810860
0.32282 11.83588585 1.96810771
0.32583 11.83607316 1.96810563
0.32883 11.83629586 1.96810237
0.33183 11.83655319 1.96809795
0.33483 11.83684441 1.96809239
0.33784 11.83716884 1.96808568
0.34084 11.83752584 1.96807785
0.34384 11.83791481 1.96806890
0.34685 11.83833519 1.96805883
0.34985 11.83878647 1.96804767
0.35285 11.83926818 1.96803541
0.35586 11.83977990 1.96802206
0.35886 11.84032122 1.96800762
0.36186 11.84089182 1.96799211
0.36486 11.84149139 1.96797551
0.36787 11.84211968 1.96795785
0.37087 11.84277645 1.96793911
0.37387 11.84346155 1.96791930
0.37688 11.84417484 1.96789842
0.37988 11.84491624 1.96787648
0.38288 11.84568570 1.96785347
0.38589 11.84648323 1.96782940
0.38889 11.84730887 1.96780425
0.39189 11.84816271 1.96777805
0.39489 11.84904491 1.96775077
0.39790 11.84995563 1.96772243
0.40090 11.85089513 1.96769301
0.40390 11.85186368 1.96766252
0.40691 11.85286163 1.96763096
0.40991 11.85388936 1.96759831
0.41291 11.85494731 1.96756459
0.41592 11.85603598 1.96752978
0.41892 11.85715593 1.96749388
0.42192 11.85830777 1.96745689
0.42492 11.85949216 1.96741880
0.42793 11.86070985 1.96737961
0.43093 11.86196164 1.96733931
0.43393 11.86324840 1.96729790
0.43694 11.86457106 1.96725536
0.43994 11.86593064 1.96721170
0.44294 11.86732823 1.96716690
0.44595 11.86876500 1.96712095
0.44895 11.87024221 1.96707385
0.45195 11.87176120 1.96702559
0.45495 11.87332342 1.96697615
0.45796 11.87493039 1.96692552
0.46096 11.87658376 1.96687369
0.46396 11.87828528 1.96682065
0.46697 11.88003684 1.96676638
0.46997 11.88184041 1.96671086
0.47297 11.88369813 1.96665408
0.47598 11.88561227 1.96659602
0.47898 11.88758524 1.96653665
0.48198 11.88961964 1.96647595
0.48498 11.89171821 1.96641389
0.48799 11.89388390 1.96635046
0.49099 11.89611983 1.96628561
0.49399 11.89842938 1.96621932
0.49700 11.90081611 1.96615155
0.50000 11.90328387 1.96608226
0.50300 11.90583675 1.96601140
0.50601 11.90847915 1.96593894
0.50901 11.91121578 1.96586483
0.51201 11.91405168 1.96578899
0.51502 11.91699229 1.96571139
0.51802 11.92004344 1.96563195
0.52102 11.92321140 1.96555060
0.52402 11.92650293 1.96546726
0.52703 11.92992533 1.96538185
0.53003 11.93348646 1.96529428
0.53303 11.93719484 1.96520445
0.53604 11.94105968 1.96511224
0.53904 11.94509098 1.96501754
0.54204 11.94929957 1.96492021
0.54505 11.95369725 1.96482011
0.54805 11.95829686 1.96471708
0.55105 11.96311241 1.96461095
0.55405 11.96815921 1.96450152
0.55706 11.97345400 1.96438859
0.56006 11.97901516 1.96427193
0.56306 11.98486287 1.96415128
0.56607 11.99101935 1.96402636
0.56907 11.99750911 1.96389686
0.57207 12.00435926 1.96376244
0.57508 12.01159981 1.96362273
0.57808 12.01926413 1.96347729
0.58108 12.02738936 1.96332567
0.58408 12.03601696 1.96316733
0.58709 12.04519334 1.96300169
0.59009 12.05497061 1.96282811
0.59309 12.06540745 1.96264584
0.59610 12.07657016 1.96245406
0.59910 12.08853386 1.96225183
0.60210 12.10138402 1.96203811
0.60511 12.11521821 1.96181169
0.60811 12.13014830 1.96157121
0.61111 12.14630305 1.96131509
0.61411 12.16383136 1.96104154
0.61712 12.18290623 1.96074849
0.62012 12.20372972 1.96043352
0.62312 12.22653908 1.96009383
0.62613 12.25161458 1.95972612
0.62913 12.27928939 1.95932653
0.63213 12.30996226 1.95889045
0.63514 12.34411400 1.95841238
0.63814 12.38232903 1.95788571
0.64114 12.42532398 1.95730240
0.64414 12.47398594 1.95665260
0.64715 12.52942469 1.95592414
0.65015 12.59304468 1.95510178
0.65315 12.66664610 1.95416620
0.65616 12.75256945 1.95309264
0.65916 12.85390636 1.95184876
0.66216 12.97481436 1.95039171
0.66517 13.12099847 1.94866348
0.66817 13.30046993 1.94658384
0.67117 13.52478097 1.94403888
0.67417 13.81111136 1.94086197
0.67718 14.18595155 1.93680054
0.68018 14.69194645 1.93145532
0.68318 15.40141343 1.92416212
0.68619 16.44509229 1.91374472
0.68919 18.07911427 1.89795018
0.69219 20.85979075 1.87200998
0.69520 26.16992781 1.82445001
0.69820 38.09644036 1.72303377
0.70120 70.84598083 1.46957811
0.70420 163.96151722 1.02911790
0.70721 230.82607818 1.29578374
0.71021 60.35285973 1.74365922
0.71321 34.22827824 1.86217392
0.71622 26.08291904 1.90278932
0.71922 23.28394769 1.91631033
0.72222 23.43805121 1.91551467
0.72523 28.09300229 1.89917320
0.72823 58.61659208 1.85880589
0.73123 94.39527277 1.94859011
0.73423 91.47129829 2.04043977
0.73724 90.29469527 1.99755826
0.74024 108.35138299 1.76797543
0.74324 111.68016000 1.67130757
0.74625 79.64811287 1.98244366
0.74925 58.49903519 2.23189112
0.75225 48.44078131 2.38702887
0.75526 43.32386948 2.50447338
0.75826 40.42905371 2.61122902
0.76126 38.60294649 2.71790037
0.76426 37.30432654 2.82742992
0.76727 36.25835690 2.93885886
0.77027 35.32313562 3.04939042
0.77327 34.43007230 3.15577720
0.77628 33.55210077 3.25521672
0.77928 32.68440884 3.34579035
0.78228 31.83241549 3.42653761
0.78529 31.00469233 3.49730895
0.78829 30.20928756 3.55853221
0.79129 29.45220877 3.61098301
0.79429 28.73711751 3.65560185
0.79730 28.06559859 3.69336737
0.80030 27.43762870 3.72521873
0.80330 26.85205251 3.75201422
0.80631 26.30698605 3.77451416
0.80931 25.80012664 3.79337846
0.81231 25.32897582 3.80917226
0.81532 24.89099130 3.82237541
0.81832 24.48368530 3.83339321
0.82132 24.10468434 3.84256697
0.82432 23.75176231 3.85018380
0.82733 23.42285563 3.85648520
0.83033 23.11606701 3.86167448
0.83333 22.82966193 3.86592304
0.83634 22.56206110 3.86937565
0.83934 22.31183077 3.87215482
0.84234 22.07767229 3.87436445
0.84535 21.85841169 3.87609286
0.84835 21.65298993 3.87741529
0.85135 21.46045421 3.87839596
0.85435 21.27995048 3.87908979
0.85736 21.11071756 3.87954384
0.86036 20.95208317 3.87979847
0.86336 20.80346209 3.87988835
0.86637 20.66435746 3.87984328
0.86937 20.53436588 3.87968888
0.87237 20.41318838 3.87944715
0.87538 20.30065006 3.87913695
0.87838 20.19673358 3.87877441
0.88138 20.10163602 3.87837325
0.88438 20.01586698 3.87794500
0.88739 19.94042396 3.87749923
0.89039 19.87712271 3.87704375
0.89339 19.82926505 3.87658485
0.89640 19.80312218 3.87612822
0.89940 19.81168676 3.87568240
0.90240 19.88614192 3.87527638
0.90541 20.12358191 3.87508060
0.90841 21.06094649 3.87722246
0.91141 27.28946072 3.96219213
0.91441 32.34892035 4.19088607
0.91742 33.65240116 4.36271447
0.92042 33.69518869 4.48589623
0.92342 33.23500893 4.57507976
0.92643 32.57227279 4.64039576
0.92943 31.84256201 4.68869959
0.93243 31.11053220 4.72469385
0.93544 30.40719765 4.75166281
0.93844 29.74668795 4.77194025
0.94144 29.13440475 4.78721062
0.94444 28.57121406 4.79870675
0.94745 28.05568440 4.80734203
0.95045 27.58531496 4.81380054
0.95345 27.15722526 4.81859944
0.95646 26.76855523 4.82213288
0.95946 26.41671464 4.82470335
0.96246 26.09956864 4.82654431
0.96547 25.81562565 4.82783669
0.96847 25.56430104 4.82872114
0.97147 25.34637500 4.82930715
0.97447 25.16489187 4.82968024
0.97748 25.02711033 4.82990820
0.98048 24.94924214 4.83004931
0.98348 24.96989469 4.83017310
0.98649 25.19806261 4.83045576
0.98949 26.06532855 4.83193536
0.99249 31.35592941 4.85420505
0.99550 52.96907361 5.36247092
0.99850 45.79366934 5.63296721
1.00150 41.59980217 5.69824864
1.00450 40.09368194 5.73367183
1.00751 40.55597050 5.78279793
1.01051 42.03439259 5.88601538
1.01351 42.97405537 5.98954830
1.01652 43.68626041 6.09444348
1.01952 44.19403524 6.19901345
1.02252 44.47978552 6.30001458
1.02553 44.53502652 6.39395866
1.02853 44.37275563 6.47790244
1.03153 44.02846871 6.54990510
1.03453 43.55774513 6.60915607
1.03754 43.03818433 6.65582571
1.04054 42.59478870 6.69075495
1.04354 42.56352125 6.71548724
1.04655 45.46651194 6.75943570
1.04955 50.82297001 6.91543714
1.05255 55.38351461 7.11734337
1.05556 58.73571526 7.31168711
1.05856 61.65702774 7.50029334
1.06156 64.18372564 7.68423559
1.06456 66.06228798 7.85665585
1.06757 66.99012368 8.00552227
1.07057 66.83403244 8.11964380
1.07357 65.73675814 8.19469571
1.07658 64.04079760 8.23455913
1.07958 62.12372889 8.24791554
1.08258 60.28155406 8.24392904
1.08559 58.70006554 8.22975327
1.08859 57.47798815 8.20996020
1.09159 56.66049669 8.18692252
1.09459 56.26298563 8.16139971
1.09760 56.27981228 8.13303241
1.10060 56.67765118 8.10074165
1.10360 57.37470122 8.06317355
1.10661 58.21260365 8.01937368
1.10961 58.94233888 7.96974630
1.11261 59.26036150 7.91692583
1.11562 58.91409631 7.86568433
1.11862 57.82540546 7.82130586
1.12162 56.12836622 7.78732038
1.12462 54.08504262 7.76436864
1.12763 51.95904536 7.75079705
1.13063 49.93788485 7.74401638
1.13363 48.12114772 7.74155773
1.13664 46.54321350 7.74152410
1.13964 45.20096972 7.74262958
1.14264 44.07423852 7.74407332
1.14565 43.13776597 7.74539049
1.14865 42.36723062 7.74633242
1.15165 41.74179515 7.74678414
1.15465 41.24490978 7.74671241
1.15766 40.86434460 7.74613552
1.16066 40.59195827 7.74510792
1.16366 40.42344858 7.74371491
1.16667 40.35819663 7.74207519
1.16967 40.39925046 7.74035001
1.17267 40.55346248 7.73875906
1.17568 40.83177610 7.73760402
1.17868 41.24963949 7.73730047
1.18168 41.82750428 7.73841824
1.18468 42.59135684 7.74172655
1.18769 43.57329054 7.74823123
1.19069 44.81246770 7.75917184
1.19369 46.35804761 7.77590716
1.19670 48.27944022 7.79954733
1.19970 50.70003676 7.83007167
1.20270 53.90093429 7.86443529
1.20571 58.63171853 7.89244317
1.20871 67.05451291 7.88624109
1.21171 85.28741997 7.77159990
1.21471 118.94798582 7.45931252
1.21772 114.85806954 7.48967507
1.22072 80.59842478 7.86435735
1.22372 62.96836803 8.06919985
1.22673 54.82366046 8.16342906
1.22973 50.64263238 8.20730523
1.23273 48.51870648 8.22494458
1.23574 47.93961244 8.22534598
1.23874 49.19972447 8.20879946
1.24174 53.79943619 8.16352993
1.24474 66.55298932 8.04372018
1.24775 99.04664682 7.71466817
1.25075 119.27827237 7.40115675
1.25375 79.26204166 7.72006189
1.25676 55.89248090 7.94791161
1.25976 46.27387697 8.04719956
1.26276 41.70036410 8.09464415
1.26577 39.17256530 8.12010758
1.26877 37.60691468 8.13509465
1.27177 36.55289818 8.14460338
1.27477 35.79868018 8.15105603
1.27778 35.23433629 8.15573272
1.28078 34.79817340 8.15935683
1.28378 34.45333450 8.16235877
1.28679 34.17668375 8.16500501
1.28979 33.95313733 8.16746554
1.29279 33.77259751 8.16985126
1.29580 33.62821389 8.17223558
1.29880 33.51536094 8.17466751
1.30180 33.43102273 8.17717977
1.30480 33.37342231 8.17979398
1.30781 33.34180720 8.18252412
1.31081 33.33634295 8.18537872
1.31381 33.35809033 8.18836243
1.31682 33.40905681 8.19147703
1.31982 33.49232575 8.19472204
1.32282 33.61227899 8.19809512
1.32583 33.77494585 8.20159220
1.32883 33.98853915 8.20520731
1.33183 34.26428843 8.20893212
1.33483 34.61777902 8.21275486
1.33784 35.07121315 8.21665837
1.34084 35.65748156 8.22061613
1.34384 36.42809892 8.22458434
1.34685 37.47022099 8.22848447
1.34985 38.94768789 8.23216123
1.35285 41.21634740 8.23526631
1.35586 45.22841319 8.23687038
1.35886 54.65064108 8.23378675
1.36186 89.94755411 8.20532318
1.36486 315.18296660 7.99404508
1.36787 256.98824522 8.00761575
1.37087 125.30785583 8.17607555
1.37387 70.71689401 8.25616586
1.37688 61.89133610 8.27657581
1.37988 60.14817008 8.28860612
1.38288 60.65629640 8.29914362
1.38589 62.34501833 8.31065660
1.38889 65.01512036 8.32551820
1.39189 68.83320269 8.34780389
1.39489 74.23197385 8.38576990
1.39790 81.79406824 8.45589723
1.40090 91.55615364 8.58438724
1.40390 100.99030715 8.78247238
1.40691 104.93264183 8.98403732
1.40991 103.72612667 9.09399029
1.41291 105.24963732 9.12910146
1.41592 117.41247530 9.17395081
1.41892 137.59335133 9.30436750
1.42192 129.01429434 9.41225019
1.42492 103.82940702 9.40201250
1.42793 89.11272822 9.39074460
1.43093 81.85971845 9.40564500
1.43393 78.01380930 9.43950942
1.43694 75.73375886 9.48527274
1.43994 74.21003606 9.53846264
1.44294 73.06241584 9.59631747
1.44595 72.10028328 9.65705950
1.44895 71.22309376 9.71941700
1.45195 70.37605952 9.78231401
1.45495 69.52949679 9.84470054
1.45796 68.66892789 9.90550830
1.46096 67.78999568 9.96370119
1.46396 66.89529995 10.01837235
1.46697 65.99188650 10.06883735
1.46997 65.08903032 10.11468829
1.47297 64.19637825 10.15579704
1.47598 63.32260101 10.19227589
1.47898 62.47461495 10.22441432
1.48198 61.65731049 10.25261096
1.48498 60.87364692 10.27731393
1.48799 60.12495662 10.29897620
1.49099 59.41132828 10.31802646
1.49399 58.73198152 10.33485339
1.49700 58.08558606 10.34979956
1.50000 57.47050862 10.36316157
