-1.50000 22.67238 5.74411
-1.49700 22.68645 5.74419
-1.49400 22.70160 5.74424
-1.49100 22.71783 5.74426
-1.48800 22.73514 5.74427
-1.48500 22.75354 5.74425
-1.48200 22.77302 5.74423
-1.47900 22.79360 5.74420
-1.47600 22.81527 5.74416
-1.47300 22.83804 5.74413
-1.47000 22.86192 5.74410
-1.46700 22.88693 5.74408
-1.46400 22.91305 5.74407
-1.46100 22.94032 5.74408
-1.45800 22.96873 5.74411
-1.45500 22.99830 5.74416
-1.45200 23.02903 5.74424
-1.44900 23.06095 5.74436
-1.44600 23.09406 5.74451
-1.44300 23.12839 5.74470
-1.44000 23.16394 5.74493
-1.43700 23.20073 5.74521
-1.43400 23.23879 5.74554
-1.43100 23.27813 5.74592
-1.42800 23.31880 5.74636
-1.42500 23.36083 5.74685
-1.42200 23.40430 5.74740
-1.41900 23.44936 5.74798
-1.41600 23.49632 5.74850
-1.41300 23.54589 5.74841
-1.41000 23.59593 5.74142
-1.40700 23.75345 5.63822
-1.40400 23.56949 5.39491
-1.40100 23.69890 5.35484
-1.39800 23.91091 5.38139
-1.39500 23.98639 5.43401
-1.39200 23.84933 5.59855
-1.38900 23.94700 5.74058
-1.38600 24.01854 5.75345
-1.38300 24.08375 5.75735
-1.38000 24.14840 5.75945
-1.37700 24.21414 5.76037
-1.37400 24.30880 5.75681
-1.37100 24.33564 5.72384
-1.36800 24.49561 5.49871
-1.36500 24.48798 5.39689
-1.36200 24.50791 5.46946
-1.35900 24.63282 5.74161
-1.35600 24.71262 5.77201
-1.35300 24.79030 5.77821
-1.35000 24.86928 5.78154
-1.34700 24.94984 5.78420
-1.34400 25.03203 5.78660
-1.34100 25.11584 5.78888
-1.33800 25.20125 5.79105
-1.33500 25.28824 5.79310
-1.33200 25.37678 5.79501
-1.32900 25.46682 5.79673
-1.32600 25.55832 5.79822
-1.32300 25.65122 5.79943
-1.32000 25.74542 5.80027
-1.31700 25.84083 5.80066
-1.31400 25.93732 5.80051
-1.31100 26.03475 5.79969
-1.30800 26.13292 5.79806
-1.30500 26.23160 5.79544
-1.30200 26.33048 5.79163
-1.29900 26.42922 5.78635
-1.29600 26.52734 5.77931
-1.29300 26.62427 5.77012
-1.29000 26.71928 5.75829
-1.28700 26.81143 5.74323
-1.28400 26.89949 5.72419
-1.28100 26.98183 5.70019
-1.27800 27.05630 5.66999
-1.27500 27.11991 5.63194
-1.27200 27.16847 5.58382
-1.26900 27.19593 5.52255
-1.26600 27.19310 5.44374
-1.26300 27.14543 5.34078
-1.26000 27.02803 5.20293
-1.25700 26.79371 5.01033
-1.25400 26.33654 4.71517
-1.25100 25.59383 4.20817
-1.24800 25.75669 4.01720
-1.24500 25.79003 3.96537
-1.24200 25.02514 3.92580
-1.23900 28.29772 3.89515
-1.23600 54.23077 3.82827
-1.23300 98.14022 3.58892
-1.23000 53.99012 3.62401
-1.22700 85.81905 3.28820
-1.22400 58.43381 3.53956
-1.22100 33.10449 3.76916
-1.21800 25.48348 3.83723
-1.21500 22.48762 3.86387
-1.21200 21.02570 3.87695
-1.20900 20.20584 3.88442
-1.20600 19.70136 3.88914
-1.20300 19.37025 3.89236
-1.20000 19.14265 3.89468
-1.19700 18.98090 3.89642
-1.19400 18.86319 3.89775
-1.19100 18.77620 3.89880
-1.18800 18.71184 3.89975
-1.18500 18.66975 3.89975
-1.18200 18.62654 3.89675
-1.17900 18.64773 3.86247
-1.17600 18.51087 3.75862
-1.17300 18.57422 3.89089
-1.17000 18.56333 3.90215
-1.16700 18.55916 3.90366
-1.16400 18.55926 3.90434
-1.16100 18.56270 3.90481
-1.15800 18.56897 3.90519
-1.15500 18.57774 3.90552
-1.15200 18.58875 3.90582
-1.14900 18.60181 3.90608
-1.14600 18.61679 3.90632
-1.14300 18.63360 3.90652
-1.14000 18.65218 3.90668
-1.13700 18.67256 3.90678
-1.13400 18.69482 3.90678
-1.13100 18.71920 3.90657
-1.12800 18.74630 3.90571
-1.12500 18.77756 3.90189
-1.12200 18.81295 3.86793
-1.11900 18.67685 3.53354
-1.11600 18.55257 3.39164
-1.11300 19.21835 3.49554
-1.11000 18.69953 3.37024
-1.10700 18.62537 3.26674
-1.10400 18.94795 3.26946
-1.10100 19.19449 3.05280
-1.09800 19.14832 3.13703
-1.09500 19.09149 3.47597
-1.09200 19.12724 3.80819
-1.08900 19.21159 3.89218
-1.08600 19.27126 3.89954
-1.08300 19.33306 3.90098
-1.08000 19.39950 3.90035
-1.07700 19.47191 3.89819
-1.07400 19.55170 3.89410
-1.07100 19.64045 3.88674
-1.06800 19.73904 3.87258
-1.06500 19.84079 3.84069
-1.06200 19.86256 3.74171
-1.05900 18.50097 3.27674
-1.05600 16.28531 2.97935
-1.05300 16.33860 2.87439
-1.05000 22.51927 2.70926
-1.04700 29.56102 2.83246
-1.04400 16.31917 2.25153
-1.04100 12.07509 2.04181
-1.03800 13.00800 2.05792
-1.03500 28.01674 2.59000
-1.03200 25.44740 2.51510
-1.02900 24.47386 2.48455
-1.02600 23.78969 2.51222
-1.02300 23.56145 2.76261
-1.02000 23.59484 3.06479
-1.01700 23.21778 3.31128
-1.01400 24.22153 3.50736
-1.01100 25.53245 3.52213
-1.00800 27.15295 3.48212
-1.00500 29.19781 3.40715
-1.00200 31.73946 3.30195
-0.99900 34.70448 3.17367
-0.99600 37.68793 3.04359
-0.99300 39.84947 2.95250
-0.99000 40.29217 2.94268
-0.98700 38.85655 3.02059
-0.98400 36.28313 3.15033
-0.98100 33.48984 3.28847
-0.97800 31.01766 3.40991
-0.97500 29.03119 3.50740
-0.97200 27.50539 3.58252
-0.96900 26.35707 3.63945
-0.96600 25.50181 3.68235
-0.96300 24.87095 3.71456
-0.96000 24.41323 3.73858
-0.95700 24.09214 3.75622
-0.95400 23.88258 3.76874
-0.95100 23.76833 3.77697
-0.94800 23.74027 3.78148
-0.94500 23.79545 3.78251
-0.94200 23.93683 3.78012
-0.93900 24.17381 3.77407
-0.93600 24.52361 3.76385
-0.93300 25.01375 3.74853
-0.93000 25.68606 3.72665
-0.92700 26.60264 3.69588
-0.92400 27.85363 3.65271
-0.92100 29.56447 3.59190
-0.91800 31.89135 3.50626
-0.91500 34.96902 3.38776
-0.91200 38.72790 3.23358
-0.90900 42.51053 3.06118
-0.90600 44.83597 2.92346
-0.90300 44.32880 2.88270
-0.90000 41.31022 2.94523
-0.89700 37.38804 3.05971
-0.89400 33.80447 3.17663
-0.89100 30.97508 3.27419
-0.88800 28.86639 3.34899
-0.88500 27.32142 3.40433
-0.88200 26.18873 3.44462
-0.87900 25.35235 3.47365
-0.87600 24.72983 3.49433
-0.87300 24.26391 3.50878
-0.87000 23.91487 3.51854
-0.86700 23.65502 3.52476
-0.86400 23.46481 3.52826
-0.86100 23.33034 3.52970
-0.85800 23.24161 3.52956
-0.85500 23.19141 3.52824
-0.85200 23.17451 3.52604
-0.84900 23.18718 3.52324
-0.84600 23.22677 3.52005
-0.84300 23.29148 3.51669
-0.84000 23.38017 3.51331
-0.83700 23.49224 3.51010
-0.83400 23.62756 3.50720
-0.83100 23.78638 3.50476
-0.82800 23.96933 3.50293
-0.82500 24.17738 3.50187
-0.82200 24.41188 3.50172
-0.81900 24.67454 3.50265
-0.81600 24.96751 3.50481
-0.81300 25.29341 3.50839
-0.81000 25.65545 3.51358
-0.80700 26.05754 3.52056
-0.80400 26.50447 3.52954
-0.80100 27.00214 3.54073
-0.79800 27.55795 3.55432
-0.79500 28.18126 3.57046
-0.79200 28.88417 3.58922
-0.78900 29.68267 3.61044
-0.78600 30.59848 3.63354
-0.78300 31.66219 3.65692
-0.78000 32.91871 3.67674
-0.77700 34.43757 3.68334
-0.77400 36.33163 3.64928
-0.77100 38.74011 3.46865
-0.76800 37.86907 2.63994
-0.76500 28.18627 2.16327
-0.76200 20.67030 2.02631
-0.75900 15.95417 1.97514
-0.75600 15.84333 1.96728
-0.75300 18.17276 1.96607
-0.75000 26.45172 1.96697
-0.74700 81.65501 1.97224
-0.74400 274.30454 1.96787
-0.74100 52.18134 1.95366
-0.73800 22.68841 1.95582
-0.73500 16.60541 1.95676
-0.73200 14.37525 1.95720
-0.72900 13.30895 1.95743
-0.72600 12.71417 1.95755
-0.72300 12.34719 1.95760
-0.72000 12.10412 1.95763
-0.71700 11.93448 1.95762
-0.71400 11.81128 1.95761
-0.71100 11.71900 1.95759
-0.70800 11.64819 1.95756
-0.70500 11.59278 1.95754
-0.70200 11.54877 1.95751
-0.69900 11.51340 1.95748
-0.69600 11.48470 1.95746
-0.69300 11.46128 1.95744
-0.69000 11.44208 1.95742
-0.68700 11.42632 1.95741
-0.68400 11.41340 1.95740
-0.68100 11.40286 1.95740
-0.67800 11.39431 1.95740
-0.67500 11.38747 1.95741
-0.67200 11.38210 1.95742
-0.66900 11.37801 1.95744
-0.66600 11.37504 1.95747
-0.66300 11.37305 1.95750
-0.66000 11.37194 1.95753
-0.65700 11.37162 1.95758
-0.65400 11.37201 1.95762
-0.65100 11.37304 1.95768
-0.64800 11.37465 1.95774
-0.64500 11.37680 1.95780
-0.64200 11.37945 1.95788
-0.63900 11.38256 1.95795
-0.63600 11.38609 1.95804
-0.63300 11.39002 1.95813
-0.63000 11.39433 1.95822
-0.62700 11.39899 1.95833
-0.62400 11.40398 1.95843
-0.62100 11.40930 1.95855
-0.61800 11.41492 1.95867
-0.61500 11.42083 1.95879
-0.61200 11.42703 1.95892
-0.60900 11.43349 1.95905
-0.60600 11.44021 1.95919
-0.60300 11.44719 1.95934
-0.60000 11.45442 1.95949
-0.59700 11.46189 1.95964
-0.59400 11.46960 1.95980
-0.59100 11.47754 1.95996
-0.58800 11.48570 1.96013
-0.58500 11.49410 1.96030
-0.58200 11.50271 1.96047
-0.57900 11.51155 1.96064
-0.57600 11.52060 1.96082
-0.57300 11.52988 1.96100
-0.57000 11.53937 1.96118
-0.56700 11.54908 1.96136
-0.56400 11.55901 1.96155
-0.56100 11.56916 1.96173
-0.55800 11.57953 1.96191
-0.55500 11.59012 1.96209
-0.55200 11.60094 1.96227
-0.54900 11.61199 1.96245
-0.54600 11.62327 1.96263
-0.54300 11.63478 1.96280
-0.54000 11.64653 1.96297
-0.53700 11.65852 1.96313
-0.53400 11.67077 1.96329
-0.53100 11.68326 1.96343
-0.52800 11.69602 1.96358
-0.52500 11.70905 1.96371
-0.52200 11.72235 1.96383
-0.51900 11.73594 1.96394
-0.51600 11.74982 1.96404
-0.51300 11.76401 1.96413
-0.51000 11.77851 1.96420
-0.50700 11.79333 1.96425
-0.50400 11.80850 1.96429
-0.50100 11.82402 1.96431
-0.49800 11.83990 1.96430
-0.49500 11.85617 1.96427
-0.49200 11.87284 1.96422
-0.48900 11.88993 1.96414
-0.48600 11.90747 1.96403
-0.48300 11.92546 1.96389
-0.48000 11.94394 1.96371
-0.47700 11.96294 1.96349
-0.47400 11.98248 1.96324
-0.47100 12.00259 1.96294
-0.46800 12.02330 1.96259
-0.46500 12.04466 1.96219
-0.46200 12.06670 1.96174
-0.45900 12.08946 1.96123
-0.45600 12.11299 1.96065
-0.45300 12.13735 1.96001
-0.45000 12.16258 1.95929
-0.44700 12.18874 1.95849
-0.44400 12.21591 1.95761
-0.44100 12.24416 1.95663
-0.43800 12.27356 1.95556
-0.43500 12.30420 1.95437
-0.43200 12.33619 1.95307
-0.42900 12.36962 1.95164
-0.42600 12.40461 1.95007
-0.42300 12.44131 1.94835
-0.42000 12.47984 1.94647
-0.41700 12.52037 1.94441
-0.41400 12.56309 1.94215
-0.41100 12.60820 1.93968
-0.40800 12.65591 1.93698
-0.40500 12.70650 1.93403
-0.40200 12.76025 1.93079
-0.39900 12.81748 1.92724
-0.39600 12.87858 1.92335
-0.39300 12.94397 1.91907
-0.39000 13.01415 1.91437
-0.38700 13.08968 1.90918
-0.38400 13.17123 1.90346
-0.38100 13.25956 1.89713
-0.37800 13.35559 1.89010
-0.37500 13.46040 1.88228
-0.37200 13.57526 1.87355
-0.36900 13.70172 1.86376
-0.36600 13.84166 1.85273
-0.36300 13.99739 1.84023
-0.36000 14.17176 1.82598
-0.35700 14.36838 1.80961
-0.35400 14.59186 1.79063
-0.35100 14.84821 1.76838
-0.34800 15.14542 1.74196
-0.34500 15.49442 1.71005
-0.34200 15.91063 1.67071
-0.33900 16.41679 1.62082
-0.33600 17.04837 1.55508
-0.33300 17.86590 1.46329
-0.33000 18.98972 1.32204
-0.32700 20.76794 1.05574
-0.32400 25.82686 0.53037
-0.32100 34.58683 0.32545
-0.31800 44.19444 0.26506
-0.31500 39.39821 0.16417
-0.31200 68.10123 0.21428
-0.30900 14.57959 0.01869
-0.30600 9.77155 0.00519
-0.30300 8.50497 0.00220
-0.30000 8.03500 0.00115
-0.29700 7.87554 0.00068
-0.29400 7.90551 0.00044
-0.29100 8.12326 0.00030
-0.28800 8.62876 0.00022
-0.28500 9.74469 0.00017
-0.28200 12.62002 0.00014
-0.27900 23.56074 0.00017
-0.27600 141.06168 0.00092
-0.27300 71.65497 0.00067
-0.27000 18.68765 0.00022
-0.26700 11.41515 0.00014
-0.26400 9.17967 0.00011
-0.26100 8.21374 0.00009
-0.25800 7.71072 0.00008
-0.25500 7.41621 0.00008
-0.25200 7.22962 0.00007
-0.24900 7.10477 0.00007
-0.24600 7.01806 0.00006
-0.24300 6.95651 0.00006
-0.24000 6.91253 0.00006
-0.23700 6.88153 0.00006
-0.23400 6.86075 0.00006
-0.23100 6.84852 0.00005
-0.22800 6.84404 0.00005
-0.22500 6.84717 0.00005
-0.22200 6.85839 0.00005
-0.21900 6.87894 0.00005
-0.21600 6.91106 0.00005
-0.21300 6.95847 0.00005
-0.21000 7.02728 0.00005
-0.20700 7.12787 0.00005
-0.20400 7.27858 0.00005
-0.20100 7.51414 0.00005
-0.19800 7.90660 0.00005
-0.19500 8.62564 0.00005
-0.19200 10.15283 0.00005
-0.18900 14.33228 0.00005
-0.18600 33.73068 0.00005
-0.18300 299.82370 0.00006
-0.18000 41.49923 0.00005
-0.17700 15.44802 0.00005
-0.17400 10.47484 0.00005
-0.17100 8.74178 0.00005
-0.16800 7.94314 0.00005
-0.16500 7.51033 0.00005
-0.16200 7.24947 0.00005
-0.15900 7.07994 0.00005
-0.15600 6.96338 0.00005
-0.15300 6.87965 0.00005
-0.15000 6.81735 0.00005
-0.14700 6.76965 0.00005
-0.14400 6.73223 0.00005
-0.14100 6.70227 0.00005
-0.13800 6.67785 0.00005
-0.13500 6.65764 0.00005
-0.13200 6.64069 0.00005
-0.12900 6.62629 0.00005
-0.12600 6.61394 0.00005
-0.12300 6.60324 0.00005
-0.12000 6.59388 0.00005
-0.11700 6.58564 0.00005
-0.11400 6.57832 0.00005
-0.11100 6.57178 0.00004
-0.10800 6.56590 0.00004
-0.10500 6.56059 0.00004
-0.10200 6.55576 0.00004
-0.09900 6.55135 0.00004
-0.09600 6.54730 0.00004
-0.09300 6.54358 0.00004
-0.09000 6.54013 0.00004
-0.08700 6.53693 0.00004
-0.08400 6.53395 0.00004
-0.08100 6.53116 0.00004
-0.07800 6.52855 0.00004
-0.07500 6.52610 0.00004
-0.07200 6.52378 0.00004
-0.06900 6.52159 0.00004
-0.06600 6.51952 0.00004
-0.06300 6.51756 0.00004
-0.06000 6.51569 0.00004
-0.05700 6.51390 0.00004
-0.05400 6.51220 0.00004
-0.05100 6.51057 0.00004
-0.04800 6.50901 0.00004
-0.04500 6.50751 0.00004
-0.04200 6.50607 0.00004
-0.03900 6.50468 0.00004
-0.03600 6.50334 0.00004
-0.03300 6.50205 0.00004
-0.03000 6.50080 0.00004
-0.02700 6.49960 0.00004
-0.02400 6.49843 0.00004
-0.02100 6.49729 0.00004
-0.01800 6.49619 0.00004
-0.01500 6.49513 0.00004
-0.01200 6.49409 0.00004
-0.00900 6.49308 0.00004
-0.00600 6.49209 0.00004
-0.00300 6.49114 0.00004
0.00000 6.49020 0.00004
0.00300 6.48929 0.00004
0.00600 6.48840 0.00004
0.00900 6.48754 0.00004
0.01200 6.48669 0.00004
0.01500 6.48586 0.00004
0.01800 6.48505 0.00004
0.02100 6.48426 0.00004
0.02400 6.48349 0.00004
0.02700 6.48273 0.00004
0.03000 6.48199 0.00004
0.03300 6.48126 0.00004
0.03600 6.48055 0.00004
0.03900 6.47985 0.00004
0.04200 6.47917 0.00004
0.04500 6.47850 0.00004
0.04800 6.47785 0.00004
0.05100 6.47721 0.00004
0.05400 6.47658 0.00004
0.05700 6.47597 0.00004
0.06000 6.47537 0.00004
0.06300 6.47478 0.00004
0.06600 6.47421 0.00004
0.06900 6.47364 0.00004
0.07200 6.47309 0.00004
0.07500 6.47256 0.00004
0.07800 6.47203 0.00004
0.08100 6.47152 0.00004
0.08400 6.47102 0.00004
0.08700 6.47054 0.00004
0.09000 6.47006 0.00004
0.09300 6.46960 0.00004
0.09600 6.46915 0.00004
0.09900 6.46872 0.00004
0.10200 6.46830 0.00004
0.10500 6.46789 0.00004
0.10800 6.46750 0.00004
0.11100 6.46712 0.00004
0.11400 6.46676 0.00004
0.11700 6.46641 0.00004
0.12000 6.46608 0.00004
0.12300 6.46577 0.00004
0.12600 6.46547 0.00004
0.12900 6.46519 0.00004
0.13200 6.46492 0.00004
0.13500 6.46468 0.00004
0.13800 6.46445 0.00004
0.14100 6.46425 0.00004
0.14400 6.46407 0.00004
0.14700 6.46391 0.00004
0.15000 6.46377 0.00004
0.15300 6.46366 0.00004
0.15600 6.46358 0.00004
0.15900 6.46352 0.00004
0.16200 6.46349 0.00004
0.16500 6.46350 0.00004
0.16800 6.46354 0.00004
0.17100 6.46361 0.00004
0.17400 6.46372 0.00004
0.17700 6.46388 0.00004
0.18000 6.46407 0.00004
0.18300 6.46432 0.00004
0.18600 6.46461 0.00004
0.18900 6.46497 0.00004
0.19200 6.46538 0.00004
0.19500 6.46586 0.00004
0.19800 6.46641 0.00004
0.20100 6.46704 0.00004
0.20400 6.46776 0.00004
0.20700 6.46857 0.00004
0.21000 6.46949 0.00004
0.21300 6.47053 0.00005
0.21600 6.47171 0.00005
0.21900 6.47303 0.00005
0.22200 6.47452 0.00005
0.22500 6.47620 0.00005
0.22800 6.47811 0.00005
0.23100 6.48026 0.00005
0.23400 6.48270 0.00005
0.23700 6.48549 0.00005
0.24000 6.48867 0.00005
0.24300 6.49232 0.00005
0.24600 6.49654 0.00006
0.24900 6.50145 0.00006
0.25200 6.50719 0.00006
0.25500 6.51399 0.00007
0.25800 6.52211 0.00007
0.26100 6.53195 0.00008
0.26400 6.54406 0.00009
0.26700 6.55928 0.00011
0.27000 6.57889 0.00013
0.27300 6.60499 0.00017
0.27600 6.64136 0.00023
0.27900 6.69548 0.00034
0.28200 6.78507 0.00057
0.28500 6.96840 0.00119
0.28800 7.69393 0.00481
0.29100 10.31339 0.02497
0.29400 13.05449 0.07177
0.29700 17.04246 0.32925
0.30000 19.35316 0.77397
0.30300 19.71165 1.02944
0.30600 19.60210 1.19768
0.30900 19.33474 1.31939
0.31200 19.01268 1.41214
0.31500 18.67771 1.48534
0.31800 18.34812 1.54459
0.32100 18.03192 1.59350
0.32400 17.73235 1.63453
0.32700 17.45029 1.66940
0.33000 17.18550 1.69935
0.33300 16.93719 1.72532
0.33600 16.70432 1.74801
0.33900 16.48581 1.76798
0.34200 16.28055 1.78566
0.34500 16.08753 1.80140
0.34800 15.90577 1.81547
0.35100 15.73439 1.82810
0.35400 15.57258 1.83948
0.35700 15.41962 1.84978
0.36000 15.27484 1.85911
0.36300 15.13765 1.86761
0.36600 15.00749 1.87534
0.36900 14.88388 1.88241
0.37200 14.76638 1.88889
0.37500 14.65458 1.89482
0.37800 14.54812 1.90027
0.38100 14.44666 1.90528
0.38400 14.34990 1.90989
0.38700 14.25757 1.91415
0.39000 14.16942 1.91807
0.39300 14.08522 1.92170
0.39600 14.00475 1.92505
0.39900 13.92783 1.92815
0.40200 13.85429 1.93101
0.40500 13.78397 1.93367
0.40800 13.71671 1.93612
0.41100 13.65239 1.93840
0.41400 13.59089 1.94051
0.41700 13.53210 1.94246
0.42000 13.47592 1.94426
0.42300 13.42227 1.94594
0.42600 13.37106 1.94748
0.42900 13.32223 1.94892
0.43200 13.27572 1.95024
0.43500 13.23147 1.95146
0.43800 13.18945 1.95259
0.44100 13.14961 1.95363
0.44400 13.11195 1.95458
0.44700 13.07645 1.95546
0.45000 13.04310 1.95626
0.45300 13.01192 1.95700
0.45600 12.98292 1.95766
0.45900 12.95615 1.95827
0.46200 12.93164 1.95882
0.46500 12.90948 1.95931
0.46800 12.88974 1.95975
0.47100 12.87254 1.96014
0.47400 12.85802 1.96047
0.47700 12.84633 1.96076
0.48000 12.83770 1.96100
0.48300 12.83237 1.96120
0.48600 12.83065 1.96135
0.48900 12.83290 1.96145
0.49200 12.83960 1.96150
0.49500 12.85131 1.96150
0.49800 12.86871 1.96145
0.50100 12.89268 1.96134
0.50400 12.92431 1.96116
0.50700 12.96497 1.96091
0.51000 13.01643 1.96058
0.51300 13.08097 1.96014
0.51600 13.16161 1.95958
0.51900 13.26237 1.95886
0.52200 13.38874 1.95795
0.52500 13.54835 1.95678
0.52800 13.75208 1.95526
0.53100 14.01589 1.95326
0.53400 14.36401 1.95055
0.53700 14.83463 1.94679
0.54000 15.49094 1.94139
0.54300 16.44345 1.93326
0.54600 17.89937 1.92032
0.54900 20.28114 1.89815
0.55200 24.54085 1.85632
0.55500 33.05419 1.76747
0.55800 51.69687 1.55789
0.56100 83.30267 1.15835
0.56400 79.72528 1.11528
0.56700 49.89317 1.44047
0.57000 34.92147 1.62377
0.57300 29.92395 1.69293
0.57600 30.91111 1.69287
0.57900 39.43730 1.61388
0.58200 65.55327 1.37277
0.58500 106.23770 1.05647
0.58800 72.75367 1.43866
0.59100 40.78144 1.73327
0.59400 28.77458 1.83653
0.59700 24.40405 1.87437
0.60000 23.82910 1.88439
0.60300 27.47375 1.87078
0.60600 43.43423 1.80052
0.60900 128.47587 1.44531
0.61200 113.11880 1.56928
0.61500 39.43416 1.86654
0.61800 24.42736 1.92244
0.62100 19.64713 1.93935
0.62400 17.72658 1.94592
0.62700 17.01777 1.94825
0.63000 17.10801 1.94774
0.63300 18.10269 1.94375
0.63600 20.77686 1.93267
0.63900 28.05057 1.90079
0.64200 54.16669 1.77788
0.64500 155.18720 1.25124
0.64800 77.80415 1.59445
0.65100 32.79487 1.83252
0.65400 21.59101 1.89590
0.65700 17.47820 1.92041
0.66000 15.53866 1.93248
0.66300 14.46778 1.93939
0.66600 13.80983 1.94377
0.66900 13.37332 1.94675
0.67200 13.06654 1.94890
0.67500 12.84109 1.95051
0.67800 12.66943 1.95175
0.68100 12.53494 1.95275
0.68400 12.42704 1.95355
0.68700 12.33879 1.95423
0.69000 12.26541 1.95480
0.69300 12.20354 1.95528
0.69600 12.15076 1.95571
0.69900 12.10528 1.95608
0.70200 12.06576 1.95641
0.70500 12.03116 1.95671
0.70800 12.00068 1.95698
0.71100 11.97369 1.95723
0.71400 11.94969 1.95745
0.71700 11.92826 1.95766
0.72000 11.90909 1.95786
0.72300 11.89189 1.95805
0.72600 11.87644 1.95822
0.72900 11.86256 1.95839
0.73200 11.85010 1.95855
0.73500 11.83892 1.95870
0.73800 11.82892 1.95885
0.74100 11.82001 1.95899
0.74400 11.81210 1.95913
0.74700 11.80515 1.95926
0.75000 11.79909 1.95939
0.75300 11.79390 1.95952
0.75600 11.78953 1.95965
0.75900 11.78596 1.95977
0.76200 11.78319 1.95990
0.76500 11.78120 1.96002
0.76800 11.78000 1.96013
0.77100 11.77959 1.96025
0.77400 11.78001 1.96037
0.77700 11.78126 1.96048
0.78000 11.78341 1.96060
0.78300 11.78648 1.96071
0.78600 11.79056 1.96082
0.78900 11.79572 1.96093
0.79200 11.80206 1.96104
0.79500 11.80971 1.96115
0.79800 11.81881 1.96126
0.80100 11.82957 1.96136
0.80400 11.84222 1.96147
0.80700 11.85705 1.96157
0.81000 11.87446 1.96167
0.81300 11.89494 1.96177
0.81600 11.91913 1.96187
0.81900 11.94792 1.96197
0.82200 11.98250 1.96206
0.82500 12.02460 1.96216
0.82800 12.07680 1.96225
0.83100 12.14313 1.96234
0.83400 12.23056 1.96242
0.83700 12.35268 1.96251
0.84000 12.54279 1.96261
0.84300 12.93597 1.96277
0.84600 14.62584 1.96359
0.84900 17.01664 1.96557
0.85200 19.27562 1.97011
0.85500 22.70744 1.99198
0.85800 26.96437 2.03753
0.86100 30.79741 2.09433
0.86400 34.51615 2.16588
0.86700 38.22946 2.25617
0.87000 41.90989 2.36806
0.87300 45.44484 2.50270
0.87600 48.65346 2.65864
0.87900 51.31312 2.83083
0.88200 53.20692 3.01051
0.88500 54.18474 3.18638
0.88800 54.21319 3.34698
0.89100 53.38811 3.48339
0.89400 51.90306 3.59093
0.89700 49.99260 3.66934
0.90000 47.87882 3.72169
0.90300 45.73895 3.75276
0.90600 43.69556 3.76777
0.90900 41.82199 3.77147
0.91200 40.15400 3.76782
0.91500 38.70208 3.75986
0.91800 37.46150 3.74982
0.92100 36.41969 3.73926
0.92400 35.56116 3.72924
0.92700 34.87082 3.72043
0.93000 34.33616 3.71321
0.93300 33.94917 3.70775
0.93600 33.70842 3.70409
0.93900 33.62262 3.70209
0.94200 33.71752 3.70152
0.94500 34.05226 3.70196
0.94800 34.76561 3.70271
0.95100 36.26094 3.70260
0.95400 40.88800 3.70127
0.95700 55.99898 3.71433
0.96000 76.60192 3.75580
0.96300 90.25794 3.99772
0.96600 80.76753 4.36395
0.96900 76.58984 4.43031
0.97200 74.46497 4.41370
0.97500 73.10001 4.37301
0.97800 71.93576 4.34210
0.98100 70.72719 4.34074
0.98400 69.48090 4.37123
0.98700 68.37774 4.42075
0.99000 67.66023 4.46993
0.99300 67.54043 4.50104
0.99600 68.13150 4.50304
0.99900 69.34830 4.47592
1.00200 70.75020 4.43685
1.00500 71.47768 4.42227
1.00800 70.63170 4.47115
1.01100 68.01004 4.59299
1.01400 64.28084 4.75984
1.01700 60.33792 4.93375
1.02000 56.74871 5.09059
1.02300 53.70924 5.22214
1.02600 51.20958 5.32905
1.02900 49.16743 5.41507
1.03200 47.49198 5.48432
1.03500 46.10569 5.54034
1.03800 44.94833 5.58594
1.04100 43.97512 5.62324
1.04400 43.15354 5.65383
1.04700 42.46066 5.67890
1.05000 41.88101 5.69934
1.05300 41.40531 5.71579
1.05600 41.02979 5.72869
1.05900 40.75621 5.73832
1.06200 40.59261 5.74477
1.06500 40.55502 5.74795
1.06800 40.67078 5.74751
1.07100 40.98442 5.74273
1.07400 41.56812 5.73231
1.07700 42.54084 5.71398
1.08000 44.10355 5.68372
1.08300 46.60407 5.63434
1.08600 50.64475 5.55290
1.08900 57.17764 5.41790
1.09200 67.05686 5.20643
1.09500 78.05189 4.95568
1.09800 80.90840 4.86105
1.10100 72.02826 5.02909
1.10400 62.32927 5.26725
1.10700 57.11175 5.42904
1.11000 55.45658 5.53815
1.11300 57.25585 5.69036
1.11600 59.12172 5.82770
1.11900 60.72855 5.92761
1.12200 62.50193 5.99247
1.12500 64.86341 6.01054
1.12800 68.30079 5.96897
1.13100 73.06616 5.86335
1.13400 78.24980 5.72419
1.13700 80.77206 5.64728
1.14000 77.68805 5.72697
1.14300 70.55694 5.92388
1.14600 63.08882 6.13072
1.14900 57.09547 6.29418
1.15200 52.71515 6.41070
1.15500 49.61981 6.49150
1.15800 47.55989 6.54776
1.16100 46.69910 6.58804
1.16400 50.28583 6.62704
1.16700 69.99666 6.79552
1.17000 68.85640 7.21223
1.17300 59.99914 7.47430
1.17600 56.09126 7.54734
1.17900 53.88998 7.58719
1.18200 52.95169 7.62709
1.18500 52.73323 7.66909
1.18800 52.92317 7.71111
1.19100 53.66379 7.76189
1.19400 55.16945 7.83185
1.19700 57.85492 7.93952
1.20000 62.57667 8.12790
1.20300 66.56838 8.35190
1.20600 67.66706 8.45697
1.20900 69.60388 8.62191
1.21200 69.68700 8.97772
1.21500 68.06502 9.16176
1.21800 66.44544 9.27562
1.22100 64.96358 9.35594
1.22400 63.62993 9.41641
1.22700 62.43288 9.46383
1.23000 61.35716 9.50212
1.23300 60.38830 9.53376
1.23600 59.51374 9.56041
1.23900 58.72282 9.58326
1.24200 58.00663 9.60317
1.24500 57.35772 9.62079
1.24800 56.76987 9.63665
1.25100 56.23790 9.65115
1.25400 55.75746 9.66464
1.25700 55.32494 9.67742
1.26000 54.93734 9.68974
1.26300 54.59217 9.70183
1.26600 54.28735 9.71391
1.26900 54.02118 9.72619
1.27200 53.79226 9.73886
1.27500 53.59939 9.75212
1.27800 53.44156 9.76618
1.28100 53.31782 9.78124
1.28400 53.22724 9.79751
1.28700 53.16880 9.81520
1.29000 53.14127 9.83452
1.29300 53.14309 9.85568
1.29600 53.17222 9.87886
1.29900 53.22599 9.90425
1.30200 53.30090 9.93196
1.30500 53.39254 9.96208
1.30800 53.49539 9.99459
1.31100 53.60278 10.02940
1.31400 53.70696 10.06627
1.31700 53.79924 10.10485
1.32000 53.87033 10.14462
1.32300 53.91083 10.18495
1.32600 53.91188 10.22507
1.32900 53.86585 10.26415
1.33200 53.76704 10.30133
1.33500 53.61223 10.33582
1.33800 53.40097 10.36690
1.34100 53.13562 10.39405
1.34400 52.82103 10.41692
1.34700 52.46403 10.43537
1.35000 52.07271 10.44947
1.35300 51.65574 10.45942
1.35600 51.22173 10.46559
1.35900 50.77867 10.46841
1.36200 50.33363 10.46833
1.36500 49.89257 10.46586
1.36800 49.46026 10.46144
1.37100 49.04035 10.45550
1.37400 48.63546 10.44844
1.37700 48.24734 10.44056
1.38000 47.87702 10.43216
1.38300 47.52496 10.42347
1.38600 47.19114 10.41467
1.38900 46.87526 10.40592
1.39200 46.57674 10.39732
1.39500 46.29489 10.38898
1.39800 46.02889 10.38096
1.40100 45.77786 10.37331
1.40400 45.54092 10.36606
1.40700 45.31720 10.35923
1.41000 45.10582 10.35284
1.41300 44.90597 10.34689
1.41600 44.71686 10.34138
1.41900 44.53775 10.33631
1.42200 44.36795 10.33167
1.42500 44.20680 10.32745
1.42800 44.05370 10.32363
1.43100 43.90811 10.32021
1.43400 43.76949 10.31717
1.43700 43.63738 10.31450
1.44000 43.51134 10.31219
1.44300 43.39096 10.31021
1.44600 43.27587 10.30856
1.44900 43.16571 10.30723
1.45200 43.06018 10.30620
1.45500 42.95899 10.30546
1.45800 42.86185 10.30499
1.46100 42.76852 10.30480
1.46400 42.67876 10.30486
1.46700 42.59237 10.30517
1.47000 42.50914 10.30571
1.47300 42.42890 10.30649
1.47600 42.35146 10.30748
1.47900 42.27667 10.30868
1.48200 42.20439 10.31009
1.48500 42.13447 10.31170
1.48800 42.06678 10.31350
1.49100 42.00121 10.31547
1.49400 41.93765 10.31763
1.49700 41.87598 10.31996
1.50000 41.81612 10.32245
1.50300 41.75796 10.32510
1.50600 41.70142 10.32790
1.50900 41.64642 10.33086
1.51200 41.59289 10.33396
1.51500 41.54074 10.33720
1.51800 41.48992 10.34057
1.52100 41.44036 10.34408
