-4.50000 1.82130790 2.98849096
-4.49400 1.81788896 2.98850672
-4.48799 1.81449510 2.98852129
-4.48199 1.81112600 2.98853444
-4.47598 1.80778133 2.98854584
-4.46998 1.80446077 2.98855506
-4.46398 1.80116394 2.98856149
-4.45797 1.79789046 2.98856431
-4.45197 1.79463988 2.98856232
-4.44596 1.79141169 2.98855372
-4.43996 1.78820520 2.98853581
-4.43396 1.78501950 2.98850426
-4.42795 1.78185322 2.98845186
-4.42195 1.77870411 2.98836581
-4.41594 1.77556805 2.98822162
-4.40994 1.77243650 2.98796743
-4.40394 1.76928861 2.98747709
-4.39793 1.76606080 2.98637246
-4.39193 1.76247060 2.98304329
-4.38592 1.75569565 2.96258363
-4.37992 1.76244444 2.64403223
-4.37392 1.75256000 2.97187498
-4.36791 1.75095766 2.98432647
-4.36191 1.74834777 2.98688027
-4.35590 1.74556478 2.98781727
-4.34990 1.74274038 2.98826820
-4.34390 1.73991028 2.98852375
-4.33789 1.73708727 2.98868580
-4.33189 1.73427677 2.98879755
-4.32588 1.73148135 2.98887983
-4.31988 1.72870227 2.98894370
-4.31388 1.72594020 2.98899545
-4.30787 1.72319548 2.98903890
-4.30187 1.72046823 2.98907647
-4.29586 1.71775851 2.98910973
-4.28986 1.71506627 2.98913976
-4.28386 1.71239144 2.98916732
-4.27785 1.70973392 2.98919294
-4.27185 1.70709360 2.98921703
-4.26584 1.70447032 2.98923986
-4.25984 1.70186396 2.98926168
-4.25384 1.69927437 2.98928263
-4.24783 1.69670139 2.98930287
-4.24183 1.69414486 2.98932249
-4.23582 1.69160463 2.98934157
-4.22982 1.68908054 2.98936018
-4.22382 1.68657242 2.98937838
-4.21781 1.68408010 2.98939621
-4.21181 1.68160342 2.98941370
-4.20580 1.67914222 2.98943088
-4.19980 1.67669630 2.98944777
-4.19380 1.67426551 2.98946440
-4.18779 1.67184965 2.98948079
-4.18179 1.66944856 2.98949693
-4.17578 1.66706202 2.98951284
-4.16978 1.66468986 2.98952852
-4.16378 1.66233187 2.98954399
-4.15777 1.65998784 2.98955923
-4.15177 1.65765754 2.98957425
-4.14576 1.65534075 2.98958903
-4.13976 1.65303721 2.98960358
-4.13376 1.65074666 2.98961787
-4.12775 1.64846881 2.98963188
-4.12175 1.64620335 2.98964559
-4.11574 1.64394993 2.98965897
-4.10974 1.64170817 2.98967197
-4.10374 1.63947765 2.98968453
-4.09773 1.63725787 2.98969659
-4.09173 1.63504827 2.98970802
-4.08572 1.63284821 2.98971872
-4.07972 1.63065693 2.98972849
-4.07372 1.62847350 2.98973710
-4.06771 1.62629683 2.98974421
-4.06171 1.62412557 2.98974935
-4.05570 1.62195805 2.98975184
-4.04970 1.61979214 2.98975067
-4.04370 1.61762515 2.98974430
-4.03769 1.61545354 2.98973029
-4.03169 1.61327269 2.98970462
-4.02568 1.61107643 2.98966030
-4.01968 1.60885664 2.98958424
-4.01368 1.60660313 2.98944990
-4.00767 1.60430573 2.98919645
-4.00167 1.60196757 2.98865894
-3.99566 1.59968162 2.98725136
-3.98966 1.59815471 2.98150133
-3.98366 1.59354460 2.87161940
-3.97765 1.83449148 2.59553938
-3.97165 1.62601270 2.97906646
-3.96564 1.60613559 2.98648351
-3.95964 1.59921429 2.98819665
-3.95364 1.59507731 2.98888765
-3.94763 1.59195009 2.98924384
-3.94163 1.58929727 2.98945612
-3.93562 1.58690586 2.98959573
-3.92962 1.58467534 2.98969445
-3.92362 1.58255237 2.98976828
-3.91761 1.58050610 2.98982604
-3.91161 1.57851750 2.98987289
-3.90560 1.57657421 2.98991208
-3.89960 1.57466782 2.98994569
-3.89360 1.57279246 2.98997514
-3.88759 1.57094386 2.99000142
-3.88159 1.56911887 2.99002520
-3.87558 1.56731509 2.99004702
-3.86958 1.56553068 2.99006725
-3.86358 1.56376416 2.99008618
-3.85757 1.56201440 2.99010404
-3.85157 1.56028043 2.99012098
-3.84556 1.55856149 2.99013716
-3.83956 1.55685695 2.99015269
-3.83356 1.55516626 2.99016764
-3.82755 1.55348897 2.99018210
-3.82155 1.55182469 2.99019613
-3.81554 1.55017309 2.99020976
-3.80954 1.54853388 2.99022306
-3.80354 1.54690681 2.99023604
-3.79753 1.54529165 2.99024875
-3.79153 1.54368822 2.99026120
-3.78552 1.54209634 2.99027342
-3.77952 1.54051585 2.99028542
-3.77352 1.53894662 2.99029723
-3.76751 1.53738853 2.99030886
-3.76151 1.53584146 2.99032031
-3.75550 1.53430532 2.99033161
-3.74950 1.53278001 2.99034275
-3.74350 1.53126547 2.99035376
-3.73749 1.52976161 2.99036463
-3.73149 1.52826838 2.99037537
-3.72548 1.52678572 2.99038600
-3.71948 1.52531357 2.99039650
-3.71348 1.52385190 2.99040690
-3.70747 1.52240067 2.99041719
-3.70147 1.52095984 2.99042738
-3.69546 1.51952940 2.99043747
-3.68946 1.51810931 2.99044747
-3.68346 1.51669958 2.99045738
-3.67745 1.51530018 2.99046719
-3.67145 1.51391112 2.99047692
-3.66544 1.51253240 2.99048657
-3.65944 1.51116402 2.99049613
-3.65344 1.50980600 2.99050562
-3.64743 1.50845837 2.99051503
-3.64143 1.50712114 2.99052436
-3.63542 1.50579436 2.99053361
-3.62942 1.50447806 2.99054280
-3.62342 1.50317229 2.99055191
-3.61741 1.50187710 2.99056096
-3.61141 1.50059257 2.99056993
-3.60540 1.49931876 2.99057884
-3.59940 1.49805576 2.99058768
-3.59340 1.49680366 2.99059645
-3.58739 1.49556256 2.99060516
-3.58139 1.49433257 2.99061381
-3.57538 1.49311384 2.99062239
-3.56938 1.49190649 2.99063092
-3.56338 1.49071068 2.99063938
-3.55737 1.48952659 2.99064778
-3.55137 1.48835441 2.99065612
-3.54536 1.48719435 2.99066441
-3.53936 1.48604663 2.99067263
-3.53336 1.48491152 2.99068080
-3.52735 1.48378930 2.99068891
-3.52135 1.48268026 2.99069696
-3.51534 1.48158475 2.99070496
-3.50934 1.48050316 2.99071291
-3.50334 1.47943588 2.99072079
-3.49733 1.47838337 2.99072863
-3.49133 1.47734615 2.99073641
-3.48532 1.47632475 2.99074414
-3.47932 1.47531982 2.99075181
-3.47332 1.47433201 2.99075944
-3.46731 1.47336211 2.99076701
-3.46131 1.47241096 2.99077453
-3.45530 1.47147949 2.99078199
-3.44930 1.47056877 2.99078941
-3.44330 1.46967998 2.99079678
-3.43729 1.46881445 2.99080410
-3.43129 1.46797368 2.99081137
-3.42528 1.46715935 2.99081859
-3.41928 1.46637338 2.99082576
-3.41328 1.46561794 2.99083289
-3.40727 1.46489551 2.99083996
-3.40127 1.46420893 2.99084699
-3.39526 1.46356145 2.99085398
-3.38926 1.46295682 2.99086092
-3.38326 1.46239941 2.99086782
-3.37725 1.46189427 2.99087467
-3.37125 1.46144734 2.99088149
-3.36524 1.46106558 2.99088826
-3.35924 1.46075726 2.99089499
-3.35324 1.46053221 2.99090169
-3.34723 1.46040223 2.99090836
-3.34123 1.46038159 2.99091500
-3.33522 1.46048767 2.99092162
-3.32922 1.46074187 2.99092822
-3.32322 1.46117077 2.99093481
-3.31721 1.46180773 2.99094142
-3.31121 1.46269521 2.99094804
-3.30520 1.46388791 2.99095472
-3.29920 1.46545740 2.99096148
-3.29320 1.46749897 2.99096839
-3.28719 1.47014198 2.99097552
-3.28119 1.47356597 2.99098299
-3.27518 1.47802677 2.99099102
-3.26918 1.48390012 2.99099994
-3.26318 1.49175837 2.99101034
-3.25717 1.50251244 2.99102328
-3.25117 1.51769343 2.99104086
-3.24516 1.54005933 2.99106752
-3.23916 1.57505330 2.99111376
-3.23316 1.63486576 2.99120850
-3.22715 1.75245536 2.99145140
-3.22115 2.05021422 2.99234650
-3.21514 3.44582770 2.99997505
-3.20914 36.14914066 4.03735598
-3.20314 19.74768216 4.85497239
-3.19713 14.82267940 4.90233028
-3.19113 12.48996909 4.92000609
-3.18512 11.06401890 4.92992831
-3.17912 10.07793326 4.93651492
-3.17312 9.34408485 4.94130618
-3.16711 8.77060422 4.94499849
-3.16111 8.30652118 4.94795939
-3.15510 7.92099051 4.95040388
-3.14910 7.59410940 4.95246746
-3.14310 7.31238519 4.95424035
-3.13709 7.06630445 4.95578534
-3.13109 6.84894131 4.95714766
-3.12508 6.65511787 4.95836087
-3.11908 6.48087514 4.95945043
-3.11308 6.32312741 4.96043610
-3.10707 6.17942928 4.96133347
-3.10107 6.04781440 4.96215503
-3.09506 5.92668125 4.96291091
-3.08906 5.81471049 4.96360944
-3.08306 5.71080411 4.96425755
-3.07705 5.61403991 4.96486103
-3.07105 5.52363686 4.96542479
-3.06504 5.43892852 4.96595300
-3.05904 5.35934229 4.96644926
-3.05304 5.28438308 4.96691665
-3.04703 5.21362034 4.96735787
-3.04103 5.14667760 4.96777527
-3.03502 5.08322411 4.96817091
-3.02902 5.02296786 4.96854663
-3.02302 4.96565000 4.96890401
-3.01701 4.91104013 4.96924452
-3.01101 4.85893242 4.96956942
-3.00500 4.80914230 4.96987986
-2.99900 4.76150377 4.97017688
-2.99300 4.71586704 4.97046141
-2.98699 4.67209656 4.97073429
-2.98099 4.63006931 4.97099629
-2.97498 4.58967338 4.97124809
-2.96898 4.55080668 4.97149033
-2.96298 4.51337589 4.97172360
-2.95697 4.47729549 4.97194841
-2.95097 4.44248697 4.97216526
-2.94496 4.40887807 4.97237459
-2.93896 4.37640219 4.97257680
-2.93296 4.34499783 4.97277227
-2.92695 4.31460806 4.97296136
-2.92095 4.28518015 4.97314436
-2.91494 4.25666514 4.97332159
-2.90894 4.22901750 4.97349329
-2.90294 4.20219487 4.97365972
-2.89693 4.17615771 4.97382109
-2.89093 4.15086913 4.97397758
-2.88492 4.12629463 4.97412936
-2.87892 4.10240189 4.97427655
-2.87292 4.07916063 4.97441923
-2.86691 4.05654241 4.97455741
-2.86091 4.03452048 4.97469101
-2.85490 4.01306961 4.97481980
-2.84890 3.99216600 4.97494326
-2.84290 3.97178698 4.97506038
-2.83689 3.95191082 4.97516906
-2.83089 3.93251614 4.97526477
-2.82488 3.91358040 4.97533626
-2.81888 3.89507487 4.97534989
-2.81288 3.87693825 4.97516334
-2.80687 3.85880562 4.97348589
-2.80087 3.85113529 4.97133504
-2.79486 3.82477241 4.97427579
-2.78886 3.80879378 4.97565943
-2.78286 3.79278420 4.97600707
-2.77685 3.77706122 4.97619290
-2.77085 3.76165639 4.97632946
-2.76484 3.74656940 4.97644514
-2.75884 3.73179336 4.97654983
-2.75284 3.71731974 4.97664772
-2.74683 3.70313963 4.97674086
-2.74083 3.68924421 4.97683032
-2.73482 3.67562491 4.97691676
-2.72882 3.66227344 4.97700056
-2.72282 3.64918186 4.97708196
-2.71681 3.63634250 4.97716114
-2.71081 3.62374802 4.97723819
-2.70480 3.61139140 4.97731318
-2.69880 3.59926587 4.97738614
-2.69280 3.58736494 4.97745707
-2.68679 3.57568237 4.97752593
-2.68079 3.56421220 4.97759265
-2.67478 3.55294864 4.97765711
-2.66878 3.54188617 4.97771915
-2.66278 3.53101944 4.97777852
-2.65677 3.52034329 4.97783487
-2.65077 3.50985275 4.97788769
-2.64476 3.49954297 4.97793626
-2.63876 3.48940924 4.97797953
-2.63276 3.47944694 4.97801589
-2.62675 3.46965143 4.97804286
-2.62075 3.46001802 4.97805642
-2.61474 3.45054167 4.97804977
-2.60874 3.44121663 4.97801058
-2.60274 3.43203531 4.97791470
-2.59673 3.42298560 4.97770941
-2.59073 3.41404202 4.97726031
-2.58472 3.40512940 4.97613436
-2.57872 3.39588732 4.97220930
-2.57272 3.38198737 4.93467772
-2.56671 3.36974839 4.85422283
-2.56071 3.37081363 4.96969690
-2.55470 3.36356224 4.97589041
-2.54870 3.35584726 4.97747606
-2.54270 3.34812834 4.97812920
-2.53669 3.34048683 4.97847488
-2.53069 3.33294469 4.97869008
-2.52468 3.32550873 4.97884042
-2.51868 3.31818076 4.97895476
-2.51268 3.31096059 4.97904742
-2.50667 3.30384719 4.97912614
-2.50067 3.29683913 4.97919540
-2.49466 3.28993479 4.97925798
-2.48866 3.28313247 4.97931561
-2.48266 3.27643045 4.97936949
-2.47665 3.26982703 4.97942042
-2.47065 3.26332049 4.97946895
-2.46464 3.25690918 4.97951552
-2.45864 3.25059147 4.97956042
-2.45264 3.24436576 4.97960387
-2.44663 3.23823051 4.97964607
-2.44063 3.23218419 4.97968715
-2.43462 3.22622535 4.97972721
-2.42862 3.22035254 4.97976635
-2.42262 3.21456438 4.97980464
-2.41661 3.20885951 4.97984213
-2.41061 3.20323661 4.97987888
-2.40460 3.19769441 4.97991493
-2.39860 3.19223165 4.97995032
-2.39260 3.18684712 4.97998506
-2.38659 3.18153965 4.98001920
-2.38059 3.17630808 4.98005276
-2.37458 3.17115131 4.98008575
-2.36858 3.16606826 4.98011820
-2.36258 3.16105786 4.98015012
-2.35657 3.15611909 4.98018152
-2.35057 3.15125096 4.98021243
-2.34456 3.14645250 4.98024284
-2.33856 3.14172276 4.98027278
-2.33256 3.13706082 4.98030226
-2.32655 3.13246580 4.98033128
-2.32055 3.12793682 4.98035985
-2.31454 3.12347305 4.98038798
-2.30854 3.11907365 4.98041569
-2.30254 3.11473784 4.98044297
-2.29653 3.11046483 4.98046984
-2.29053 3.10625387 4.98049630
-2.28452 3.10210423 4.98052235
-2.27852 3.09801519 4.98054801
-2.27252 3.09398606 4.98057328
-2.26651 3.09001616 4.98059817
-2.26051 3.08610484 4.98062267
-2.25450 3.08225146 4.98064680
-2.24850 3.07845540 4.98067056
-2.24249 3.07471605 4.98069395
-2.23649 3.07103284 4.98071699
-2.23049 3.06740520 4.98073966
-2.22448 3.06383257 4.98076198
-2.21848 3.06031442 4.98078396
-2.21247 3.05685023 4.98080558
-2.20647 3.05343950 4.98082687
-2.20047 3.05008173 4.98084781
-2.19446 3.04677646 4.98086842
-2.18846 3.04352322 4.98088870
-2.18245 3.04032156 4.98090865
-2.17645 3.03717107 4.98092827
-2.17045 3.03407132 4.98094757
-2.16444 3.03102191 4.98096654
-2.15844 3.02802244 4.98098520
-2.15243 3.02507255 4.98100354
-2.14643 3.02217186 4.98102156
-2.14043 3.01932002 4.98103928
-2.13442 3.01651671 4.98105668
-2.12842 3.01376158 4.98107377
-2.12241 3.01105434 4.98109056
-2.11641 3.00839466 4.98110704
-2.11041 3.00578228 4.98112321
-2.10440 3.00321690 4.98113909
-2.09840 3.00069826 4.98115466
-2.09239 2.99822611 4.98116993
-2.08639 2.99580020 4.98118491
-2.08039 2.99342030 4.98119958
-2.07438 2.99108619 4.98121396
-2.06838 2.98879766 4.98122804
-2.06237 2.98655451 4.98124183
-2.05637 2.98435656 4.98125532
-2.05037 2.98220362 4.98126852
-2.04436 2.98009553 4.98128141
-2.03836 2.97803213 4.98129402
-2.03235 2.97601329 4.98130632
-2.02635 2.97403886 4.98131833
-2.02035 2.97210872 4.98133004
-2.01434 2.97022276 4.98134145
-2.00834 2.96838087 4.98135256
-2.00233 2.96658296 4.98136337
-1.99633 2.96482895 4.98137388
-1.99033 2.96311876 4.98138407
-1.98432 2.96145234 4.98139396
-1.97832 2.95982962 4.98140353
-1.97231 2.95825057 4.98141278
-1.96631 2.95671515 4.98142170
-1.96031 2.95522333 4.98143030
-1.95430 2.95377510 4.98143856
-1.94830 2.95237046 4.98144647
-1.94229 2.95100939 4.98145402
-1.93629 2.94969190 4.98146120
-1.93029 2.94841802 4.98146800
-1.92428 2.94718776 4.98147439
-1.91828 2.94600114 4.98148036
-1.91227 2.94485819 4.98148588
-1.90627 2.94375895 4.98149091
-1.90027 2.94270342 4.98149542
-1.89426 2.94169165 4.98149935
-1.88826 2.94072363 4.98150264
-1.88225 2.93979938 4.98150520
-1.87625 2.93891885 4.98150692
-1.87025 2.93808199 4.98150767
-1.86424 2.93728870 4.98150724
-1.85824 2.93653879 4.98150536
-1.85223 2.93583199 4.98150167
-1.84623 2.93516787 4.98149563
-1.84023 2.93454579 4.98148643
-1.83422 2.93396481 4.98147286
-1.82822 2.93342348 4.98145298
-1.82221 2.93291960 4.98142352
-1.81621 2.93244972 4.98137870
-1.81021 2.93200827 4.98130738
-1.80420 2.93158585 4.98118586
-1.79820 2.93116583 4.98095594
-1.79219 2.93071742 4.98044010
-1.78619 2.93018504 4.97884714
-1.78019 2.92896683 4.96661805
-1.77418 2.99799261 4.74636913
-1.76818 2.93838364 4.97296688
-1.76217 2.93453269 4.97932582
-1.75617 2.93353505 4.98055472
-1.75017 2.93318443 4.98099337
-1.74416 2.93310392 4.98119827
-1.73816 2.93317950 4.98130965
-1.73215 2.93336569 4.98137624
-1.72615 2.93364117 4.98141858
-1.72015 2.93399485 4.98144659
-1.71414 2.93442059 4.98146551
-1.70814 2.93491491 4.98147833
-1.70213 2.93547582 4.98148685
-1.69613 2.93610228 4.98149222
-1.69013 2.93679385 4.98149519
-1.68412 2.93755049 4.98149627
-1.67812 2.93837248 4.98149580
-1.67211 2.93926029 4.98149404
-1.66611 2.94021458 4.98149118
-1.66011 2.94123615 4.98148734
-1.65410 2.94232591 4.98148263
-1.64810 2.94348487 4.98147711
-1.64209 2.94471416 4.98147085
-1.63609 2.94601497 4.98146388
-1.63009 2.94738860 4.98145625
-1.62408 2.94883641 4.98144796
-1.61808 2.95035986 4.98143903
-1.61207 2.95196050 4.98142949
-1.60607 2.95363994 4.98141933
-1.60007 2.95539991 4.98140856
-1.59406 2.95724221 4.98139717
-1.58806 2.95916873 4.98138517
-1.58205 2.96118149 4.98137255
-1.57605 2.96328258 4.98135931
-1.57005 2.96547421 4.98134544
-1.56404 2.96775871 4.98133092
-1.55804 2.97013853 4.98131575
-1.55203 2.97261625 4.98129991
-1.54603 2.97519457 4.98128339
-1.54003 2.97787634 4.98126618
-1.53402 2.98066459 4.98124825
-1.52802 2.98356248 4.98122959
-1.52201 2.98657334 4.98121018
-1.51601 2.98970072 4.98119000
-1.51001 2.99294835 4.98116903
-1.50400 2.99632014 4.98114724
-1.49800 2.99982028 4.98112460
-1.49199 3.00345318 4.98110109
-1.48599 3.00722348 4.98107668
-1.47999 3.01113616 4.98105134
-1.47398 3.01519645 4.98102503
-1.46798 3.01940994 4.98099772
-1.46197 3.02378254 4.98096937
-1.45597 3.02832056 4.98093994
-1.44997 3.03303071 4.98090939
-1.44396 3.03792017 4.98087768
-1.43796 3.04299656 4.98084474
-1.43195 3.04826806 4.98081054
-1.42595 3.05374341 4.98077500
-1.41995 3.05943196 4.98073808
-1.41394 3.06534378 4.98069971
-1.40794 3.07148964 4.98065982
-1.40193 3.07788117 4.98061832
-1.39593 3.08453087 4.98057515
-1.38993 3.09145224 4.98053021
-1.38392 3.09865990 4.98048341
-1.37792 3.10616964 4.98043465
-1.37191 3.11399862 4.98038381
-1.36591 3.12216549 4.98033077
-1.35991 3.13069055 4.98027541
-1.35390 3.13959598 4.98021757
-1.34790 3.14890603 4.98015710
-1.34189 3.15864730 4.98009382
-1.33589 3.16884901 4.98002755
-1.32989 3.17954340 4.97995807
-1.32388 3.19076607 4.97988516
-1.31788 3.20255651 4.97980855
-1.31187 3.21495860 4.97972795
-1.30587 3.22802133 4.97964306
-1.29987 3.24179951 4.97955350
-1.29386 3.25635475 4.97945888
-1.28786 3.27175658 4.97935875
-1.28185 3.28808378 4.97925258
-1.27585 3.30542601 4.97913979
-1.26985 3.32388589 4.97901970
-1.26384 3.34358145 4.97889156
-1.25784 3.36464924 4.97875445
-1.25183 3.38724827 4.97860733
-1.24583 3.41156499 4.97844898
-1.23983 3.43781965 4.97827794
-1.23382 3.46627464 4.97809250
-1.22782 3.49724543 4.97789055
-1.22181 3.53111526 4.97766958
-1.21581 3.56835500 4.97742646
-1.20981 3.60955076 4.97715728
-1.20380 3.65544286 4.97685711
-1.19780 3.70698215 4.97651958
-1.19179 3.76541386 4.97613630
-1.18579 3.83240608 4.97569596
-1.17979 3.91025419 4.97518285
-1.17378 4.00222069 4.97457441
-1.16778 4.11313097 4.97383669
-1.16177 4.25048912 4.97291574
-1.15577 4.42675250 4.97171899
-1.14977 4.66452120 4.97006968
-1.14376 5.01041731 4.96757058
-1.13776 5.58252896 4.96304077
-1.13175 6.82530689 4.95002794
-1.12575 11.92145418 4.56852351
-1.11975 2.87571630 3.99269135
-1.11374 2.51218218 3.98671915
-1.10774 2.43253988 3.98583902
-1.10173 2.40125411 3.98556184
-1.09573 2.38566657 3.98544027
-1.08973 2.37687841 3.98537513
-1.08372 2.37157810 3.98533490
-1.07772 2.36828124 3.98530715
-1.07171 2.36623359 3.98528624
-1.06571 2.36501562 3.98526931
-1.05971 2.36437734 3.98525481
-1.05370 2.36416156 3.98524182
-1.04770 2.36426504 3.98522980
-1.04169 2.36461753 3.98521839
-1.03569 2.36516977 3.98520736
-1.02969 2.36588635 3.98519655
-1.02368 2.36674128 3.98518584
-1.01768 2.36771513 3.98517516
-1.01167 2.36879314 3.98516445
-1.00567 2.36996396 3.98515366
-0.99967 2.37121875 3.98514275
-0.99366 2.37255060 3.98513171
-0.98766 2.37395403 3.98512050
-0.98165 2.37542468 3.98510911
-0.97565 2.37695909 3.98509754
-0.96965 2.37855448 3.98508575
-0.96364 2.38020866 3.98507375
-0.95764 2.38191986 3.98506152
-0.95163 2.38368671 3.98504906
-0.94563 2.38550813 3.98503636
-0.93963 2.38738332 3.98502340
-0.93362 2.38931167 3.98501019
-0.92762 2.39129277 3.98499672
-0.92161 2.39332636 3.98498298
-0.91561 2.39541233 3.98496897
-0.90961 2.39755068 3.98495467
-0.90360 2.39974151 3.98494009
-0.89760 2.40198502 3.98492522
-0.89159 2.40428149 3.98491005
-0.88559 2.40663130 3.98489458
-0.87959 2.40903486 3.98487879
-0.87358 2.41149268 3.98486270
-0.86758 2.41400530 3.98484628
-0.86157 2.41657336 3.98482954
-0.85557 2.41919750 3.98481246
-0.84957 2.42187846 3.98479505
-0.84356 2.42461701 3.98477729
-0.83756 2.42741396 3.98475917
-0.83155 2.43027017 3.98474070
-0.82555 2.43318658 3.98472186
-0.81955 2.43616413 3.98470265
-0.81354 2.43920384 3.98468306
-0.80754 2.44230676 3.98466308
-0.80153 2.44547400 3.98464271
-0.79553 2.44870671 3.98462193
-0.78953 2.45200610 3.98460074
-0.78352 2.45537340 3.98457913
-0.77752 2.45880993 3.98455709
-0.77151 2.46231704 3.98453461
-0.76551 2.46589614 3.98451168
-0.75951 2.46954869 3.98448830
-0.75350 2.47327621 3.98446444
-0.74750 2.47708030 3.98444011
-0.74149 2.48096258 3.98441530
-0.73549 2.48492476 3.98438998
-0.72949 2.48896863 3.98436415
-0.72348 2.49309602 3.98433779
-0.71748 2.49730884 3.98431090
-0.71147 2.50160909 3.98428347
-0.70547 2.50599882 3.98425547
-0.69947 2.51048020 3.98422689
-0.69346 2.51505546 3.98419773
-0.68746 2.51972692 3.98416796
-0.68145 2.52449700 3.98413756
-0.67545 2.52936821 3.98410654
-0.66945 2.53434319 3.98407485
-0.66344 2.53942465 3.98404250
-0.65744 2.54461545 3.98400946
-0.65143 2.54991854 3.98397571
-0.64543 2.55533702 3.98394123
-0.63943 2.56087412 3.98390601
-0.63342 2.56653320 3.98387001
-0.62742 2.57231778 3.98383323
-0.62141 2.57823152 3.98379562
-0.61541 2.58427827 3.98375718
-0.60941 2.59046203 3.98371787
-0.60340 2.59678702 3.98367767
-0.59740 2.60325763 3.98363655
-0.59139 2.60987846 3.98359448
-0.58539 2.61665435 3.98355143
-0.57939 2.62359036 3.98350736
-0.57338 2.63069181 3.98346225
-0.56738 2.63796428 3.98341606
-0.56137 2.64541365 3.98336875
-0.55537 2.65304609 3.98332028
-0.54937 2.66086811 3.98327062
-0.54336 2.66888654 3.98321970
-0.53736 2.67710860 3.98316750
-0.53135 2.68554193 3.98311397
-0.52535 2.69419455 3.98305904
-0.51935 2.70307498 3.98300267
-0.51334 2.71219220 3.98294480
-0.50734 2.72155575 3.98288537
-0.50133 2.73117572 3.98282432
-0.49533 2.74106282 3.98276157
-0.48933 2.75122845 3.98269706
-0.48332 2.76168469 3.98263071
-0.47732 2.77244443 3.98256243
-0.47131 2.78352140 3.98249214
-0.46531 2.79493026 3.98241975
-0.45931 2.80668665 3.98234516
-0.45330 2.81880732 3.98226825
-0.44730 2.83131021 3.98218892
-0.44129 2.84421458 3.98210704
-0.43529 2.85754109 3.98202249
-0.42929 2.87131201 3.98193512
-0.42328 2.88555131 3.98184477
-0.41728 2.90028490 3.98175129
-0.41127 2.91554077 3.98165449
-0.40527 2.93134927 3.98155418
-0.39927 2.94774334 3.98145016
-0.39326 2.96475881 3.98134219
-0.38726 2.98243475 3.98123002
-0.38125 3.00081382 3.98111339
-0.37525 3.01994277 3.98099199
-0.36925 3.03987291 3.98086550
-0.36324 3.06066069 3.98073356
-0.35724 3.08236844 3.98059576
-0.35123 3.10506517 3.98045168
-0.34523 3.12882745 3.98030082
-0.33923 3.15374063 3.98014264
-0.33322 3.17990010 3.97997652
-0.32722 3.20741286 3.97980178
-0.32121 3.23639950 3.97961765
-0.31521 3.26699638 3.97942325
-0.30921 3.29935848 3.97921760
-0.30320 3.33366281 3.97899956
-0.29720 3.37011254 3.97876781
-0.29119 3.40894227 3.97852086
-0.28519 3.45042456 3.97825694
-0.27919 3.49487818 3.97797400
-0.27318 3.54267877 3.97766960
-0.26718 3.59427255 3.97734086
-0.26117 3.65019435 3.97698431
-0.25517 3.71109164 3.97659571
-0.24917 3.77775694 3.97616989
-0.24316 3.85117250 3.97570039
-0.23716 3.93257298 3.97517906
-0.23115 4.02353545 3.97459541
-0.22515 4.12611197 3.97393571
-0.21915 4.24303084 3.97318149
-0.21314 4.37801287 3.97230727
-0.20714 4.53628936 3.97127665
-0.20113 4.72549403 3.97003535
-0.19513 4.95729604 3.96849797
-0.18913 5.25063235 3.96652014
-0.18312 5.63879429 3.96383230
-0.17712 6.18731850 3.95985145
-0.17111 7.04972518 3.95297406
-0.16511 8.71626773 3.93614651
-0.15911 14.56564686 3.77203831
-0.15310 3.35661386 2.02590853
-0.14710 1.99824484 1.99412738
-0.14109 1.80122502 1.99130964
-0.13509 1.73409229 1.99053263
-0.12909 1.70391675 1.99020664
-0.12308 1.68872162 1.99003212
-0.11708 1.68091774 1.98992138
-0.11107 1.67726023 1.98984157
-0.10507 1.67615414 1.98977826
-0.09907 1.67673426 1.98972432
-0.09306 1.67849552 1.98967592
-0.08706 1.68112597 1.98963088
-0.08105 1.68442417 1.98958784
-0.07505 1.68825541 1.98954596
-0.06905 1.69252708 1.98950466
-0.06304 1.69717407 1.98946356
-0.05704 1.70214993 1.98942238
-0.05103 1.70742113 1.98938090
-0.04503 1.71296342 1.98933897
-0.03903 1.71875926 1.98929646
-0.03302 1.72479617 1.98925326
-0.02702 1.73106553 1.98920929
-0.02101 1.73756168 1.98916448
-0.01501 1.74428136 1.98911875
-0.00901 1.75122323 1.98907204
-0.00300 1.75838756 1.98902428
0.00300 1.76577597 1.98897542
0.00901 1.77339125 1.98892541
0.01501 1.78123724 1.98887417
0.02101 1.78931870 1.98882167
0.02702 1.79764131 1.98876782
0.03302 1.80621153 1.98871259
0.03903 1.81503663 1.98865589
0.04503 1.82412469 1.98859767
0.05103 1.83348452 1.98853786
0.05704 1.84312577 1.98847639
0.06304 1.85305886 1.98841317
0.06905 1.86329504 1.98834814
0.07505 1.87384647 1.98828121
0.08105 1.88472618 1.98821228
0.08706 1.89594819 1.98814128
0.09306 1.90752753 1.98806809
0.09907 1.91948034 1.98799261
0.10507 1.93182393 1.98791472
0.11107 1.94457690 1.98783432
0.11708 1.95775918 1.98775126
0.12308 1.97139223 1.98766542
0.12909 1.98549909 1.98757664
0.13509 2.00010458 1.98748476
0.14109 2.01523543 1.98738962
0.14710 2.03092049 1.98729103
0.15310 2.04719093 1.98718879
0.15911 2.06408044 1.98708269
0.16511 2.08162556 1.98697250
0.17111 2.09986591 1.98685797
0.17712 2.11884457 1.98673882
0.18312 2.13860848 1.98661476
0.18913 2.15920885 1.98648546
0.19513 2.18070166 1.98635057
0.20113 2.20314830 1.98620970
0.20714 2.22661617 1.98606242
0.21314 2.25117953 1.98590827
0.21915 2.27692034 1.98574671
0.22515 2.30392937 1.98557718
0.23115 2.33230741 1.98539904
0.23716 2.36216673 1.98521157
0.24316 2.39363283 1.98501398
0.24917 2.42684648 1.98480536
0.25517 2.46196618 1.98458471
0.26117 2.49917112 1.98435087
0.26718 2.53866481 1.98410256
0.27318 2.58067942 1.98383828
0.27919 2.62548120 1.98355633
0.28519 2.67337712 1.98325472
0.29119 2.72472331 1.98293115
0.29720 2.77993550 1.98258295
0.30320 2.83950256 1.98220693
0.30921 2.90400377 1.98179932
0.31521 2.97413154 1.98135559
0.32121 3.05072132 1.98087025
0.32722 3.13479197 1.98033657
0.33322 3.22760076 1.97974618
0.33923 3.33072010 1.97908854
0.34523 3.44614675 1.97835017
0.35123 3.57646095 1.97751342
0.35724 3.72506524 1.97655477
0.36324 3.89655449 1.97544191
0.36925 4.09731201 1.97412912
0.37525 4.33651514 1.97254900
0.38125 4.62793055 1.97059717
0.38726 4.99335389 1.96810112
0.39326 5.46983111 1.96474969
0.39927 6.12680837 1.95990665
0.40527 7.11476196 1.95199256
0.41127 8.84822058 1.93547365
0.41728 13.20967231 1.86602862
0.42328 8.74808814 0.20694791
0.42929 0.72893042 0.00566659
0.43529 0.29520579 0.00142721
0.44129 0.16921938 0.00059262
0.44730 0.11321423 0.00030862
0.45330 0.08271019 0.00018318
0.45931 0.06396374 0.00011845
0.46531 0.05147825 0.00008139
0.47131 0.04267013 0.00005852
0.47732 0.03618154 0.00004359
0.48332 0.03123762 0.00003341
0.48933 0.02736731 0.00002620
0.49533 0.02426947 0.00002096
0.50133 0.02174351 0.00001704
0.50734 0.01965124 0.00001405
0.51334 0.01789464 0.00001173
0.51935 0.01640248 0.00000991
0.52535 0.01512185 0.00000845
0.53135 0.01401276 0.00000726
0.53736 0.01304443 0.00000629
0.54336 0.01219287 0.00000549
0.54937 0.01143909 0.00000483
0.55537 0.01076792 0.00000426
0.56137 0.01016708 0.00000379
0.56738 0.00962656 0.00000338
0.57338 0.00913811 0.00000303
0.57939 0.00869489 0.00000273
0.58539 0.00829115 0.00000247
0.59139 0.00792209 0.00000224
0.59740 0.00758361 0.00000204
0.60340 0.00727223 0.00000187
0.60941 0.00698495 0.00000171
0.61541 0.00671920 0.00000157
0.62141 0.00647275 0.00000145
0.62742 0.00624366 0.00000134
0.63342 0.00603024 0.00000124
0.63943 0.00583100 0.00000115
0.64543 0.00564462 0.00000107
0.65143 0.00546997 0.00000100
0.65744 0.00530600 0.00000094
0.66344 0.00515182 0.00000088
0.66945 0.00500659 0.00000082
0.67545 0.00486961 0.00000077
0.68145 0.00474022 0.00000073
0.68746 0.00461783 0.00000069
0.69346 0.00450190 0.00000065
0.69947 0.00439198 0.00000061
0.70547 0.00428761 0.00000058
0.71147 0.00418841 0.00000055
0.71748 0.00409401 0.00000052
0.72348 0.00400411 0.00000050
0.72949 0.00391838 0.00000047
0.73549 0.00383658 0.00000045
0.74149 0.00375843 0.00000043
0.74750 0.00368372 0.00000041
0.75350 0.00361224 0.00000039
0.75951 0.00354379 0.00000038
0.76551 0.00347818 0.00000036
0.77151 0.00341527 0.00000034
0.77752 0.00335488 0.00000033
0.78352 0.00329689 0.00000032
0.78953 0.00324116 0.00000031
0.79553 0.00318756 0.00000029
0.80153 0.00313599 0.00000028
0.80754 0.00308633 0.00000027
0.81354 0.00303850 0.00000026
0.81955 0.00299239 0.00000025
0.82555 0.00294792 0.00000025
0.83155 0.00290502 0.00000024
0.83756 0.00286360 0.00000023
0.84356 0.00282360 0.00000022
0.84957 0.00278495 0.00000022
0.85557 0.00274758 0.00000021
0.86157 0.00271144 0.00000020
0.86758 0.00267648 0.00000020
0.87358 0.00264264 0.00000019
0.87959 0.00260988 0.00000019
0.88559 0.00257814 0.00000018
0.89159 0.00254739 0.00000017
0.89760 0.00251759 0.00000017
0.90360 0.00248868 0.00000017
0.90961 0.00246065 0.00000016
0.91561 0.00243346 0.00000016
0.92161 0.00240706 0.00000015
0.92762 0.00238144 0.00000015
0.93362 0.00235655 0.00000015
0.93963 0.00233239 0.00000014
0.94563 0.00230890 0.00000014
0.95163 0.00228609 0.00000014
0.95764 0.00226391 0.00000013
0.96364 0.00224234 0.00000013
0.96965 0.00222137 0.00000013
0.97565 0.00220097 0.00000012
0.98165 0.00218113 0.00000012
0.98766 0.00216182 0.00000012
0.99366 0.00214303 0.00000012
0.99967 0.00212474 0.00000011
1.00567 0.00210693 0.00000011
1.01167 0.00208959 0.00000011
1.01768 0.00207271 0.00000011
1.02368 0.00205626 0.00000011
1.02969 0.00204024 0.00000010
1.03569 0.00202464 0.00000010
1.04169 0.00200943 0.00000010
1.04770 0.00199462 0.00000010
1.05370 0.00198018 0.00000010
1.05971 0.00196611 0.00000010
1.06571 0.00195239 0.00000009
1.07171 0.00193903 0.00000009
1.07772 0.00192599 0.00000009
1.08372 0.00191329 0.00000009
1.08973 0.00190090 0.00000009
1.09573 0.00188883 0.00000009
1.10173 0.00187706 0.00000009
1.10774 0.00186558 0.00000008
1.11374 0.00185439 0.00000008
1.11975 0.00184348 0.00000008
1.12575 0.00183284 0.00000008
1.13175 0.00182246 0.00000008
1.13776 0.00181235 0.00000008
1.14376 0.00180249 0.00000008
1.14977 0.00179288 0.00000008
1.15577 0.00178351 0.00000008
1.16177 0.00177438 0.00000007
1.16778 0.00176548 0.00000007
1.17378 0.00175680 0.00000007
1.17979 0.00174835 0.00000007
1.18579 0.00174011 0.00000007
1.19179 0.00173208 0.00000007
1.19780 0.00172426 0.00000007
1.20380 0.00171665 0.00000007
1.20981 0.00170923 0.00000007
1.21581 0.00170201 0.00000007
1.22181 0.00169498 0.00000007
1.22782 0.00168814 0.00000007
1.23382 0.00168149 0.00000007
1.23983 0.00167501 0.00000007
1.24583 0.00166872 0.00000006
1.25183 0.00166259 0.00000006
1.25784 0.00165664 0.00000006
1.26384 0.00165086 0.00000006
1.26985 0.00164525 0.00000006
1.27585 0.00163980 0.00000006
1.28185 0.00163451 0.00000006
1.28786 0.00162937 0.00000006
1.29386 0.00162440 0.00000006
1.29987 0.00161958 0.00000006
1.30587 0.00161491 0.00000006
1.31187 0.00161038 0.00000006
1.31788 0.00160601 0.00000006
1.32388 0.00160178 0.00000006
1.32989 0.00159769 0.00000006
1.33589 0.00159375 0.00000006
1.34189 0.00158995 0.00000006
1.34790 0.00158628 0.00000006
1.35390 0.00158275 0.00000006
1.35991 0.00157936 0.00000006
1.36591 0.00157609 0.00000006
1.37191 0.00157297 0.00000006
1.37792 0.00156997 0.00000006
1.38392 0.00156710 0.00000006
1.38993 0.00156436 0.00000006
1.39593 0.00156175 0.00000006
1.40193 0.00155926 0.00000005
1.40794 0.00155690 0.00000005
1.41394 0.00155466 0.00000005
1.41995 0.00155254 0.00000005
1.42595 0.00155055 0.00000005
1.43195 0.00154868 0.00000005
1.43796 0.00154693 0.00000005
1.44396 0.00154530 0.00000005
1.44997 0.00154378 0.00000005
1.45597 0.00154239 0.00000005
1.46197 0.00154111 0.00000005
1.46798 0.00153995 0.00000005
1.47398 0.00153891 0.00000005
1.47999 0.00153799 0.00000005
1.48599 0.00153718 0.00000005
1.49199 0.00153648 0.00000005
1.49800 0.00153591 0.00000005
1.50400 0.00153544 0.00000005
1.51001 0.00153509 0.00000005
1.51601 0.00153486 0.00000005
1.52201 0.00153474 0.00000005
1.52802 0.00153474 0.00000005
1.53402 0.00153485 0.00000005
1.54003 0.00153507 0.00000005
1.54603 0.00153541 0.00000005
1.55203 0.00153586 0.00000005
1.55804 0.00153643 0.00000005
1.56404 0.00153711 0.00000005
1.57005 0.00153791 0.00000005
1.57605 0.00153882 0.00000005
1.58205 0.00153985 0.00000005
1.58806 0.00154099 0.00000005
1.59406 0.00154225 0.00000005
1.60007 0.00154363 0.00000005
1.60607 0.00154513 0.00000005
1.61207 0.00154674 0.00000005
1.61808 0.00154847 0.00000005
1.62408 0.00155032 0.00000005
1.63009 0.00155229 0.00000005
1.63609 0.00155438 0.00000005
1.64209 0.00155659 0.00000005
1.64810 0.00155893 0.00000005
1.65410 0.00156138 0.00000005
1.66011 0.00156396 0.00000005
1.66611 0.00156667 0.00000005
1.67211 0.00156950 0.00000005
1.67812 0.00157246 0.00000005
1.68412 0.00157554 0.00000005
1.69013 0.00157876 0.00000005
1.69613 0.00158210 0.00000006
1.70213 0.00158558 0.00000006
1.70814 0.00158919 0.00000006
1.71414 0.00159294 0.00000006
1.72015 0.00159682 0.00000006
1.72615 0.00160083 0.00000006
1.73215 0.00160499 0.00000006
1.73816 0.00160929 0.00000006
1.74416 0.00161373 0.00000006
1.75017 0.00161832 0.00000006
1.75617 0.00162305 0.00000006
1.76217 0.00162793 0.00000006
1.76818 0.00163296 0.00000006
1.77418 0.00163815 0.00000006
1.78019 0.00164349 0.00000006
1.78619 0.00164898 0.00000006
1.79219 0.00165464 0.00000006
1.79820 0.00166045 0.00000006
1.80420 0.00166643 0.00000006
1.81021 0.00167258 0.00000006
1.81621 0.00167890 0.00000006
1.82221 0.00168539 0.00000006
1.82822 0.00169206 0.00000006
1.83422 0.00169890 0.00000006
1.84023 0.00170593 0.00000006
1.84623 0.00171314 0.00000006
1.85223 0.00172054 0.00000007
1.85824 0.00172813 0.00000007
1.86424 0.00173592 0.00000007
1.87025 0.00174391 0.00000007
1.87625 0.00175210 0.00000007
1.88225 0.00176050 0.00000007
1.88826 0.00176911 0.00000007
1.89426 0.00177793 0.00000007
1.90027 0.00178698 0.00000007
1.90627 0.00179625 0.00000007
1.91227 0.00180575 0.00000007
1.91828 0.00181549 0.00000007
1.92428 0.00182547 0.00000007
1.93029 0.00183569 0.00000008
1.93629 0.00184617 0.00000008
1.94229 0.00185690 0.00000008
1.94830 0.00186789 0.00000008
1.95430 0.00187916 0.00000008
1.96031 0.00189070 0.00000008
1.96631 0.00190252 0.00000008
1.97231 0.00191463 0.00000008
1.97832 0.00192704 0.00000008
1.98432 0.00193975 0.00000008
1.99033 0.00195278 0.00000009
1.99633 0.00196613 0.00000009
2.00233 0.00197980 0.00000009
2.00834 0.00199382 0.00000009
2.01434 0.00200818 0.00000009
2.02035 0.00202290 0.00000009
2.02635 0.00203798 0.00000009
2.03235 0.00205344 0.00000010
2.03836 0.00206929 0.00000010
2.04436 0.00208554 0.00000010
2.05037 0.00210219 0.00000010
2.05637 0.00211927 0.00000010
2.06237 0.00213679 0.00000010
2.06838 0.00215475 0.00000011
2.07438 0.00217318 0.00000011
2.08039 0.00219208 0.00000011
2.08639 0.00221148 0.00000011
2.09239 0.00223138 0.00000012
2.09840 0.00225181 0.00000012
2.10440 0.00227278 0.00000012
2.11041 0.00229430 0.00000012
2.11641 0.00231641 0.00000013
2.12241 0.00233911 0.00000013
2.12842 0.00236243 0.00000013
2.13442 0.00238639 0.00000013
2.14043 0.00241101 0.00000014
2.14643 0.00243632 0.00000014
2.15243 0.00246234 0.00000014
2.15844 0.00248909 0.00000015
2.16444 0.00251661 0.00000015
2.17045 0.00254493 0.00000015
2.17645 0.00257406 0.00000016
2.18245 0.00260405 0.00000016
2.18846 0.00263493 0.00000017
2.19446 0.00266673 0.00000017
2.20047 0.00269950 0.00000018
2.20647 0.00273326 0.00000018
2.21247 0.00276807 0.00000019
2.21848 0.00280396 0.00000019
2.22448 0.00284099 0.00000020
2.23049 0.00287919 0.00000020
2.23649 0.00291863 0.00000021
2.24249 0.00295935 0.00000021
2.24850 0.00300142 0.00000022
2.25450 0.00304489 0.00000023
2.26051 0.00308984 0.00000024
2.26651 0.00313632 0.00000024
2.27252 0.00318443 0.00000025
2.27852 0.00323422 0.00000026
2.28452 0.00328579 0.00000027
2.29053 0.00333923 0.00000028
2.29653 0.00339462 0.00000029
2.30254 0.00345208 0.00000030
2.30854 0.00351171 0.00000031
2.31454 0.00357363 0.00000032
2.32055 0.00363795 0.00000034
2.32655 0.00370482 0.00000035
2.33256 0.00377438 0.00000037
2.33856 0.00384678 0.00000038
2.34456 0.00392218 0.00000040
2.35057 0.00400077 0.00000042
2.35657 0.00408273 0.00000043
2.36258 0.00416828 0.00000045
2.36858 0.00425764 0.00000048
2.37458 0.00435105 0.00000050
2.38059 0.00444878 0.00000052
2.38659 0.00455112 0.00000055
2.39260 0.00465837 0.00000058
2.39860 0.00477088 0.00000061
2.40460 0.00488903 0.00000064
2.41061 0.00501321 0.00000068
2.41661 0.00514388 0.00000071
2.42262 0.00528152 0.00000076
2.42862 0.00542668 0.00000080
2.43462 0.00557995 0.00000085
2.44063 0.00574199 0.00000090
2.44663 0.00591352 0.00000096
2.45264 0.00609536 0.00000102
2.45864 0.00628842 0.00000109
2.46464 0.00649369 0.00000117
2.47065 0.00671230 0.00000125
2.47665 0.00694552 0.00000135
2.48266 0.00719477 0.00000145
2.48866 0.00746166 0.00000156
2.49466 0.00774803 0.00000169
2.50067 0.00805594 0.00000183
2.50667 0.00838778 0.00000199
2.51268 0.00874627 0.00000217
2.51868 0.00913456 0.00000237
2.52468 0.00955627 0.00000260
2.53069 0.01001564 0.00000286
2.53669 0.01051762 0.00000315
2.54270 0.01106803 0.00000349
2.54870 0.01167379 0.00000389
2.55470 0.01234309 0.00000434
2.56071 0.01308582 0.00000487
2.56671 0.01391392 0.00000549
2.57272 0.01484195 0.00000623
2.57872 0.01588787 0.00000711
2.58472 0.01707402 0.00000817
2.59073 0.01842852 0.00000945
2.59673 0.01998721 0.00001102
2.60274 0.02179642 0.00001298
2.60874 0.02391701 0.00001543
2.61474 0.02643030 0.00001857
2.62075 0.02944729 0.00002264
2.62675 0.03312296 0.00002804
2.63276 0.03767979 0.00003536
2.63876 0.04344759 0.00004556
2.64476 0.05093446 0.00006026
2.65077 0.06096107 0.00008233
2.65677 0.07493327 0.00011725
2.66278 0.09544938 0.00017641
2.66878 0.12782585 0.00028646
2.67478 0.18462982 0.00052133
2.68079 0.30300775 0.00114745
2.68679 0.64775882 0.00372078
2.69280 3.49909435 0.04558009
2.69880 18.10556807 1.74412962
2.70480 11.13587300 1.91046020
2.71081 8.73647600 1.93747664
2.71681 7.43651430 1.94920558
2.72282 6.59369280 1.95604499
2.72882 5.99160950 1.96064037
2.73482 5.53443361 1.96399464
2.74083 5.17238465 1.96657930
2.74683 4.87671518 1.96864840
2.75284 4.62951673 1.97035234
2.75884 4.41897742 1.97178653
2.76484 4.23695088 1.97301480
2.77085 4.07761347 1.97408167
2.77685 3.93667736 1.97501928
2.78286 3.81090660 1.97585146
2.78886 3.69780732 1.97659634
2.79486 3.59542256 1.97726795
2.80087 3.50219241 1.97787738
2.80687 3.41685623 1.97843351
2.81288 3.33838272 1.97894353
2.81888 3.26591902 1.97941335
2.82488 3.19875295 1.97984789
2.83089 3.13628453 1.98025125
2.83689 3.07800430 1.98062690
2.84290 3.02347650 1.98097781
2.84890 2.97232594 1.98130650
2.85490 2.92422761 1.98161517
2.86091 2.87889840 1.98190572
2.86691 2.83609040 1.98217980
2.87292 2.79558549 1.98243886
2.87892 2.75719090 1.98268420
2.88492 2.72073557 1.98291695
2.89093 2.68606710 1.98313811
2.89693 2.65304923 1.98334858
2.90294 2.62155972 1.98354918
2.90894 2.59148853 1.98374062
2.91494 2.56273634 1.98392355
2.92095 2.53521326 1.98409858
2.92695 2.50883766 1.98426623
2.93296 2.48353529 1.98442699
2.93896 2.45923842 1.98458131
2.94496 2.43588512 1.98472958
2.95097 2.41341868 1.98487218
2.95697 2.39178704 1.98500945
2.96298 2.37094232 1.98514170
2.96898 2.35084042 1.98526921
2.97498 2.33144064 1.98539227
2.98099 2.31270537 1.98551110
2.98699 2.29459981 1.98562594
2.99300 2.27709170 1.98573700
2.99900 2.26015113 1.98584448
3.00500 2.24375030 1.98594856
3.01101 2.22786339 1.98604940
3.01701 2.21246636 1.98614718
3.02302 2.19753686 1.98624203
3.02902 2.18305408 1.98633410
3.03502 2.16899863 1.98642352
3.04103 2.15535247 1.98651042
3.04703 2.14209885 1.98659490
3.05304 2.12922219 1.98667708
3.05904 2.11670806 1.98675707
3.06504 2.10454314 1.98683496
3.07105 2.09271515 1.98691084
3.07705 2.08121291 1.98698482
3.08306 2.07002627 1.98705697
3.08906 2.05914616 1.98712738
3.09506 2.04856463 1.98719614
3.10107 2.03827495 1.98726332
3.10707 2.02827166 1.98732901
3.11308 2.01855079 1.98739328
3.11908 2.00911004 1.98745624
3.12508 1.99994913 1.98751796
3.13109 1.99107018 1.98757855
3.13709 1.98247838 1.98763813
3.14310 1.97418278 1.98769681
3.14910 1.96619761 1.98775477
3.15510 1.95854399 1.98781220
3.16111 1.95125270 1.98786937
3.16711 1.94436819 1.98792663
3.17312 1.93795509 1.98798451
3.17912 1.93210862 1.98804376
3.18512 1.92697221 1.98810557
3.19113 1.92276874 1.98817185
3.19713 1.91985895 1.98824593
3.20314 1.91885852 1.98833394
3.20914 1.92089445 1.98844816
3.21514 1.92823355 1.98861618
3.22115 1.94608322 1.98891012
3.22715 1.98908075 1.98956831
3.23316 2.11562997 1.99177404
3.23916 2.86485999 2.01153542
3.24516 13.68313712 3.59393813
3.25117 7.96793258 3.93339651
3.25717 6.45363363 3.95462567
3.26318 5.69368665 3.96206478
3.26918 5.21668310 3.96604639
3.27518 4.88140874 3.96861396
3.28119 4.62894723 3.97044897
3.28719 4.42979594 3.97184787
3.29320 4.26733828 3.97296236
3.29920 4.13140913 3.97387908
3.30520 4.01539576 3.97465158
3.31121 3.91478655 3.97531499
3.31721 3.82638409 3.97589347
3.32322 3.74785080 3.97640424
3.32922 3.67743285 3.97685995
3.33522 3.61378521 3.97727018
3.34123 3.55585678 3.97764227
3.34723 3.50281262 3.97798202
3.35324 3.45397996 3.97829404
3.35924 3.40880981 3.97858206
3.36524 3.36684912 3.97884913
3.37125 3.32772024 3.97909780
3.37725 3.29110550 3.97933017
3.38326 3.25673545 3.97954804
3.38926 3.22437987 3.97975292
3.39526 3.19384068 3.97994612
3.40127 3.16494640 3.98012877
3.40727 3.13754767 3.98030183
3.41328 3.11151378 3.98046616
3.41928 3.08672968 3.98062251
3.42528 3.06309372 3.98077154
3.43129 3.04051565 3.98091383
3.43729 3.01891504 3.98104990
3.44330 2.99821993 3.98118022
3.44930 2.97836574 3.98130519
3.45530 2.95929427 3.98142520
3.46131 2.94095297 3.98154058
3.46731 2.92329418 3.98165164
3.47332 2.90627462 3.98175865
3.47932 2.88985484 3.98186186
3.48532 2.87399881 3.98196151
3.49133 2.85867356 3.98205781
3.49733 2.84384880 3.98215094
3.50334 2.82949670 3.98224109
3.50934 2.81559161 3.98232843
3.51534 2.80210984 3.98241309
3.52135 2.78902949 3.98249522
3.52735 2.77633025 3.98257495
3.53336 2.76399328 3.98265240
3.53936 2.75200107 3.98272768
3.54536 2.74033728 3.98280089
3.55137 2.72898672 3.98287213
3.55737 2.71793517 3.98294148
3.56338 2.70716933 3.98300905
3.56938 2.69667677 3.98307489
3.57538 2.68644581 3.98313909
3.58139 2.67646550 3.98320172
3.58739 2.66672554 3.98326283
3.59340 2.65721624 3.98332250
3.59940 2.64792847 3.98338078
3.60540 2.63885362 3.98343772
3.61141 2.62998357 3.98349337
3.61741 2.62131063 3.98354779
3.62342 2.61282755 3.98360102
3.62942 2.60452745 3.98365310
3.63542 2.59640382 3.98370408
3.64143 2.58845047 3.98375399
3.64743 2.58066155 3.98380286
3.65344 2.57303148 3.98385075
3.65944 2.56555497 3.98389767
3.66544 2.55822698 3.98394366
3.67145 2.55104272 3.98398876
3.67745 2.54399762 3.98403298
3.68346 2.53708732 3.98407636
3.68946 2.53030768 3.98411892
3.69546 2.52365472 3.98416069
3.70147 2.51712465 3.98420170
3.70747 2.51071387 3.98424196
3.71348 2.50441891 3.98428149
3.71948 2.49823645 3.98432033
3.72548 2.49216334 3.98435848
3.73149 2.48619653 3.98439597
3.73749 2.48033313 3.98443282
3.74350 2.47457034 3.98446903
3.74950 2.46890549 3.98450464
3.75550 2.46333603 3.98453966
3.76151 2.45785950 3.98457410
3.76751 2.45247353 3.98460798
3.77352 2.44717586 3.98464130
3.77952 2.44196432 3.98467410
3.78552 2.43683682 3.98470637
3.79153 2.43179136 3.98473814
3.79753 2.42682600 3.98476941
3.80354 2.42193890 3.98480020
3.80954 2.41712828 3.98483052
3.81554 2.41239243 3.98486037
3.82155 2.40772972 3.98488978
3.82755 2.40313857 3.98491875
3.83356 2.39861747 3.98494729
3.83956 2.39416497 3.98497541
3.84556 2.38977970 3.98500312
3.85157 2.38546032 3.98503043
3.85757 2.38120556 3.98505735
3.86358 2.37701423 3.98508389
3.86958 2.37288517 3.98511006
3.87558 2.36881729 3.98513585
3.88159 2.36480955 3.98516130
3.88759 2.36086099 3.98518639
3.89360 2.35697070 3.98521114
3.89960 2.35313781 3.98523555
3.90560 2.34936157 3.98525964
3.91161 2.34564124 3.98528340
3.91761 2.34197620 3.98530686
3.92362 2.33836589 3.98533001
3.92962 2.33480985 3.98535286
3.93562 2.33130769 3.98537542
3.94163 2.32785916 3.98539769
3.94763 2.32446412 3.98541970
3.95364 2.32112256 3.98544143
3.95964 2.31783465 3.98546290
3.96564 2.31460073 3.98548412
3.97165 2.31142139 3.98550510
3.97765 2.30829746 3.98552584
3.98366 2.30523011 3.98554636
3.98966 2.30222090 3.98556668
3.99566 2.29927190 3.98558680
4.00167 2.29638578 3.98560674
4.00767 2.29356600 3.98562653
4.01368 2.29081704 3.98564619
4.01968 2.28814469 3.98566575
4.02568 2.28555649 3.98568525
4.03169 2.28306234 3.98570475
4.03769 2.28067536 3.98572432
4.04370 2.27841322 3.98574407
4.04970 2.27630003 3.98576414
4.05570 2.27436946 3.98578474
4.06171 2.27266955 3.98580619
4.06771 2.27127096 3.98582899
4.07372 2.27028114 3.98585395
4.07972 2.26987070 3.98588246
4.08572 2.27032510 3.98591706
4.09173 2.27215520 3.98596274
4.09773 2.27635977 3.98603038
4.10374 2.28514472 3.98614730
4.10974 2.30434382 3.98639780
4.11574 2.35475618 3.98714960
4.12175 2.57600643 3.99178955
4.12775 8.59081870 4.41044889
4.13376 5.85135709 4.95079121
4.13976 4.81488029 4.96692144
4.14576 4.34734771 4.97153357
4.15177 4.06674510 4.97384791
4.15777 3.87439464 4.97529763
4.16378 3.73187749 4.97631741
4.16978 3.62072868 4.97708718
4.17578 3.53082963 4.97769631
4.18179 3.45611112 4.97819486
4.18779 3.39268326 4.97861337
4.19380 3.33792287 4.97897167
4.19980 3.28998827 4.97928330
4.20580 3.24754342 4.97955784
4.21181 3.20959243 4.97980234
4.21781 3.17537576 4.98002206
4.22382 3.14430272 4.98022106
4.22982 3.11590607 4.98040252
4.23582 3.08981072 4.98056897
4.24183 3.06571163 4.98072245
4.24783 3.04335784 4.98086463
4.25384 3.02254072 4.98099689
4.25984 3.00308523 4.98112038
4.26584 2.98484326 4.98123608
4.27185 2.96768854 4.98134480
4.27785 2.95151266 4.98144725
4.28386 2.93622194 4.98154405
4.28986 2.92173495 4.98163571
4.29586 2.90798053 4.98172271
4.30187 2.89489621 4.98180544
4.30787 2.88242682 4.98188425
4.31388 2.87052351 4.98195947
4.31988 2.85914278 4.98203137
4.32588 2.84824579 4.98210020
4.33189 2.83779772 4.98216618
4.33789 2.82776724 4.98222952
4.34390 2.81812612 4.98229039
4.34990 2.80884876 4.98234895
4.35590 2.79991198 4.98240536
4.36191 2.79129466 4.98245976
4.36791 2.78297754 4.98251225
4.37392 2.77494300 4.98256296
4.37992 2.76717493 4.98261198
4.38592 2.75965848 4.98265942
4.39193 2.75238003 4.98270535
4.39793 2.74532700 4.98274986
4.40394 2.73848777 4.98279303
4.40994 2.73185158 4.98283491
4.41594 2.72540847 4.98287558
4.42195 2.71914918 4.98291508
4.42795 2.71306510 4.98295349
4.43396 2.70714821 4.98299084
4.43996 2.70139104 4.98302718
4.44596 2.69578659 4.98306256
4.45197 2.69032833 4.98309702
4.45797 2.68501013 4.98313061
4.46398 2.67982627 4.98316334
4.46998 2.67477134 4.98319527
4.47598 2.66984029 4.98322641
4.48199 2.66502835 4.98325681
4.48799 2.66033103 4.98328649
4.49400 2.65574409 4.98331547
4.50000 2.65126355 4.98334379
