-4.50000 2.83138404 2.98219841
-4.49400 2.82626459 2.98222740
-4.48799 2.82118210 2.98225579
-4.48199 2.81613615 2.98228345
-4.47598 2.81112636 2.98231023
-4.46998 2.80615236 2.98233586
-4.46398 2.80121379 2.98235996
-4.45797 2.79631034 2.98238190
-4.45197 2.79144171 2.98240061
-4.44596 2.78660772 2.98241417
-4.43996 2.78180831 2.98241880
-4.43396 2.77704381 2.98240629
-4.42795 2.77231557 2.98235569
-4.42195 2.76762845 2.98219969
-4.41594 2.76300512 2.98161182
-4.40994 2.75869389 2.97620574
-4.40394 2.74994050 2.95785250
-4.39793 2.74934080 2.98133174
-4.39193 2.74463297 2.98227115
-4.38592 2.74008604 2.98252943
-4.37992 2.73559155 2.98264759
-4.37392 2.73113399 2.98271911
-4.36791 2.72670909 2.98277070
-4.36191 2.72231516 2.98281230
-4.35590 2.71795128 2.98284832
-4.34990 2.71361688 2.98288092
-4.34390 2.70931151 2.98291129
-4.33789 2.70503480 2.98294011
-4.33189 2.70078641 2.98296780
-4.32588 2.69656604 2.98299462
-4.31988 2.69237337 2.98302076
-4.31388 2.68820813 2.98304633
-4.30787 2.68407003 2.98307141
-4.30187 2.67995879 2.98309608
-4.29586 2.67587414 2.98312036
-4.28986 2.67181580 2.98314430
-4.28386 2.66778351 2.98316792
-4.27785 2.66377699 2.98319122
-4.27185 2.65979598 2.98321423
-4.26584 2.65584020 2.98323696
-4.25984 2.65190939 2.98325939
-4.25384 2.64800328 2.98328155
-4.24783 2.64412159 2.98330343
-4.24183 2.64026405 2.98332502
-4.23582 2.63643036 2.98334633
-4.22982 2.63262026 2.98336734
-4.22382 2.62883345 2.98338806
-4.21781 2.62506963 2.98340846
-4.21181 2.62132849 2.98342853
-4.20580 2.61760972 2.98344826
-4.19980 2.61391298 2.98346764
-4.19380 2.61023795 2.98348663
-4.18779 2.60658425 2.98350521
-4.18179 2.60295151 2.98352336
-4.17578 2.59933934 2.98354102
-4.16978 2.59574729 2.98355817
-4.16378 2.59217491 2.98357473
-4.15777 2.58862172 2.98359066
-4.15177 2.58508716 2.98360586
-4.14576 2.58157065 2.98362025
-4.13976 2.57807154 2.98363370
-4.13376 2.57458912 2.98364606
-4.12775 2.57112259 2.98365715
-4.12175 2.56767107 2.98366672
-4.11574 2.56423358 2.98367448
-4.10974 2.56080903 2.98368000
-4.10374 2.55739625 2.98368276
-4.09773 2.55399398 2.98368201
-4.09173 2.55060098 2.98367671
-4.08572 2.54721624 2.98366540
-4.07972 2.54383936 2.98364587
-4.07372 2.54047150 2.98361476
-4.06771 2.53711754 2.98356662
-4.06171 2.53379113 2.98349214
-4.05570 2.53052751 2.98337407
-4.04970 2.52741945 2.98317714
-4.04370 2.52473281 2.98281737
-4.03769 2.52336381 2.98204222
-4.03169 2.52738567 2.97967850
-4.02568 2.57317458 2.95900219
-4.01968 2.17230356 1.84189449
-4.01368 2.67457490 2.86065041
-4.00767 2.55903979 2.97707329
-4.00167 2.53194129 2.98230278
-3.99566 2.51995213 2.98346780
-3.98966 2.51249436 2.98389426
-3.98366 2.50692141 2.98409569
-3.97765 2.50229728 2.98420784
-3.97165 2.49821550 2.98427840
-3.96564 2.49447362 2.98432734
-3.95964 2.49096038 2.98436414
-3.95364 2.48760993 2.98439370
-3.94763 2.48438094 2.98441874
-3.94163 2.48124626 2.98444087
-3.93562 2.47818732 2.98446103
-3.92962 2.47519102 2.98447986
-3.92362 2.47224787 2.98449775
-3.91761 2.46935080 2.98451497
-3.91161 2.46649446 2.98453169
-3.90560 2.46367471 2.98454805
-3.89960 2.46088831 2.98456412
-3.89360 2.45813266 2.98457999
-3.88759 2.45540569 2.98459568
-3.88159 2.45270567 2.98461123
-3.87558 2.45003121 2.98462667
-3.86958 2.44738112 2.98464201
-3.86358 2.44475443 2.98465727
-3.85757 2.44215028 2.98467245
-3.85157 2.43956798 2.98468757
-3.84556 2.43700689 2.98470262
-3.83956 2.43446650 2.98471761
-3.83356 2.43194632 2.98473254
-3.82755 2.42944597 2.98474741
-3.82155 2.42696507 2.98476223
-3.81554 2.42450333 2.98477700
-3.80954 2.42206046 2.98479171
-3.80354 2.41963621 2.98480636
-3.79753 2.41723039 2.98482096
-3.79153 2.41484278 2.98483551
-3.78552 2.41247323 2.98485000
-3.77952 2.41012159 2.98486444
-3.77352 2.40778772 2.98487882
-3.76751 2.40547151 2.98489314
-3.76151 2.40317288 2.98490741
-3.75550 2.40089173 2.98492162
-3.74950 2.39862800 2.98493578
-3.74350 2.39638164 2.98494987
-3.73749 2.39415260 2.98496391
-3.73149 2.39194085 2.98497789
-3.72548 2.38974639 2.98499180
-3.71948 2.38756921 2.98500566
-3.71348 2.38540933 2.98501946
-3.70747 2.38326676 2.98503320
-3.70147 2.38114154 2.98504687
-3.69546 2.37903373 2.98506049
-3.68946 2.37694339 2.98507404
-3.68346 2.37487060 2.98508754
-3.67745 2.37281547 2.98510097
-3.67145 2.37077809 2.98511434
-3.66544 2.36875861 2.98512764
-3.65944 2.36675718 2.98514089
-3.65344 2.36477396 2.98515407
-3.64743 2.36280915 2.98516719
-3.64143 2.36086295 2.98518024
-3.63542 2.35893562 2.98519323
-3.62942 2.35702743 2.98520616
-3.62342 2.35513866 2.98521902
-3.61741 2.35326965 2.98523183
-3.61141 2.35142076 2.98524456
-3.60540 2.34959241 2.98525723
-3.59940 2.34778503 2.98526984
-3.59340 2.34599913 2.98528239
-3.58739 2.34423525 2.98529487
-3.58139 2.34249400 2.98530728
-3.57538 2.34077605 2.98531963
-3.56938 2.33908213 2.98533192
-3.56338 2.33741307 2.98534414
-3.55737 2.33576979 2.98535630
-3.55137 2.33415329 2.98536839
-3.54536 2.33256470 2.98538042
-3.53936 2.33100527 2.98539238
-3.53336 2.32947640 2.98540428
-3.52735 2.32797965 2.98541611
-3.52135 2.32651677 2.98542788
-3.51534 2.32508973 2.98543958
-3.50934 2.32370073 2.98545122
-3.50334 2.32235227 2.98546279
-3.49733 2.32104716 2.98547430
-3.49133 2.31978860 2.98548574
-3.48532 2.31858025 2.98549711
-3.47932 2.31742624 2.98550843
-3.47332 2.31633137 2.98551967
-3.46731 2.31530111 2.98553085
-3.46131 2.31434182 2.98554197
-3.45530 2.31346086 2.98555302
-3.44930 2.31266685 2.98556401
-3.44330 2.31196987 2.98557493
-3.43729 2.31138185 2.98558579
-3.43129 2.31091693 2.98559658
-3.42528 2.31059202 2.98560731
-3.41928 2.31042750 2.98561798
-3.41328 2.31044808 2.98562858
-3.40727 2.31068405 2.98563913
-3.40127 2.31117280 2.98564961
-3.39526 2.31196109 2.98566004
-3.38926 2.31310796 2.98567042
-3.38326 2.31468902 2.98568076
-3.37725 2.31680242 2.98569105
-3.37125 2.31957774 2.98570133
-3.36524 2.32318913 2.98571160
-3.35924 2.32787570 2.98572190
-3.35324 2.33397377 2.98573229
-3.34723 2.34196999 2.98574287
-3.34123 2.35259259 2.98575381
-3.33522 2.36697618 2.98576543
-3.32922 2.38697823 2.98577840
-3.32322 2.41583510 2.98579415
-3.31721 2.45966028 2.98581608
-3.31121 2.53133956 2.98585357
-3.30520 2.66268392 2.98593797
-3.29920 2.95472168 2.98621247
-3.29320 3.93022962 2.98789012
-3.28719 20.58637269 3.09422357
-3.28119 37.49492196 4.68061516
-3.27518 25.67727931 4.82774888
-3.26918 20.96846138 4.86573521
-3.26318 18.28091816 4.88476155
-3.25717 16.48978691 4.89671829
-3.25117 15.18741388 4.90514477
-3.24516 14.18584674 4.91150824
-3.23916 13.38486688 4.91654110
-3.23316 12.72551644 4.92065548
-3.22715 12.17055004 4.92410365
-3.22115 11.69513000 4.92704996
-3.21514 11.28197228 4.92960674
-3.20914 10.91862826 4.93185381
-3.20314 10.59587374 4.93384965
-3.19713 10.30670888 4.93563828
-3.19113 10.04571289 4.93725352
-3.18512 9.80861372 4.93872188
-3.17912 9.59199294 4.94006448
-3.17312 9.39307830 4.94129837
-3.16711 9.20959479 4.94243753
-3.16111 9.03965555 4.94349348
-3.15510 8.88168082 4.94447590
-3.14910 8.73433649 4.94539291
-3.14310 8.59648720 4.94625144
-3.13709 8.46715984 4.94705741
-3.13109 8.34551496 4.94781595
-3.12508 8.23082411 4.94853148
-3.11908 8.12245169 4.94920788
-3.11308 8.01984030 4.94984855
-3.10707 7.92249883 4.95045649
-3.10107 7.82999270 4.95103435
-3.09506 7.74193577 4.95158449
-3.08906 7.65798365 4.95210902
-3.08306 7.57782808 4.95260984
-3.07705 7.50119225 4.95308864
-3.07105 7.42782676 4.95354696
-3.06504 7.35750630 4.95398619
-3.05904 7.29002670 4.95440759
-3.05304 7.22520252 4.95481229
-3.04703 7.16286484 4.95520136
-3.04103 7.10285948 4.95557575
-3.03502 7.04504537 4.95593632
-3.02902 6.98929316 4.95628390
-3.02302 6.93548402 4.95661921
-3.01701 6.88350856 4.95694294
-3.01101 6.83326587 4.95725571
-3.00500 6.78466276 4.95755811
-2.99900 6.73761294 4.95785066
-2.99300 6.69203646 4.95813387
-2.98699 6.64785907 4.95840817
-2.98099 6.60501173 4.95867398
-2.97498 6.56343018 4.95893167
-2.96898 6.52305449 4.95918158
-2.96298 6.48382872 4.95942397
-2.95697 6.44570060 4.95965907
-2.95097 6.40862125 4.95988699
-2.94496 6.37254495 4.96010770
-2.93896 6.33742895 4.96032089
-2.93296 6.30323342 4.96052571
-2.92695 6.26992164 4.96071999
-2.92095 6.23746080 4.96089803
-2.91494 6.20582530 4.96104191
-2.90894 6.17501160 4.96107285
-2.90294 6.14513687 4.96024009
-2.89693 6.10466570 4.92243908
-2.89093 6.08784045 4.96122498
-2.88492 6.05875711 4.96186831
-2.87892 6.03121052 4.96214054
-2.87292 6.00437939 4.96234536
-2.86691 5.97817127 4.96252632
-2.86091 5.95255024 4.96269534
-2.85490 5.92749182 4.96285679
-2.84890 5.90297540 4.96301265
-2.84290 5.87898229 4.96316391
-2.83689 5.85549504 4.96331117
-2.83089 5.83249722 4.96345480
-2.82488 5.80997322 4.96359507
-2.81888 5.78790818 4.96373215
-2.81288 5.76628793 4.96386620
-2.80687 5.74509895 4.96399734
-2.80087 5.72432831 4.96412563
-2.79486 5.70396363 4.96425117
-2.78886 5.68399307 4.96437399
-2.78286 5.66440527 4.96449413
-2.77685 5.64518935 4.96461159
-2.77085 5.62633486 4.96472634
-2.76484 5.60783180 4.96483833
-2.75884 5.58967054 4.96494743
-2.75284 5.57184182 4.96505344
-2.74683 5.55433675 4.96515604
-2.74083 5.53714679 4.96525472
-2.73482 5.52026368 4.96534864
-2.72882 5.50367949 4.96543639
-2.72282 5.48738654 4.96551553
-2.71681 5.47137735 4.96558151
-2.71081 5.45564462 4.96562516
-2.70480 5.44018090 4.96562569
-2.69880 5.42497791 4.96552745
-2.69280 5.41002299 4.96513678
-2.68679 5.39527228 4.96335290
-2.68079 5.37980849 4.93367392
-2.67478 5.36992028 4.95365385
-2.66878 5.35270206 4.96438757
-2.66278 5.33896871 4.96574978
-2.65677 5.32545934 4.96621284
-2.65077 5.31216427 4.96645707
-2.64476 5.29908082 4.96662208
-2.63876 5.28620534 4.96675112
-2.63276 5.27353381 4.96686115
-2.62675 5.26106210 4.96695992
-2.62075 5.24878611 4.96705141
-2.61474 5.23670184 4.96713781
-2.60874 5.22480538 4.96722042
-2.60274 5.21309293 4.96730007
-2.59673 5.20156079 4.96737729
-2.59073 5.19020537 4.96745244
-2.58472 5.17902321 4.96752578
-2.57872 5.16801093 4.96759750
-2.57272 5.15716525 4.96766775
-2.56671 5.14648301 4.96773663
-2.56071 5.13596113 4.96780422
-2.55470 5.12559662 4.96787060
-2.54870 5.11538659 4.96793581
-2.54270 5.10532823 4.96799992
-2.53669 5.09541882 4.96806296
-2.53069 5.08565571 4.96812496
-2.52468 5.07603633 4.96818596
-2.51868 5.06655820 4.96824598
-2.51268 5.05721890 4.96830504
-2.50667 5.04801609 4.96836318
-2.50067 5.03894748 4.96842041
-2.49466 5.03001088 4.96847675
-2.48866 5.02120414 4.96853222
-2.48266 5.01252518 4.96858683
-2.47665 5.00397198 4.96864060
-2.47065 4.99554257 4.96869354
-2.46464 4.98723506 4.96874567
-2.45864 4.97904760 4.96879700
-2.45264 4.97097840 4.96884755
-2.44663 4.96302571 4.96889733
-2.44063 4.95518785 4.96894634
-2.43462 4.94746318 4.96899460
-2.42862 4.93985011 4.96904212
-2.42262 4.93234709 4.96908890
-2.41661 4.92495263 4.96913497
-2.41061 4.91766528 4.96918033
-2.40460 4.91048361 4.96922498
-2.39860 4.90340628 4.96926894
-2.39260 4.89643193 4.96931222
-2.38659 4.88955931 4.96935482
-2.38059 4.88278714 4.96939675
-2.37458 4.87611423 4.96943802
-2.36858 4.86953939 4.96947863
-2.36258 4.86306150 4.96951860
-2.35657 4.85667945 4.96955793
-2.35057 4.85039217 4.96959663
-2.34456 4.84419863 4.96963470
-2.33856 4.83809782 4.96967215
-2.33256 4.83208878 4.96970899
-2.32655 4.82617057 4.96974522
-2.32055 4.82034227 4.96978084
-2.31454 4.81460301 4.96981587
-2.30854 4.80895194 4.96985030
-2.30254 4.80338824 4.96988415
-2.29653 4.79791111 4.96991741
-2.29053 4.79251978 4.96995009
-2.28452 4.78721352 4.96998220
-2.27852 4.78199161 4.97001374
-2.27252 4.77685336 4.97004471
-2.26651 4.77179811 4.97007512
-2.26051 4.76682521 4.97010497
-2.25450 4.76193405 4.97013426
-2.24850 4.75712403 4.97016299
-2.24249 4.75239459 4.97019117
-2.23649 4.74774518 4.97021880
-2.23049 4.74317527 4.97024588
-2.22448 4.73868435 4.97027242
-2.21848 4.73427195 4.97029841
-2.21247 4.72993760 4.97032385
-2.20647 4.72568085 4.97034875
-2.20047 4.72150130 4.97037311
-2.19446 4.71739852 4.97039692
-2.18846 4.71337214 4.97042019
-2.18245 4.70942179 4.97044291
-2.17645 4.70554713 4.97046508
-2.17045 4.70174783 4.97048670
-2.16444 4.69802357 4.97050776
-2.15844 4.69437406 4.97052827
-2.15243 4.69079903 4.97054822
-2.14643 4.68729820 4.97056759
-2.14043 4.68387133 4.97058640
-2.13442 4.68051820 4.97060462
-2.12842 4.67723858 4.97062225
-2.12241 4.67403226 4.97063928
-2.11641 4.67089906 4.97065570
-2.11041 4.66783880 4.97067149
-2.10440 4.66485130 4.97068663
-2.09840 4.66193641 4.97070111
-2.09239 4.65909396 4.97071491
-2.08639 4.65632382 4.97072799
-2.08039 4.65362583 4.97074033
-2.07438 4.65099985 4.97075189
-2.06838 4.64844574 4.97076263
-2.06237 4.64596332 4.97077248
-2.05637 4.64355243 4.97078140
-2.05037 4.64121289 4.97078929
-2.04436 4.63894447 4.97079607
-2.03836 4.63674691 4.97080162
-2.03235 4.63461990 4.97080580
-2.02635 4.63256305 4.97080841
-2.02035 4.63057587 4.97080923
-2.01434 4.62865776 4.97080794
-2.00834 4.62680794 4.97080415
-2.00233 4.62502537 4.97079731
-1.99633 4.62330873 4.97078668
-1.99033 4.62165626 4.97077122
-1.98432 4.62006559 4.97074945
-1.97832 4.61853353 4.97071914
-1.97231 4.61705571 4.97067690
-1.96631 4.61562607 4.97061723
-1.96031 4.61423611 4.97053084
-1.95430 4.61287401 4.97040086
-1.94830 4.61152399 4.97019382
-1.94229 4.61016916 4.96983496
-1.93629 4.60881694 4.96912570
-1.93029 4.60768975 4.96736709
-1.92428 4.60936557 4.96021041
-1.91828 4.71857421 4.75503648
-1.91227 4.63242049 4.79988960
-1.90627 4.62818168 4.96174362
-1.90027 4.61924173 4.96812614
-1.89426 4.61563462 4.96966085
-1.88826 4.61372734 4.97025210
-1.88225 4.61258883 4.97053674
-1.87625 4.61188529 4.97069261
-1.87025 4.61146998 4.97078513
-1.86424 4.61126921 4.97084285
-1.85824 4.61124237 4.97087981
-1.85223 4.61136560 4.97090357
-1.84623 4.61162418 4.97091842
-1.84023 4.61200883 4.97092700
-1.83422 4.61251355 4.97093096
-1.82822 4.61313454 4.97093136
-1.82221 4.61386947 4.97092893
-1.81621 4.61471702 4.97092417
-1.81021 4.61567662 4.97091744
-1.80420 4.61674828 4.97090897
-1.79820 4.61793241 4.97089894
-1.79219 4.61922982 4.97088749
-1.78619 4.62064156 4.97087469
-1.78019 4.62216898 4.97086062
-1.77418 4.62381361 4.97084531
-1.76818 4.62557718 4.97082880
-1.76217 4.62746164 4.97081111
-1.75617 4.62946908 4.97079223
-1.75017 4.63160178 4.97077217
-1.74416 4.63386217 4.97075092
-1.73816 4.63625287 4.97072846
-1.73215 4.63877666 4.97070479
-1.72615 4.64143648 4.97067987
-1.72015 4.64423547 4.97065368
-1.71414 4.64717695 4.97062619
-1.70814 4.65026443 4.97059736
-1.70213 4.65350163 4.97056717
-1.69613 4.65689246 4.97053557
-1.69013 4.66044109 4.97050252
-1.68412 4.66415190 4.97046797
-1.67812 4.66802954 4.97043188
-1.67211 4.67207890 4.97039418
-1.66611 4.67630520 4.97035483
-1.66011 4.68071393 4.97031376
-1.65410 4.68531091 4.97027092
-1.64810 4.69010231 4.97022622
-1.64209 4.69509468 4.97017960
-1.63609 4.70029498 4.97013099
-1.63009 4.70571056 4.97008029
-1.62408 4.71134928 4.97002743
-1.61808 4.71721946 4.96997230
-1.61207 4.72333001 4.96991480
-1.60607 4.72969037 4.96985484
-1.60007 4.73631065 4.96979228
-1.59406 4.74320163 4.96972702
-1.58806 4.75037485 4.96965891
-1.58205 4.75784265 4.96958782
-1.57605 4.76561826 4.96951360
-1.57005 4.77371588 4.96943607
-1.56404 4.78215078 4.96935506
-1.55804 4.79093939 4.96927039
-1.55203 4.80009941 4.96918183
-1.54603 4.80964995 4.96908918
-1.54003 4.81961168 4.96899219
-1.53402 4.83000699 4.96889058
-1.52802 4.84086018 4.96878409
-1.52201 4.85219765 4.96867238
-1.51601 4.86404818 4.96855512
-1.51001 4.87644319 4.96843193
-1.50400 4.88941704 4.96830240
-1.49800 4.90300743 4.96816607
-1.49199 4.91725578 4.96802244
-1.48599 4.93220777 4.96787094
-1.47999 4.94791388 4.96771098
-1.47398 4.96443006 4.96754184
-1.46798 4.98181854 4.96736276
-1.46197 5.00014873 4.96717288
-1.45597 5.01949833 4.96697122
-1.44997 5.03995468 4.96675669
-1.44396 5.06161630 4.96652803
-1.43796 5.08459482 4.96628381
-1.43195 5.10901732 4.96602242
-1.42595 5.13502918 4.96574195
-1.41995 5.16279759 4.96544024
-1.41394 5.19251600 4.96511475
-1.40794 5.22440957 4.96476249
-1.40193 5.25874228 4.96437994
-1.39593 5.29582592 4.96396290
-1.38993 5.33603180 4.96350633
-1.38392 5.37980625 4.96300410
-1.37792 5.42769124 4.96244868
-1.37191 5.48035248 4.96183075
-1.36591 5.53861820 4.96113856
-1.35991 5.60353403 4.96035708
-1.35390 5.67644229 4.95946676
-1.34790 5.75909974 4.95844166
-1.34189 5.85385812 4.95724648
-1.33589 5.96395103 4.95583187
-1.32989 6.09397057 4.95412640
-1.32388 6.25070233 4.95202234
-1.31788 6.44468840 4.94934833
-1.31187 6.69341321 4.94581256
-1.30587 7.02857834 4.94086927
-1.29987 7.51562189 4.93334853
-1.29386 8.32113240 4.92012021
-1.28786 10.09067940 4.88802225
-1.28185 23.52741797 4.65488189
-1.27585 4.90596490 3.98628790
-1.26985 4.04311633 3.97833512
-1.26384 3.87494366 3.97731498
-1.25784 3.81250024 3.97701575
-1.25183 3.78246602 3.97688871
-1.24583 3.76595670 3.97682061
-1.23983 3.75620115 3.97677727
-1.23382 3.75024565 3.97674576
-1.22782 3.74662086 3.97672040
-1.22181 3.74452334 3.97669841
-1.21581 3.74348120 3.97667832
-1.20981 3.74320130 3.97665928
-1.20380 3.74349318 3.97664079
-1.19780 3.74422844 3.97662253
-1.19179 3.74531783 3.97660430
-1.18579 3.74669769 3.97658596
-1.17979 3.74832164 3.97656740
-1.17378 3.75015524 3.97654855
-1.16778 3.75217252 3.97652936
-1.16177 3.75435364 3.97650980
-1.15577 3.75668330 3.97648982
-1.14977 3.75914955 3.97646940
-1.14376 3.76174306 3.97644853
-1.13776 3.76445646 3.97642717
-1.13175 3.76728396 3.97640531
-1.12575 3.77022098 3.97638293
-1.11975 3.77326395 3.97636003
-1.11374 3.77641009 3.97633659
-1.10774 3.77965725 3.97631259
-1.10173 3.78300387 3.97628802
-1.09573 3.78644879 3.97626286
-1.08973 3.78999127 3.97623711
-1.08372 3.79363088 3.97621076
-1.07772 3.79736747 3.97618378
-1.07171 3.80120113 3.97615617
-1.06571 3.80513217 3.97612792
-1.05971 3.80916110 3.97609900
-1.05370 3.81328858 3.97606941
-1.04770 3.81751545 3.97603913
-1.04169 3.82184267 3.97600814
-1.03569 3.82627135 3.97597644
-1.02969 3.83080271 3.97594401
-1.02368 3.83543812 3.97591083
-1.01768 3.84017902 3.97587689
-1.01167 3.84502698 3.97584216
-1.00567 3.84998368 3.97580664
-0.99967 3.85505090 3.97577030
-0.99366 3.86023053 3.97573312
-0.98766 3.86552454 3.97569509
-0.98165 3.87093502 3.97565619
-0.97565 3.87646417 3.97561640
-0.96965 3.88211427 3.97557569
-0.96364 3.88788775 3.97553405
-0.95764 3.89378709 3.97549145
-0.95163 3.89981493 3.97544787
-0.94563 3.90597400 3.97540328
-0.93963 3.91226716 3.97535766
-0.93362 3.91869739 3.97531098
-0.92762 3.92526777 3.97526323
-0.92161 3.93198156 3.97521436
-0.91561 3.93884212 3.97516434
-0.90961 3.94585296 3.97511316
-0.90360 3.95301774 3.97506078
-0.89760 3.96034028 3.97500715
-0.89159 3.96782455 3.97495226
-0.88559 3.97547471 3.97489607
-0.87959 3.98329507 3.97483853
-0.87358 3.99129015 3.97477961
-0.86758 3.99946466 3.97471926
-0.86157 4.00782352 3.97465746
-0.85557 4.01637186 3.97459414
-0.84957 4.02511504 3.97452927
-0.84356 4.03405867 3.97446280
-0.83756 4.04320862 3.97439468
-0.83155 4.05257102 3.97432485
-0.82555 4.06215229 3.97425326
-0.81955 4.07195917 3.97417985
-0.81354 4.08199870 3.97410456
-0.80754 4.09227828 3.97402733
-0.80153 4.10280566 3.97394809
-0.79553 4.11358899 3.97386677
-0.78953 4.12463683 3.97378329
-0.78352 4.13595817 3.97369758
-0.77752 4.14756249 3.97360955
-0.77151 4.15945976 3.97351912
-0.76551 4.17166047 3.97342620
-0.75951 4.18417570 3.97333069
-0.75350 4.19701716 3.97323249
-0.74750 4.21019718 3.97313148
-0.74149 4.22372884 3.97302756
-0.73549 4.23762596 3.97292060
-0.72949 4.25190317 3.97281048
-0.72348 4.26657601 3.97269706
-0.71748 4.28166095 3.97258019
-0.71147 4.29717552 3.97245971
-0.70547 4.31313834 3.97233547
-0.69947 4.32956925 3.97220728
-0.69346 4.34648942 3.97207496
-0.68746 4.36392144 3.97193831
-0.68145 4.38188945 3.97179710
-0.67545 4.40041931 3.97165112
-0.66945 4.41953872 3.97150010
-0.66344 4.43927743 3.97134378
-0.65744 4.45966744 3.97118188
-0.65143 4.48074317 3.97101408
-0.64543 4.50254178 3.97084004
-0.63943 4.52510342 3.97065940
-0.63342 4.54847154 3.97047176
-0.62742 4.57269326 3.97027670
-0.62141 4.59781980 3.97007374
-0.61541 4.62390693 3.96986237
-0.60941 4.65101552 3.96964202
-0.60340 4.67921215 3.96941209
-0.59740 4.70856981 3.96917190
-0.59139 4.73916879 3.96892069
-0.58539 4.77109754 3.96865765
-0.57939 4.80445389 3.96838185
-0.57338 4.83934627 3.96809228
-0.56738 4.87589533 3.96778780
-0.56137 4.91423574 3.96746713
-0.55537 4.95451835 3.96712885
-0.54937 4.99691282 3.96677132
-0.54336 5.04161075 3.96639273
-0.53736 5.08882947 3.96599097
-0.53135 5.13881669 3.96556365
-0.52535 5.19185620 3.96510803
-0.51935 5.24827494 3.96462091
-0.51334 5.30845182 3.96409858
-0.50734 5.37282891 3.96353669
-0.50133 5.44192566 3.96293010
-0.49533 5.51635725 3.96227268
-0.48933 5.59685858 3.96155708
-0.48332 5.68431603 3.96077437
-0.47732 5.77981016 3.95991360
-0.47131 5.88467412 3.95896115
-0.46531 6.00057499 3.95789989
-0.45931 6.12962982 3.95670786
-0.45330 6.27457475 3.95535648
-0.44730 6.43901931 3.95380766
-0.44129 6.62784097 3.95200945
-0.43529 6.84782213 3.94988876
-0.42929 7.10872782 3.94733908
-0.42328 7.42523680 3.94419801
-0.41728 7.82066122 3.94020328
-0.41127 8.33481556 3.93489758
-0.40527 9.04292926 3.92739299
-0.39927 10.11039514 3.91565597
-0.39326 12.00796377 3.89343399
-0.38726 17.16366443 3.81922306
-0.38125 18.03512106 2.29230338
-0.37525 3.73669732 1.99167754
-0.36925 3.06042382 1.98549597
-0.36324 2.88069214 1.98426314
-0.35724 2.80856467 1.98381016
-0.35123 2.77463117 1.98357756
-0.34523 2.75807131 1.98342770
-0.33923 2.75073230 1.98331451
-0.33322 2.74884499 1.98321934
-0.32722 2.75045613 1.98313352
-0.32121 2.75446560 1.98305264
-0.31521 2.76021348 1.98297424
-0.30921 2.76728408 1.98289687
-0.30320 2.77540544 1.98281963
-0.29720 2.78439429 1.98274192
-0.29119 2.79412439 1.98266332
-0.28519 2.80450749 1.98258353
-0.27919 2.81548143 1.98250232
-0.27318 2.82700247 1.98241950
-0.26718 2.83904025 1.98233492
-0.26117 2.85157434 1.98224842
-0.25517 2.86459189 1.98215988
-0.24917 2.87808594 1.98206919
-0.24316 2.89205426 1.98197623
-0.23716 2.90649851 1.98188087
-0.23115 2.92142361 1.98178301
-0.22515 2.93683730 1.98168252
-0.21915 2.95274982 1.98157928
-0.21314 2.96917373 1.98147317
-0.20714 2.98612370 1.98136405
-0.20113 3.00361647 1.98125178
-0.19513 3.02167079 1.98113622
-0.18913 3.04030740 1.98101720
-0.18312 3.05954908 1.98089458
-0.17712 3.07942069 1.98076817
-0.17111 3.09994928 1.98063779
-0.16511 3.12116417 1.98050325
-0.15911 3.14309712 1.98036433
-0.15310 3.16578247 1.98022080
-0.14710 3.18925734 1.98007244
-0.14109 3.21356186 1.97991898
-0.13509 3.23873945 1.97976014
-0.12909 3.26483704 1.97959563
-0.12308 3.29190550 1.97942512
-0.11708 3.31999994 1.97924826
-0.11107 3.34918020 1.97906469
-0.10507 3.37951131 1.97887399
-0.09907 3.41106406 1.97867572
-0.09306 3.44391565 1.97846940
-0.08706 3.47815044 1.97825451
-0.08105 3.51386076 1.97803046
-0.07505 3.55114792 1.97779663
-0.06905 3.59012330 1.97755233
-0.06304 3.63090971 1.97729679
-0.05704 3.67364287 1.97702918
-0.05103 3.71847318 1.97674856
-0.04503 3.76556786 1.97645389
-0.03903 3.81511337 1.97614403
-0.03302 3.86731834 1.97581768
-0.02702 3.92241705 1.97547339
-0.02101 3.98067364 1.97510954
-0.01501 4.04238711 1.97472425
-0.00901 4.10789743 1.97431545
-0.00300 4.17759306 1.97388072
0.00300 4.25192012 1.97341730
0.00901 4.33139388 1.97292201
0.01501 4.41661307 1.97239113
0.02101 4.50827806 1.97182033
0.02702 4.60721411 1.97120448
0.03302 4.71440138 1.97053751
0.03903 4.83101434 1.96981209
0.04503 4.95847411 1.96901938
0.05103 5.09851913 1.96814852
0.05704 5.25330211 1.96718601
0.06304 5.42552606 1.96611487
0.06905 5.61863879 1.96491332
0.07505 5.83711888 1.96355289
0.08105 6.08690799 1.96199556
0.08706 6.37608764 1.96018910
0.09306 6.71598206 1.95805938
0.09907 7.12304573 1.95549687
0.10507 7.62229322 1.95233115
0.11107 8.25402227 1.94827844
0.11708 9.08836316 1.94282032
0.12308 10.26134402 1.93487173
0.12909 12.08413134 1.92160756
0.13509 15.50632316 1.89189235
0.14109 26.27531355 1.69870361
0.14710 5.77630858 0.04541937
0.15310 0.92934247 0.00273408
0.15911 0.42030950 0.00073077
0.16511 0.25170557 0.00029835
0.17111 0.17241263 0.00015003
0.17712 0.12783501 0.00008555
0.18312 0.09987586 0.00005309
0.18913 0.08098767 0.00003502
0.19513 0.06752179 0.00002421
0.20113 0.05752132 0.00001735
0.20714 0.04985233 0.00001282
0.21314 0.04381712 0.00000970
0.21915 0.03896532 0.00000750
0.22515 0.03499458 0.00000590
0.23115 0.03169515 0.00000471
0.23716 0.02891744 0.00000382
0.24316 0.02655220 0.00000313
0.24917 0.02451795 0.00000259
0.25517 0.02275284 0.00000217
0.26117 0.02120914 0.00000183
0.26718 0.01984950 0.00000156
0.27318 0.01864432 0.00000133
0.27919 0.01756987 0.00000115
0.28519 0.01660691 0.00000100
0.29119 0.01573971 0.00000087
0.29720 0.01495530 0.00000077
0.30320 0.01424288 0.00000068
0.30921 0.01359342 0.00000060
0.31521 0.01299929 0.00000053
0.32121 0.01245401 0.00000048
0.32722 0.01195207 0.00000043
0.33322 0.01148871 0.00000039
0.33923 0.01105985 0.00000035
0.34523 0.01066195 0.00000032
0.35123 0.01029190 0.00000029
0.35724 0.00994703 0.00000026
0.36324 0.00962494 0.00000024
0.36925 0.00932356 0.00000022
0.37525 0.00904104 0.00000020
0.38125 0.00877574 0.00000019
0.38726 0.00852620 0.00000017
0.39326 0.00829113 0.00000016
0.39927 0.00806935 0.00000015
0.40527 0.00785983 0.00000014
0.41127 0.00766161 0.00000013
0.41728 0.00747386 0.00000012
0.42328 0.00729581 0.00000011
0.42929 0.00712675 0.00000011
0.43529 0.00696606 0.00000010
0.44129 0.00681317 0.00000009
0.44730 0.00666754 0.00000009
0.45330 0.00652870 0.00000008
0.45931 0.00639621 0.00000008
0.46531 0.00626967 0.00000007
0.47131 0.00614871 0.00000007
0.47732 0.00603299 0.00000007
0.48332 0.00592219 0.00000006
0.48933 0.00581603 0.00000006
0.49533 0.00571424 0.00000006
0.50133 0.00561658 0.00000006
0.50734 0.00552281 0.00000005
0.51334 0.00543272 0.00000005
0.51935 0.00534611 0.00000005
0.52535 0.00526281 0.00000005
0.53135 0.00518263 0.00000004
0.53736 0.00510543 0.00000004
0.54336 0.00503104 0.00000004
0.54937 0.00495934 0.00000004
0.55537 0.00489019 0.00000004
0.56137 0.00482348 0.00000004
0.56738 0.00475907 0.00000004
0.57338 0.00469688 0.00000003
0.57939 0.00463680 0.00000003
0.58539 0.00457873 0.00000003
0.59139 0.00452259 0.00000003
0.59740 0.00446829 0.00000003
0.60340 0.00441575 0.00000003
0.60941 0.00436490 0.00000003
0.61541 0.00431567 0.00000003
0.62141 0.00426799 0.00000003
0.62742 0.00422180 0.00000003
0.63342 0.00417705 0.00000003
0.63943 0.00413367 0.00000002
0.64543 0.00409161 0.00000002
0.65143 0.00405082 0.00000002
0.65744 0.00401125 0.00000002
0.66344 0.00397287 0.00000002
0.66945 0.00393562 0.00000002
0.67545 0.00389946 0.00000002
0.68145 0.00386437 0.00000002
0.68746 0.00383029 0.00000002
0.69346 0.00379719 0.00000002
0.69947 0.00376505 0.00000002
0.70547 0.00373383 0.00000002
0.71147 0.00370349 0.00000002
0.71748 0.00367402 0.00000002
0.72348 0.00364538 0.00000002
0.72949 0.00361754 0.00000002
0.73549 0.00359049 0.00000002
0.74149 0.00356419 0.00000002
0.74750 0.00353863 0.00000002
0.75350 0.00351379 0.00000002
0.75951 0.00348963 0.00000002
0.76551 0.00346615 0.00000002
0.77151 0.00344332 0.00000002
0.77752 0.00342112 0.00000002
0.78352 0.00339954 0.00000001
0.78953 0.00337856 0.00000001
0.79553 0.00335817 0.00000001
0.80153 0.00333834 0.00000001
0.80754 0.00331907 0.00000001
0.81354 0.00330034 0.00000001
0.81955 0.00328214 0.00000001
0.82555 0.00326445 0.00000001
0.83155 0.00324726 0.00000001
0.83756 0.00323056 0.00000001
0.84356 0.00321434 0.00000001
0.84957 0.00319859 0.00000001
0.85557 0.00318329 0.00000001
0.86157 0.00316843 0.00000001
0.86758 0.00315402 0.00000001
0.87358 0.00314003 0.00000001
0.87959 0.00312646 0.00000001
0.88559 0.00311329 0.00000001
0.89159 0.00310053 0.00000001
0.89760 0.00308817 0.00000001
0.90360 0.00307618 0.00000001
0.90961 0.00306458 0.00000001
0.91561 0.00305335 0.00000001
0.92161 0.00304248 0.00000001
0.92762 0.00303197 0.00000001
0.93362 0.00302181 0.00000001
0.93963 0.00301200 0.00000001
0.94563 0.00300253 0.00000001
0.95163 0.00299339 0.00000001
0.95764 0.00298458 0.00000001
0.96364 0.00297610 0.00000001
0.96965 0.00296794 0.00000001
0.97565 0.00296009 0.00000001
0.98165 0.00295255 0.00000001
0.98766 0.00294532 0.00000001
0.99366 0.00293839 0.00000001
0.99967 0.00293176 0.00000001
1.00567 0.00292542 0.00000001
1.01167 0.00291938 0.00000001
1.01768 0.00291362 0.00000001
1.02368 0.00290815 0.00000001
1.02969 0.00290296 0.00000001
1.03569 0.00289805 0.00000001
1.04169 0.00289341 0.00000001
1.04770 0.00288905 0.00000001
1.05370 0.00288496 0.00000001
1.05971 0.00288114 0.00000001
1.06571 0.00287758 0.00000001
1.07171 0.00287430 0.00000001
1.07772 0.00287127 0.00000001
1.08372 0.00286850 0.00000001
1.08973 0.00286600 0.00000001
1.09573 0.00286375 0.00000001
1.10173 0.00286176 0.00000001
1.10774 0.00286002 0.00000001
1.11374 0.00285854 0.00000001
1.11975 0.00285731 0.00000001
1.12575 0.00285633 0.00000001
1.13175 0.00285561 0.00000001
1.13776 0.00285514 0.00000001
1.14376 0.00285491 0.00000001
1.14977 0.00285494 0.00000001
1.15577 0.00285522 0.00000001
1.16177 0.00285574 0.00000001
1.16778 0.00285652 0.00000001
1.17378 0.00285754 0.00000001
1.17979 0.00285882 0.00000001
1.18579 0.00286034 0.00000001
1.19179 0.00286212 0.00000001
1.19780 0.00286414 0.00000001
1.20380 0.00286642 0.00000001
1.20981 0.00286895 0.00000001
1.21581 0.00287173 0.00000001
1.22181 0.00287476 0.00000001
1.22782 0.00287805 0.00000001
1.23382 0.00288159 0.00000001
1.23983 0.00288540 0.00000001
1.24583 0.00288946 0.00000001
1.25183 0.00289378 0.00000001
1.25784 0.00289836 0.00000001
1.26384 0.00290320 0.00000001
1.26985 0.00290831 0.00000001
1.27585 0.00291369 0.00000001
1.28185 0.00291933 0.00000001
1.28786 0.00292525 0.00000001
1.29386 0.00293144 0.00000001
1.29987 0.00293791 0.00000001
1.30587 0.00294466 0.00000001
1.31187 0.00295168 0.00000001
1.31788 0.00295900 0.00000001
1.32388 0.00296660 0.00000001
1.32989 0.00297449 0.00000001
1.33589 0.00298267 0.00000001
1.34189 0.00299116 0.00000001
1.34790 0.00299994 0.00000001
1.35390 0.00300903 0.00000001
1.35991 0.00301843 0.00000001
1.36591 0.00302815 0.00000001
1.37191 0.00303818 0.00000001
1.37792 0.00304853 0.00000001
1.38392 0.00305922 0.00000001
1.38993 0.00307023 0.00000001
1.39593 0.00308158 0.00000001
1.40193 0.00309328 0.00000001
1.40794 0.00310532 0.00000001
1.41394 0.00311771 0.00000001
1.41995 0.00313047 0.00000001
1.42595 0.00314359 0.00000001
1.43195 0.00315709 0.00000001
1.43796 0.00317097 0.00000001
1.44396 0.00318523 0.00000001
1.44997 0.00319988 0.00000001
1.45597 0.00321494 0.00000001
1.46197 0.00323041 0.00000001
1.46798 0.00324629 0.00000001
1.47398 0.00326260 0.00000001
1.47999 0.00327935 0.00000001
1.48599 0.00329654 0.00000001
1.49199 0.00331418 0.00000001
1.49800 0.00333228 0.00000001
1.50400 0.00335086 0.00000001
1.51001 0.00336992 0.00000001
1.51601 0.00338948 0.00000001
1.52201 0.00340954 0.00000001
1.52802 0.00343012 0.00000001
1.53402 0.00345124 0.00000001
1.54003 0.00347289 0.00000001
1.54603 0.00349510 0.00000001
1.55203 0.00351788 0.00000001
1.55804 0.00354125 0.00000001
1.56404 0.00356522 0.00000001
1.57005 0.00358980 0.00000001
1.57605 0.00361502 0.00000001
1.58205 0.00364088 0.00000001
1.58806 0.00366741 0.00000001
1.59406 0.00369462 0.00000001
1.60007 0.00372254 0.00000001
1.60607 0.00375118 0.00000001
1.61207 0.00378057 0.00000001
1.61808 0.00381072 0.00000002
1.62408 0.00384166 0.00000002
1.63009 0.00387341 0.00000002
1.63609 0.00390600 0.00000002
1.64209 0.00393945 0.00000002
1.64810 0.00397379 0.00000002
1.65410 0.00400904 0.00000002
1.66011 0.00404524 0.00000002
1.66611 0.00408242 0.00000002
1.67211 0.00412060 0.00000002
1.67812 0.00415983 0.00000002
1.68412 0.00420013 0.00000002
1.69013 0.00424155 0.00000002
1.69613 0.00428411 0.00000002
1.70213 0.00432787 0.00000002
1.70814 0.00437286 0.00000002
1.71414 0.00441913 0.00000002
1.72015 0.00446672 0.00000002
1.72615 0.00451569 0.00000002
1.73215 0.00456607 0.00000002
1.73816 0.00461794 0.00000002
1.74416 0.00467134 0.00000002
1.75017 0.00472633 0.00000002
1.75617 0.00478298 0.00000002
1.76217 0.00484135 0.00000003
1.76818 0.00490152 0.00000003
1.77418 0.00496354 0.00000003
1.78019 0.00502752 0.00000003
1.78619 0.00509351 0.00000003
1.79219 0.00516162 0.00000003
1.79820 0.00523193 0.00000003
1.80420 0.00530454 0.00000003
1.81021 0.00537955 0.00000003
1.81621 0.00545708 0.00000003
1.82221 0.00553723 0.00000003
1.82822 0.00562013 0.00000004
1.83422 0.00570591 0.00000004
1.84023 0.00579472 0.00000004
1.84623 0.00588669 0.00000004
1.85223 0.00598198 0.00000004
1.85824 0.00608077 0.00000004
1.86424 0.00618323 0.00000004
1.87025 0.00628955 0.00000005
1.87625 0.00639995 0.00000005
1.88225 0.00651463 0.00000005
1.88826 0.00663383 0.00000005
1.89426 0.00675782 0.00000005
1.90027 0.00688685 0.00000006
1.90627 0.00702122 0.00000006
1.91227 0.00716125 0.00000006
1.91828 0.00730728 0.00000007
1.92428 0.00745966 0.00000007
1.93029 0.00761881 0.00000007
1.93629 0.00778514 0.00000008
1.94229 0.00795913 0.00000008
1.94830 0.00814128 0.00000009
1.95430 0.00833215 0.00000009
1.96031 0.00853233 0.00000010
1.96631 0.00874247 0.00000010
1.97231 0.00896330 0.00000011
1.97832 0.00919561 0.00000012
1.98432 0.00944024 0.00000012
1.99033 0.00969817 0.00000013
1.99633 0.00997042 0.00000014
2.00233 0.01025816 0.00000015
2.00834 0.01056267 0.00000016
2.01434 0.01088537 0.00000018
2.02035 0.01122785 0.00000019
2.02635 0.01159187 0.00000021
2.03235 0.01197940 0.00000023
2.03836 0.01239268 0.00000025
2.04436 0.01283419 0.00000027
2.05037 0.01330677 0.00000029
2.05637 0.01381361 0.00000032
2.06237 0.01435836 0.00000036
2.06838 0.01494518 0.00000039
2.07438 0.01557884 0.00000044
2.08039 0.01626484 0.00000049
2.08639 0.01700955 0.00000054
2.09239 0.01782037 0.00000061
2.09840 0.01870595 0.00000069
2.10440 0.01967649 0.00000078
2.11041 0.02074404 0.00000089
2.11641 0.02192297 0.00000101
2.12241 0.02323052 0.00000117
2.12842 0.02468755 0.00000135
2.13442 0.02631950 0.00000158
2.14043 0.02815773 0.00000185
2.14643 0.03024122 0.00000219
2.15243 0.03261907 0.00000261
2.15844 0.03535384 0.00000315
2.16444 0.03852641 0.00000384
2.17045 0.04224302 0.00000473
2.17645 0.04664574 0.00000591
2.18245 0.05192849 0.00000750
2.18846 0.05836237 0.00000968
2.19446 0.06633694 0.00001277
2.20047 0.07643071 0.00001725
2.20647 0.08953721 0.00002402
2.21247 0.10710491 0.00003470
2.21848 0.13162873 0.00005256
2.22448 0.16775819 0.00008474
2.23049 0.22513363 0.00014913
2.23649 0.32706573 0.00029959
2.24249 0.54555458 0.00075486
2.24850 1.23758883 0.00311436
2.25450 11.53199800 0.11384045
2.26051 25.56671558 1.62539244
2.26651 18.37556157 1.81259987
2.27252 15.03214927 1.86641313
2.27852 13.03120061 1.89274079
2.28452 11.66711213 1.90867426
2.29053 10.66233959 1.91949610
2.29653 9.88334531 1.92739760
2.30254 9.25702201 1.93345979
2.30854 8.73958167 1.93828128
2.31454 8.30299964 1.94222214
2.32055 7.92840202 1.94551290
2.32655 7.60255311 1.94830851
2.33256 7.31586068 1.95071729
2.33856 7.06118070 1.95281743
2.34456 6.83306864 1.95466691
2.35057 6.62729275 1.95630970
2.35657 6.44050747 1.95777984
2.36258 6.27002826 1.95910408
2.36858 6.11367262 1.96030380
2.37458 5.96964544 1.96139632
2.38059 5.83645485 1.96239579
2.38659 5.71284934 1.96331393
2.39260 5.59777013 1.96416053
2.39860 5.49031463 1.96494385
2.40460 5.38970797 1.96567088
2.41061 5.29528067 1.96634761
2.41661 5.20645090 1.96697919
2.42262 5.12271025 1.96757009
2.42862 5.04361226 1.96812418
2.43462 4.96876301 1.96864488
2.44063 4.89781351 1.96913516
2.44663 4.83045328 1.96959767
2.45264 4.76640513 1.97003476
2.45864 4.70542071 1.97044850
2.46464 4.64727681 1.97084076
2.47065 4.59177223 1.97121321
2.47665 4.53872515 1.97156735
2.48266 4.48797080 1.97190454
2.48866 4.43935958 1.97222601
2.49466 4.39275539 1.97253286
2.50067 4.34803419 1.97282612
2.50667 4.30508282 1.97310671
2.51268 4.26379791 1.97337546
2.51868 4.22408499 1.97363317
2.52468 4.18585779 1.97388053
2.53069 4.14903755 1.97411820
2.53669 4.11355252 1.97434680
2.54270 4.07933760 1.97456688
2.54870 4.04633406 1.97477896
2.55470 4.01448935 1.97498353
2.56071 3.98375719 1.97518105
2.56671 3.95409773 1.97537196
2.57272 3.92547798 1.97555665
2.57872 3.89787263 1.97573555
2.58472 3.87126521 1.97590902
2.59073 3.84565002 1.97607748
2.59673 3.82103501 1.97624132
2.60274 3.79744619 1.97640099
2.60874 3.77493453 1.97655700
2.61474 3.75358703 1.97670999
2.62075 3.73354482 1.97686077
2.62675 3.71503426 1.97701056
2.63276 3.69842261 1.97716121
2.63876 3.68432387 1.97731590
2.64476 3.67381481 1.97748053
2.65077 3.66891834 1.97766718
2.65677 3.67382393 1.97790405
2.66278 3.69853004 1.97826905
2.66878 3.77282809 1.97904190
2.67478 4.02970742 1.98183595
2.68079 6.33676217 2.02386470
2.68679 19.58945317 3.69523489
2.69280 12.26925283 3.90776159
2.69880 10.21258167 3.93025209
2.70480 9.14060338 3.93941353
2.71081 8.45363468 3.94470671
2.71681 7.96386631 3.94828299
2.72282 7.59097739 3.95092099
2.72882 7.29409502 3.95297899
2.73482 7.04993447 3.95464811
2.74083 6.84412871 3.95604101
2.74683 6.66726826 3.95722909
2.75284 6.51289811 3.95826014
2.75884 6.37642254 3.95916754
2.76484 6.25446848 3.95997545
2.77085 6.14449653 3.96070183
2.77685 6.04455322 3.96136037
2.78286 5.95310776 3.96196169
2.78886 5.86894110 3.96251423
2.79486 5.79106865 3.96302473
2.80087 5.71868520 3.96349871
2.80687 5.65112487 3.96394068
2.81288 5.58783150 3.96435442
2.81888 5.52833634 3.96474310
2.82488 5.47224110 3.96510939
2.83089 5.41920484 3.96545559
2.83689 5.36893371 3.96578366
2.84290 5.32117287 3.96609531
2.84890 5.27570003 3.96639203
2.85490 5.23232029 3.96667510
2.86091 5.19086186 3.96694567
2.86691 5.15117269 3.96720476
2.87292 5.11311761 3.96745324
2.87892 5.07657594 3.96769193
2.88492 5.04143958 3.96792154
2.89093 5.00761134 3.96814269
2.89693 4.97500355 3.96835599
2.90294 4.94353689 3.96856193
2.90894 4.91313939 3.96876100
2.91494 4.88374554 3.96895362
2.92095 4.85529559 3.96914018
2.92695 4.82773491 3.96932104
2.93296 4.80101338 3.96949653
2.93896 4.77508500 3.96966695
2.94496 4.74990740 3.96983256
2.95097 4.72544148 3.96999363
2.95697 4.70165114 3.97015038
2.96298 4.67850291 3.97030303
2.96898 4.65596579 3.97045179
2.97498 4.63401095 3.97059684
2.98099 4.61261158 3.97073834
2.98699 4.59174270 3.97087647
2.99300 4.57138099 3.97101136
2.99900 4.55150467 3.97114316
3.00500 4.53209338 3.97127200
3.01101 4.51312801 3.97139800
3.01701 4.49459068 3.97152128
3.02302 4.47646460 3.97164193
3.02902 4.45873398 3.97176007
3.03502 4.44138400 3.97187577
3.04103 4.42440070 3.97198915
3.04703 4.40777094 3.97210027
3.05304 4.39148234 3.97220921
3.05904 4.37552324 3.97231605
3.06504 4.35988264 3.97242087
3.07105 4.34455020 3.97252372
3.07705 4.32951616 3.97262466
3.08306 4.31477131 3.97272377
3.08906 4.30030704 3.97282109
3.09506 4.28611520 3.97291668
3.10107 4.27218821 3.97301059
3.10707 4.25851894 3.97310287
3.11308 4.24510078 3.97319356
3.11908 4.23192761 3.97328272
3.12508 4.21899379 3.97337037
3.13109 4.20629423 3.97345657
3.13709 4.19382436 3.97354135
3.14310 4.18158017 3.97362476
3.14910 4.16955831 3.97370683
3.15510 4.15775613 3.97378759
3.16111 4.14617175 3.97386708
3.16711 4.13480426 3.97394535
3.17312 4.12365382 3.97402242
3.17912 4.11272196 3.97409833
3.18512 4.10201189 3.97417314
3.19113 4.09152893 3.97424687
3.19713 4.08128115 3.97431959
3.20314 4.07128025 3.97439134
3.20914 4.06154285 3.97446220
3.21514 4.05209236 3.97453227
3.22115 4.04296178 3.97460165
3.22715 4.03419808 3.97467052
3.23316 4.02586910 3.97473911
3.23916 4.01807503 3.97480780
3.24516 4.01096810 3.97487715
3.25117 4.00478826 3.97494817
3.25717 3.99993181 3.97502261
3.26318 3.99709365 3.97510387
3.26918 3.99759186 3.97519919
3.27518 4.00420699 3.97532590
3.28119 4.02376931 3.97553358
3.28719 4.07755681 3.97600859
3.29320 4.26813671 3.97791092
3.29920 6.31984327 4.01317269
3.30520 11.74419852 4.83217037
3.31121 8.23193675 4.92212007
3.31721 7.24386083 4.93822986
3.32322 6.72114648 4.94572623
3.32922 6.38314309 4.95024414
3.33522 6.14066941 4.95333108
3.34123 5.95519063 4.95560533
3.34723 5.80695131 4.95736781
3.35324 5.68463394 4.95878442
3.35924 5.58122502 4.95995490
3.36524 5.49211520 4.96094315
3.37125 5.41413354 4.96179221
3.37725 5.34501726 4.96253221
3.38326 5.28310241 4.96318494
3.38926 5.22713436 4.96376659
3.39526 5.17614668 4.96428946
3.40127 5.12938128 4.96476308
3.40727 5.08623390 4.96519494
3.41328 5.04621618 4.96559105
3.41928 5.00892849 4.96595628
3.42528 4.97404022 4.96629460
3.43129 4.94127513 4.96660931
3.43729 4.91040036 4.96690316
3.44330 4.88121802 4.96717849
3.44930 4.85355870 4.96743727
3.45530 4.82727639 4.96768118
3.46131 4.80224446 4.96791168
3.46731 4.77835247 4.96813002
3.47332 4.75550359 4.96833732
3.47932 4.73361250 4.96853452
3.48532 4.71260368 4.96872247
3.49133 4.69241000 4.96890192
3.49733 4.67297157 4.96907353
3.50334 4.65423471 4.96923790
3.50934 4.63615119 4.96939555
3.51534 4.61867751 4.96954695
3.52135 4.60177431 4.96969254
3.52735 4.58540589 4.96983269
3.53336 4.56953976 4.96996776
3.53936 4.55414629 4.97009806
3.54536 4.53919836 4.97022389
3.55137 4.52467113 4.97034550
3.55737 4.51054179 4.97046314
3.56338 4.49678931 4.97057703
3.56938 4.48339430 4.97068737
3.57538 4.47033885 4.97079435
3.58139 4.45760634 4.97089814
3.58739 4.44518140 4.97099890
3.59340 4.43304969 4.97109679
3.59940 4.42119791 4.97119193
3.60540 4.40961363 4.97128446
3.61141 4.39828525 4.97137449
3.61741 4.38720194 4.97146214
3.62342 4.37635353 4.97154751
3.62942 4.36573051 4.97163070
3.63542 4.35532395 4.97171179
3.64143 4.34512544 4.97179088
3.64743 4.33512708 4.97186804
3.65344 4.32532142 4.97194334
3.65944 4.31570144 4.97201687
3.66544 4.30626051 4.97208868
3.67145 4.29699235 4.97215885
3.67745 4.28789105 4.97222742
3.68346 4.27895099 4.97229445
3.68946 4.27016684 4.97236001
3.69546 4.26153356 4.97242413
3.70147 4.25304635 4.97248687
3.70747 4.24470066 4.97254827
3.71348 4.23649216 4.97260838
3.71948 4.22841672 4.97266724
3.72548 4.22047041 4.97272488
3.73149 4.21264950 4.97278134
3.73749 4.20495041 4.97283667
3.74350 4.19736972 4.97289088
3.74950 4.18990419 4.97294402
3.75550 4.18255070 4.97299612
3.76151 4.17530627 4.97304720
3.76751 4.16816805 4.97309730
3.77352 4.16113331 4.97314643
3.77952 4.15419943 4.97319463
3.78552 4.14736391 4.97324192
3.79153 4.14062433 4.97328833
3.79753 4.13397839 4.97333387
3.80354 4.12742385 4.97337856
3.80954 4.12095859 4.97342244
3.81554 4.11458054 4.97346551
3.82155 4.10828774 4.97350780
3.82755 4.10207827 4.97354932
3.83356 4.09595031 4.97359010
3.83956 4.08990207 4.97363014
3.84556 4.08393185 4.97366946
3.85157 4.07803799 4.97370808
3.85757 4.07221891 4.97374602
3.86358 4.06647306 4.97378327
3.86958 4.06079894 4.97381987
3.87558 4.05519511 4.97385581
3.88159 4.04966016 4.97389111
3.88759 4.04419273 4.97392578
3.89360 4.03879150 4.97395983
3.89960 4.03345517 4.97399326
3.90560 4.02818251 4.97402609
3.91161 4.02297228 4.97405832
3.91761 4.01782330 4.97408995
3.92362 4.01273439 4.97412100
3.92962 4.00770442 4.97415146
3.93562 4.00273227 4.97418134
3.94163 3.99781685 4.97421063
3.94763 3.99295706 4.97423935
3.95364 3.98815186 4.97426747
3.95964 3.98340019 4.97429501
3.96564 3.97870101 4.97432196
3.97165 3.97405330 4.97434830
3.97765 3.96945603 4.97437403
3.98366 3.96490819 4.97439913
3.98966 3.96040877 4.97442358
3.99566 3.95595677 4.97444737
4.00167 3.95155117 4.97447046
4.00767 3.94719098 4.97449283
4.01368 3.94287521 4.97451443
4.01968 3.93860288 4.97453521
4.02568 3.93437302 4.97455512
4.03169 3.93018471 4.97457407
4.03769 3.92603707 4.97459198
4.04370 3.92192932 4.97460874
4.04970 3.91786080 4.97462419
4.05570 3.91383110 4.97463818
4.06171 3.90984012 4.97465046
4.06771 3.90588830 4.97466075
4.07372 3.90197692 4.97466867
4.07972 3.89810856 4.97467371
4.08572 3.89428787 4.97467517
4.09173 3.89052290 4.97467211
4.09773 3.88682727 4.97466317
4.10374 3.88322408 4.97464635
4.10974 3.87975306 4.97461858
4.11574 3.87648418 4.97457497
4.12175 3.87354544 4.97450717
4.12775 3.87118307 4.97439985
4.13376 3.86990461 4.97422180
4.13976 3.87086062 4.97389997
4.14576 3.87704155 4.97322399
4.15177 3.89806073 4.97134964
4.15777 3.97939311 4.96185413
4.16378 4.61657455 4.58591728
4.16978 2.17067782 3.07712819
4.17578 4.50422036 4.06573574
4.18179 4.16312903 4.96009016
4.18779 3.98880575 4.97266181
4.19380 3.92950470 4.97449536
4.19980 3.90014575 4.97503112
4.20580 3.88239126 4.97524848
4.21181 3.87019637 4.97535652
4.21781 3.86104990 4.97541881
4.22382 3.85374112 4.97545931
4.22982 3.84762169 4.97548845
4.23582 3.84231613 4.97551127
4.24183 3.83759331 4.97553039
4.24783 3.83330384 4.97554727
4.25384 3.82934720 4.97556273
4.25984 3.82565345 4.97557729
4.26584 3.82217255 4.97559124
4.27185 3.81886776 4.97560479
4.27785 3.81571156 4.97561806
4.28386 3.81268294 4.97563112
4.28986 3.80976557 4.97564403
4.29586 3.80694660 4.97565682
4.30187 3.80421574 4.97566951
4.30787 3.80156469 4.97568211
4.31388 3.79898665 4.97569464
4.31988 3.79647601 4.97570709
4.32588 3.79402809 4.97571946
4.33189 3.79163895 4.97573176
4.33789 3.78930524 4.97574398
4.34390 3.78702412 4.97575613
4.34990 3.78479312 4.97576819
4.35590 3.78261012 4.97578017
4.36191 3.78047325 4.97579206
4.36791 3.77838089 4.97580387
4.37392 3.77633161 4.97581558
4.37992 3.77432412 4.97582719
4.38592 3.77235728 4.97583871
4.39193 3.77043009 4.97585013
4.39793 3.76854162 4.97586145
4.40394 3.76669105 4.97587266
4.40994 3.76487762 4.97588377
4.41594 3.76310065 4.97589477
4.42195 3.76135951 4.97590566
4.42795 3.75965363 4.97591644
4.43396 3.75798247 4.97592710
4.43996 3.75634554 4.97593765
4.44596 3.75474240 4.97594808
4.45197 3.75317261 4.97595840
4.45797 3.75163579 4.97596859
4.46398 3.75013157 4.97597867
4.46998 3.74865959 4.97598862
4.47598 3.74721955 4.97599845
4.48199 3.74581112 4.97600815
4.48799 3.74443403 4.97601773
4.49400 3.74308800 4.97602718
4.50000 3.74177278 4.97603651
