-0.50000 5.09413010 1.96753638
-0.49900 5.09387619 1.96754608
-0.49800 5.09362942 1.96755572
-0.49700 5.09338970 1.96756531
-0.49600 5.09315697 1.96757485
-0.49499 5.09293115 1.96758434
-0.49399 5.09271215 1.96759378
-0.49299 5.09249990 1.96760317
-0.49199 5.09229434 1.96761252
-0.49099 5.09209540 1.96762182
-0.48999 5.09190299 1.96763108
-0.48899 5.09171707 1.96764030
-0.48799 5.09153757 1.96764947
-0.48699 5.09136441 1.96765861
-0.48599 5.09119755 1.96766771
-0.48498 5.09103691 1.96767677
-0.48398 5.09088245 1.96768580
-0.48298 5.09073410 1.96769479
-0.48198 5.09059181 1.96770374
-0.48098 5.09045552 1.96771267
-0.47998 5.09032519 1.96772156
-0.47898 5.09020075 1.96773042
-0.47798 5.09008216 1.96773925
-0.47698 5.08996938 1.96774805
-0.47598 5.08986234 1.96775682
-0.47497 5.08976102 1.96776557
-0.47397 5.08966535 1.96777428
-0.47297 5.08957530 1.96778297
-0.47197 5.08949082 1.96779164
-0.47097 5.08941188 1.96780028
-0.46997 5.08933842 1.96780889
-0.46897 5.08927042 1.96781748
-0.46797 5.08920783 1.96782605
-0.46697 5.08915061 1.96783459
-0.46597 5.08909874 1.96784311
-0.46496 5.08905216 1.96785161
-0.46396 5.08901086 1.96786009
-0.46296 5.08897479 1.96786854
-0.46196 5.08894392 1.96787697
-0.46096 5.08891822 1.96788539
-0.45996 5.08889766 1.96789378
-0.45896 5.08888221 1.96790215
-0.45796 5.08887185 1.96791050
-0.45696 5.08886653 1.96791883
-0.45596 5.08886625 1.96792714
-0.45495 5.08887096 1.96793543
-0.45395 5.08888065 1.96794370
-0.45295 5.08889528 1.96795195
-0.45195 5.08891485 1.96796018
-0.45095 5.08893932 1.96796839
-0.44995 5.08896866 1.96797658
-0.44895 5.08900287 1.96798475
-0.44795 5.08904192 1.96799290
-0.44695 5.08908579 1.96800102
-0.44595 5.08913446 1.96800913
-0.44494 5.08918791 1.96801722
-0.44394 5.08924612 1.96802528
-0.44294 5.08930909 1.96803332
-0.44194 5.08937678 1.96804134
-0.44094 5.08944920 1.96804934
-0.43994 5.08952631 1.96805732
-0.43894 5.08960812 1.96806527
-0.43794 5.08969460 1.96807320
-0.43694 5.08978574 1.96808110
-0.43594 5.08988154 1.96808898
-0.43493 5.08998197 1.96809684
-0.43393 5.09008704 1.96810466
-0.43293 5.09019673 1.96811246
-0.43193 5.09031103 1.96812024
-0.43093 5.09042993 1.96812798
-0.42993 5.09055343 1.96813570
-0.42893 5.09068152 1.96814338
-0.42793 5.09081420 1.96815104
-0.42693 5.09095145 1.96815866
-0.42593 5.09109327 1.96816625
-0.42492 5.09123967 1.96817381
-0.42392 5.09139063 1.96818133
-0.42292 5.09154615 1.96818882
-0.42192 5.09170623 1.96819627
-0.42092 5.09187088 1.96820368
-0.41992 5.09204008 1.96821106
-0.41892 5.09221384 1.96821839
-0.41792 5.09239216 1.96822568
-0.41692 5.09257505 1.96823293
-0.41592 5.09276249 1.96824014
-0.41491 5.09295450 1.96824730
-0.41391 5.09315109 1.96825442
-0.41291 5.09335224 1.96826148
-0.41191 5.09355797 1.96826850
-0.41091 5.09376829 1.96827547
-0.40991 5.09398320 1.96828238
-0.40891 5.09420270 1.96828924
-0.40791 5.09442682 1.96829604
-0.40691 5.09465554 1.96830279
-0.40591 5.09488889 1.96830948
-0.40490 5.09512687 1.96831610
-0.40390 5.09536949 1.96832267
-0.40290 5.09561677 1.96832916
-0.40190 5.09586871 1.96833560
-0.40090 5.09612534 1.96834196
-0.39990 5.09638666 1.96834825
-0.39890 5.09665269 1.96835447
-0.39790 5.09692344 1.96836061
-0.39690 5.09719894 1.96836668
-0.39590 5.09747919 1.96837267
-0.39489 5.09776422 1.96837858
-0.39389 5.09805404 1.96838440
-0.39289 5.09834867 1.96839014
-0.39189 5.09864814 1.96839579
-0.39089 5.09895247 1.96840134
-0.38989 5.09926167 1.96840681
-0.38889 5.09957577 1.96841218
-0.38789 5.09989480 1.96841745
-0.38689 5.10021878 1.96842261
-0.38589 5.10054774 1.96842768
-0.38488 5.10088169 1.96843263
-0.38388 5.10122068 1.96843748
-0.38288 5.10156473 1.96844221
-0.38188 5.10191388 1.96844683
-0.38088 5.10226814 1.96845133
-0.37988 5.10262755 1.96845571
-0.37888 5.10299216 1.96845996
-0.37788 5.10336198 1.96846409
-0.37688 5.10373706 1.96846808
-0.37588 5.10411743 1.96847194
-0.37487 5.10450314 1.96847566
-0.37387 5.10489421 1.96847923
-0.37287 5.10529070 1.96848267
-0.37187 5.10569264 1.96848595
-0.37087 5.10610007 1.96848908
-0.36987 5.10651304 1.96849206
-0.36887 5.10693159 1.96849487
-0.36787 5.10735578 1.96849752
-0.36687 5.10778564 1.96850000
-0.36587 5.10822124 1.96850231
-0.36486 5.10866261 1.96850445
-0.36386 5.10910981 1.96850640
-0.36286 5.10956290 1.96850817
-0.36186 5.11002194 1.96850975
-0.36086 5.11048697 1.96851114
-0.35986 5.11095805 1.96851232
-0.35886 5.11143526 1.96851331
-0.35786 5.11191865 1.96851409
-0.35686 5.11240828 1.96851465
-0.35586 5.11290422 1.96851500
-0.35485 5.11340653 1.96851513
-0.35385 5.11391530 1.96851503
-0.35285 5.11443058 1.96851470
-0.35185 5.11495245 1.96851413
-0.35085 5.11548098 1.96851332
-0.34985 5.11601626 1.96851226
-0.34885 5.11655836 1.96851095
-0.34785 5.11710737 1.96850938
-0.34685 5.11766336 1.96850754
-0.34585 5.11822642 1.96850544
-0.34484 5.11879665 1.96850305
-0.34384 5.11937413 1.96850039
-0.34284 5.11995895 1.96849743
-0.34184 5.12055122 1.96849419
-0.34084 5.12115102 1.96849064
-0.33984 5.12175846 1.96848678
-0.33884 5.12237365 1.96848261
-0.33784 5.12299668 1.96847812
-0.33684 5.12362767 1.96847330
-0.33584 5.12426674 1.96846814
-0.33483 5.12491399 1.96846265
-0.33383 5.12556954 1.96845680
-0.33283 5.12623351 1.96845060
-0.33183 5.12690604 1.96844404
-0.33083 5.12758724 1.96843710
-0.32983 5.12827725 1.96842979
-0.32883 5.12897620 1.96842209
-0.32783 5.12968424 1.96841399
-0.32683 5.13040149 1.96840549
-0.32583 5.13112812 1.96839658
-0.32482 5.13186426 1.96838725
-0.32382 5.13261008 1.96837750
-0.32282 5.13336573 1.96836730
-0.32182 5.13413137 1.96835667
-0.32082 5.13490717 1.96834557
-0.31982 5.13569331 1.96833401
-0.31882 5.13648995 1.96832198
-0.31782 5.13729727 1.96830947
-0.31682 5.13811548 1.96829646
-0.31582 5.13894474 1.96828295
-0.31481 5.13978526 1.96826893
-0.31381 5.14063725 1.96825439
-0.31281 5.14150090 1.96823931
-0.31181 5.14237644 1.96822368
-0.31081 5.14326407 1.96820751
-0.30981 5.14416402 1.96819076
-0.30881 5.14507653 1.96817344
-0.30781 5.14600183 1.96815553
-0.30681 5.14694016 1.96813702
-0.30581 5.14789178 1.96811790
-0.30480 5.14885694 1.96809815
-0.30380 5.14983591 1.96807776
-0.30280 5.15082896 1.96805672
-0.30180 5.15183637 1.96803503
-0.30080 5.15285842 1.96801265
-0.29980 5.15389542 1.96798959
-0.29880 5.15494767 1.96796582
-0.29780 5.15601548 1.96794133
-0.29680 5.15709918 1.96791612
-0.29580 5.15819909 1.96789016
-0.29479 5.15931556 1.96786343
-0.29379 5.16044893 1.96783593
-0.29279 5.16159958 1.96780765
-0.29179 5.16276788 1.96777855
-0.29079 5.16395420 1.96774863
-0.28979 5.16515894 1.96771787
-0.28879 5.16638251 1.96768626
-0.28779 5.16762533 1.96765377
-0.28679 5.16888782 1.96762040
-0.28579 5.17017044 1.96758611
-0.28478 5.17147364 1.96755090
-0.28378 5.17279789 1.96751474
-0.28278 5.17414368 1.96747762
-0.28178 5.17551151 1.96743952
-0.28078 5.17690190 1.96740042
-0.27978 5.17831537 1.96736029
-0.27878 5.17975249 1.96731912
-0.27778 5.18121380 1.96727689
-0.27678 5.18269991 1.96723357
-0.27578 5.18421141 1.96718914
-0.27477 5.18574892 1.96714358
-0.27377 5.18731309 1.96709687
-0.27277 5.18890457 1.96704898
-0.27177 5.19052406 1.96699990
-0.27077 5.19217226 1.96694959
-0.26977 5.19384990 1.96689803
-0.26877 5.19555773 1.96684519
-0.26777 5.19729653 1.96679105
-0.26677 5.19906711 1.96673559
-0.26577 5.20087030 1.96667877
-0.26476 5.20270695 1.96662056
-0.26376 5.20457796 1.96656095
-0.26276 5.20648424 1.96649989
-0.26176 5.20842676 1.96643736
-0.26076 5.21040648 1.96637332
-0.25976 5.21242443 1.96630776
-0.25876 5.21448167 1.96624063
-0.25776 5.21657927 1.96617189
-0.25676 5.21871839 1.96610153
-0.25576 5.22090017 1.96602949
-0.25475 5.22312585 1.96595576
-0.25375 5.22539666 1.96588028
-0.25275 5.22771393 1.96580302
-0.25175 5.23007899 1.96572395
-0.25075 5.23249325 1.96564303
-0.24975 5.23495816 1.96556021
-0.24875 5.23747523 1.96547545
-0.24775 5.24004603 1.96538871
-0.24675 5.24267218 1.96529995
-0.24575 5.24535536 1.96520912
-0.24474 5.24809734 1.96511618
-0.24374 5.25089993 1.96502108
-0.24274 5.25376503 1.96492377
-0.24174 5.25669461 1.96482420
-0.24074 5.25969072 1.96472232
-0.23974 5.26275549 1.96461808
-0.23874 5.26589114 1.96451143
-0.23774 5.26909998 1.96440230
-0.23674 5.27238441 1.96429064
-0.23574 5.27574696 1.96417640
-0.23473 5.27919022 1.96405951
-0.23373 5.28271693 1.96393991
-0.23273 5.28632993 1.96381754
-0.23173 5.29003218 1.96369233
-0.23073 5.29382679 1.96356421
-0.22973 5.29771699 1.96343312
-0.22873 5.30170617 1.96329898
-0.22773 5.30579784 1.96316172
-0.22673 5.30999572 1.96302126
-0.22573 5.31430365 1.96287753
-0.22472 5.31872570 1.96273044
-0.22372 5.32326609 1.96257991
-0.22272 5.32792926 1.96242585
-0.22172 5.33271987 1.96226818
-0.22072 5.33764279 1.96210681
-0.21972 5.34270314 1.96194163
-0.21872 5.34790629 1.96177256
-0.21772 5.35325788 1.96159949
-0.21672 5.35876384 1.96142232
-0.21572 5.36443041 1.96124093
-0.21471 5.37026414 1.96105523
-0.21371 5.37627193 1.96086509
-0.21271 5.38246105 1.96067040
-0.21171 5.38883917 1.96047103
-0.21071 5.39541437 1.96026685
-0.20971 5.40219517 1.96005774
-0.20871 5.40919057 1.95984355
-0.20771 5.41641009 1.95962416
-0.20671 5.42386378 1.95939940
-0.20571 5.43156229 1.95916913
-0.20470 5.43951689 1.95893319
-0.20370 5.44773952 1.95869142
-0.20270 5.45624284 1.95844364
-0.20170 5.46504030 1.95818969
-0.20070 5.47414617 1.95792937
-0.19970 5.48357563 1.95766250
-0.19870 5.49334483 1.95738888
-0.19770 5.50347095 1.95710831
-0.19670 5.51397234 1.95682056
-0.19570 5.52486855 1.95652543
-0.19469 5.53618045 1.95622266
-0.19369 5.54793036 1.95591203
-0.19269 5.56014218 1.95559328
-0.19169 5.57284148 1.95526614
-0.19069 5.58605569 1.95493033
-0.18969 5.59981426 1.95458558
-0.18869 5.61414883 1.95423157
-0.18769 5.62909345 1.95386799
-0.18669 5.64468480 1.95349450
-0.18569 5.66096244 1.95311077
-0.18468 5.67796910 1.95271641
-0.18368 5.69575099 1.95231105
-0.18268 5.71435814 1.95189429
-0.18168 5.73384483 1.95146569
-0.18068 5.75426999 1.95102480
-0.17968 5.77569773 1.95057114
-0.17868 5.79819791 1.95010422
-0.17768 5.82184675 1.94962349
-0.17668 5.84672756 1.94912839
-0.17568 5.87293160 1.94861831
-0.17467 5.90055895 1.94809260
-0.17367 5.92971963 1.94755058
-0.17267 5.96053480 1.94699150
-0.17167 5.99313818 1.94641456
-0.17067 6.02767763 1.94581892
-0.16967 6.06431704 1.94520364
-0.16867 6.10323850 1.94456771
-0.16767 6.14464474 1.94391004
-0.16667 6.18876212 1.94322944
-0.16567 6.23584401 1.94252458
-0.16466 6.28617477 1.94179402
-0.16366 6.34007447 1.94103615
-0.16266 6.39790447 1.94024918
-0.16166 6.46007401 1.93943110
-0.16066 6.52704805 1.93857967
-0.15966 6.59935673 1.93769230
-0.15866 6.67760666 1.93676608
-0.15766 6.76249457 1.93579765
-0.15666 6.85482396 1.93478312
-0.15566 6.95552530 1.93371795
-0.15465 7.06568091 1.93259681
-0.15365 7.18655566 1.93141336
-0.15265 7.31963503 1.93016007
-0.15165 7.46667274 1.92882781
-0.15065 7.62975065 1.92740551
-0.14965 7.81135469 1.92587957
-0.14865 8.01447169 1.92423314
-0.14765 8.24271404 1.92244513
-0.14665 8.50048125 1.92048888
-0.14565 8.79317127 1.91833037
-0.14464 9.12745925 1.91592569
-0.14364 9.51166852 1.91321751
-0.14264 9.95626895 1.91013019
-0.14164 10.47455242 1.90656267
-0.14064 11.08355644 1.90237830
-0.13964 11.80533723 1.89738984
-0.13864 12.66873560 1.89133738
-0.13764 13.71183485 1.88385518
-0.13664 14.98537487 1.87442150
-0.13564 16.55743732 1.86228231
-0.13463 18.51967077 1.84633525
-0.13363 20.99494438 1.82495530
-0.13263 24.14496302 1.79574357
-0.13163 28.17245936 1.75520065
-0.13063 33.30266697 1.69841701
-0.12963 39.70765928 1.61915272
-0.12863 47.30697413 1.51132278
-0.12763 55.39117276 1.37370135
-0.12663 62.24716546 1.21837605
-0.12563 65.49270237 1.07567529
-0.12462 63.65972342 0.98085032
-0.12362 57.57338749 0.94767661
-0.12262 49.55643195 0.96142165
-0.12162 41.63437408 0.99666154
-0.12062 34.79872852 1.03333326
-0.11962 29.26406971 1.05992007
-0.11862 24.89177881 1.07022146
-0.11762 21.45707969 1.05943417
-0.11662 18.84691620 1.02251568
-0.11562 17.40770477 0.97264225
-0.11461 17.03237191 0.93927436
-0.11361 17.08896476 0.91452972
-0.11261 17.40436914 0.88963069
-0.11161 17.97571295 0.85951530
-0.11061 18.87766514 0.81844376
-0.10961 20.33173344 0.75646403
-0.10861 23.25049395 0.65837691
-0.10761 33.10000970 0.56844457
-0.10661 68.78483419 0.64510289
-0.10561 93.42109540 0.68344177
-0.10460 44.80687257 0.44849997
-0.10360 25.93278815 0.36742303
-0.10260 20.38529921 0.35038273
-0.10160 19.23414192 0.35587989
-0.10060 19.42729255 0.35409139
-0.09960 15.25089352 0.24092683
-0.09860 7.79136880 0.09161711
-0.09760 4.61647507 0.04069584
-0.09660 3.23860752 0.02264660
-0.09560 2.49369362 0.01447631
-0.09459 2.02883149 0.01010024
-0.09359 1.71131195 0.00747843
-0.09259 1.48098111 0.00577961
-0.09159 1.30665412 0.00461378
-0.09059 1.17051417 0.00377790
-0.08959 1.06161834 0.00315758
-0.08859 0.97286245 0.00268428
-0.08759 0.89942888 0.00231479
-0.08659 0.83793392 0.00202076
-0.08559 0.78593176 0.00178294
-0.08458 0.74161171 0.00158787
-0.08358 0.70360615 0.00142592
-0.08258 0.67086442 0.00129003
-0.08158 0.64256775 0.00117492
-0.08058 0.61807035 0.00107662
-0.07958 0.59685775 0.00099205
-0.07858 0.57851690 0.00091881
-0.07758 0.56271423 0.00085501
-0.07658 0.54917941 0.00079915
-0.07558 0.53769317 0.00075001
-0.07457 0.52807809 0.00070659
-0.07357 0.52019162 0.00066811
-0.07257 0.51392073 0.00063388
-0.07157 0.50917787 0.00060335
-0.07057 0.50589796 0.00057606
-0.06957 0.50403614 0.00055162
-0.06857 0.50356623 0.00052971
-0.06757 0.50447983 0.00051003
-0.06657 0.50678581 0.00049237
-0.06557 0.51051041 0.00047651
-0.06456 0.51569780 0.00046227
-0.06356 0.52241107 0.00044952
-0.06256 0.53073388 0.00043813
-0.06156 0.54077261 0.00042798
-0.06056 0.55265933 0.00041898
-0.05956 0.56655555 0.00041105
-0.05856 0.58265707 0.00040412
-0.05756 0.60120016 0.00039814
-0.05656 0.62246932 0.00039305
-0.05556 0.64680731 0.00038883
-0.05455 0.67462783 0.00038543
-0.05355 0.70643191 0.00038283
-0.05255 0.74282915 0.00038103
-0.05155 0.78456540 0.00038000
-0.05055 0.83255940 0.00037976
-0.04955 0.88795151 0.00038030
-0.04855 0.95216957 0.00038163
-0.04755 1.02701895 0.00038379
-0.04655 1.11480743 0.00038680
-0.04555 1.21852132 0.00039071
-0.04454 1.34207802 0.00039556
-0.04354 1.49069576 0.00040142
-0.04254 1.67144637 0.00040839
-0.04154 1.89410270 0.00041656
-0.04054 2.17247417 0.00042608
-0.03954 2.52657932 0.00043711
-0.03854 2.98631137 0.00044988
-0.03754 3.59788975 0.00046469
-0.03654 4.43579517 0.00048196
-0.03554 5.62619813 0.00050229
-0.03453 7.39637811 0.00052660
-0.03353 10.18863686 0.00055644
-0.03253 14.95390360 0.00059465
-0.03153 24.02478447 0.00064716
-0.03053 44.22478305 0.00072854
-0.02953 100.01820536 0.00087947
-0.02853 256.83010116 0.00113220
-0.02753 229.72547817 0.00090786
-0.02653 87.94812267 0.00072229
-0.02553 40.20515476 0.00073112
-0.02452 22.36561196 0.00078583
-0.02352 14.15319340 0.00085915
-0.02252 9.76800443 0.00094788
-0.02152 7.17223601 0.00105444
-0.02052 5.51796186 0.00118392
-0.01952 4.40501208 0.00134421
-0.01852 3.62587861 0.00154734
-0.01752 3.06517423 0.00181247
-0.01652 2.65573290 0.00217205
-0.01552 2.35829107 0.00268635
-0.01451 2.15299009 0.00348265
-0.01351 2.04121050 0.00488566
-0.01251 2.06993719 0.00791351
-0.01151 2.32186468 0.01440595
-0.01051 2.68186916 0.02305469
-0.00951 3.12221071 0.03372535
-0.00851 3.70064719 0.04827996
-0.00751 4.29252171 0.06556786
-0.00651 4.86696101 0.08599088
-0.00551 5.45350052 0.11202125
-0.00450 6.08688861 0.14857180
-0.00350 6.81302567 0.20735106
-0.00250 7.67222696 0.31941386
-0.00150 8.47904560 0.50355380
-0.00050 9.07111121 0.71399603
0.00050 9.39326330 0.93576659
0.00150 9.43214567 1.10496016
0.00250 9.34971876 1.22709652
0.00350 9.22007657 1.31959632
0.00450 9.07228282 1.39256109
0.00551 8.91938006 1.45184230
0.00651 8.76774514 1.50107865
0.00751 8.62059746 1.54267609
0.00851 8.47952832 1.57830366
0.00951 8.34524360 1.60916349
0.01051 8.21795321 1.63614784
0.01151 8.09758648 1.65993531
0.01251 7.98391607 1.68105264
0.01351 7.87663105 1.69991573
0.01451 7.77538068 1.71685785
0.01552 7.67980083 1.73214945
0.01652 7.58952974 1.74601251
0.01752 7.50421731 1.75863101
0.01852 7.42353026 1.77015880
0.01952 7.34715474 1.78072554
0.02052 7.27479730 1.79044132
0.02152 7.20618497 1.79940021
0.02252 7.14106460 1.80768309
0.02352 7.07920195 1.81535985
0.02452 7.02038058 1.82249122
0.02553 6.96440064 1.82913022
0.02653 6.91107763 1.83532333
0.02753 6.86024124 1.84111145
0.02853 6.81173423 1.84653073
0.02953 6.76541134 1.85161324
0.03053 6.72113829 1.85638750
0.03153 6.67879090 1.86087897
0.03253 6.63825419 1.86511046
0.03353 6.59942167 1.86910243
0.03453 6.56219457 1.87287329
0.03554 6.52648123 1.87643969
0.03654 6.49219652 1.87981666
0.03754 6.45926125 1.88301784
0.03854 6.42760176 1.88605562
0.03954 6.39714939 1.88894130
0.04054 6.36784015 1.89168516
0.04154 6.33961431 1.89429663
0.04254 6.31241606 1.89678433
0.04354 6.28619323 1.89915617
0.04454 6.26089701 1.90141941
0.04555 6.23648166 1.90358075
0.04655 6.21290430 1.90564635
0.04755 6.19012472 1.90762192
0.04855 6.16810514 1.90951271
0.04955 6.14681006 1.91132361
0.05055 6.12620610 1.91305913
0.05155 6.10626181 1.91472347
0.05255 6.08694761 1.91632052
0.05355 6.06823557 1.91785392
0.05455 6.05009936 1.91932705
0.05556 6.03251412 1.92074307
0.05656 6.01545636 1.92210490
0.05756 5.99890387 1.92341532
0.05856 5.98283565 1.92467688
0.05956 5.96723180 1.92589201
0.06056 5.95207349 1.92706296
0.06156 5.93734284 1.92819186
0.06256 5.92302292 1.92928070
0.06356 5.90909765 1.93033134
0.06456 5.89555177 1.93134556
0.06557 5.88237075 1.93232501
0.06657 5.86954081 1.93327125
0.06757 5.85704883 1.93418576
0.06857 5.84488231 1.93506993
0.06957 5.83302935 1.93592507
0.07057 5.82147864 1.93675243
0.07157 5.81021935 1.93755318
0.07257 5.79924120 1.93832843
0.07357 5.78853433 1.93907923
0.07457 5.77808937 1.93980659
0.07558 5.76789735 1.94051145
0.07658 5.75794969 1.94119471
0.07758 5.74823821 1.94185722
0.07858 5.73875507 1.94249979
0.07958 5.72949277 1.94312320
0.08058 5.72044413 1.94372817
0.08158 5.71160227 1.94431540
0.08258 5.70296061 1.94488557
0.08358 5.69451284 1.94543929
0.08458 5.68625290 1.94597717
0.08559 5.67817498 1.94649980
0.08659 5.67027351 1.94700771
0.08759 5.66254313 1.94750143
0.08859 5.65497872 1.94798147
0.08959 5.64757533 1.94844829
0.09059 5.64032822 1.94890237
0.09159 5.63323283 1.94934412
0.09259 5.62628477 1.94977399
0.09359 5.61947982 1.95019235
0.09459 5.61281392 1.95059961
0.09560 5.60628316 1.95099612
0.09660 5.59988378 1.95138224
0.09760 5.59361215 1.95175830
0.09860 5.58746476 1.95212464
0.09960 5.58143827 1.95248155
0.10060 5.57552940 1.95282935
0.10160 5.56973505 1.95316831
0.10260 5.56405217 1.95349871
0.10360 5.55847785 1.95382081
0.10460 5.55300928 1.95413488
0.10561 5.54764374 1.95444116
0.10661 5.54237860 1.95473987
0.10761 5.53721132 1.95503125
0.10861 5.53213946 1.95531552
0.10961 5.52716064 1.95559288
0.11061 5.52227256 1.95586354
0.11161 5.51747302 1.95612769
0.11261 5.51275987 1.95638552
0.11361 5.50813103 1.95663722
0.11461 5.50358450 1.95688295
0.11562 5.49911833 1.95712288
0.11662 5.49473064 1.95735718
0.11762 5.49041960 1.95758601
0.11862 5.48618345 1.95780951
0.11962 5.48202048 1.95802783
0.12062 5.47792902 1.95824112
0.12162 5.47390748 1.95844951
0.12262 5.46995428 1.95865313
0.12362 5.46606791 1.95885211
0.12462 5.46224691 1.95904658
0.12563 5.45848986 1.95923665
0.12663 5.45479536 1.95942244
0.12763 5.45116209 1.95960406
0.12863 5.44758873 1.95978161
0.12963 5.44407402 1.95995522
0.13063 5.44061674 1.96012496
0.13163 5.43721568 1.96029096
0.13263 5.43386969 1.96045329
0.13363 5.43057764 1.96061205
0.13463 5.42733844 1.96076734
0.13564 5.42415102 1.96091923
0.13664 5.42101434 1.96106781
0.13764 5.41792739 1.96121317
0.13864 5.41488920 1.96135538
0.13964 5.41189881 1.96149453
0.14064 5.40895530 1.96163067
0.14164 5.40605775 1.96176390
0.14264 5.40320528 1.96189427
0.14364 5.40039705 1.96202186
0.14464 5.39763222 1.96214673
0.14565 5.39490997 1.96226895
0.14665 5.39222952 1.96238857
0.14765 5.38959009 1.96250567
0.14865 5.38699092 1.96262030
0.14965 5.38443129 1.96273251
0.15065 5.38191049 1.96284236
0.15165 5.37942781 1.96294992
0.15265 5.37698258 1.96305522
0.15365 5.37457413 1.96315832
0.15465 5.37220182 1.96325928
0.15566 5.36986502 1.96335814
0.15666 5.36756311 1.96345494
0.15766 5.36529549 1.96354974
0.15866 5.36306158 1.96364257
0.15966 5.36086080 1.96373349
0.16066 5.35869260 1.96382254
0.16166 5.35655642 1.96390975
0.16266 5.35445174 1.96399517
0.16366 5.35237803 1.96407883
0.16466 5.35033480 1.96416078
0.16567 5.34832153 1.96424105
0.16667 5.34633774 1.96431968
0.16767 5.34438296 1.96439671
0.16867 5.34245673 1.96447216
0.16967 5.34055858 1.96454608
0.17067 5.33868809 1.96461849
0.17167 5.33684480 1.96468943
0.17267 5.33502831 1.96475893
0.17367 5.33323819 1.96482702
0.17467 5.33147403 1.96489373
0.17568 5.32973544 1.96495909
0.17668 5.32802203 1.96502313
0.17768 5.32633342 1.96508587
0.17868 5.32466923 1.96514734
0.17968 5.32302911 1.96520757
0.18068 5.32141269 1.96526659
0.18168 5.31981961 1.96532441
0.18268 5.31824955 1.96538107
0.18368 5.31670217 1.96543659
0.18468 5.31517712 1.96549099
0.18569 5.31367410 1.96554429
0.18669 5.31219278 1.96559652
0.18769 5.31073286 1.96564770
0.18869 5.30929403 1.96569785
0.18969 5.30787599 1.96574699
0.19069 5.30647845 1.96579514
0.19169 5.30510113 1.96584232
0.19269 5.30374375 1.96588856
0.19369 5.30240602 1.96593386
0.19469 5.30108768 1.96597825
0.19570 5.29978847 1.96602175
0.19670 5.29850811 1.96606437
0.19770 5.29724637 1.96610614
0.19870 5.29600299 1.96614706
0.19970 5.29477771 1.96618716
0.20070 5.29357031 1.96622645
0.20170 5.29238054 1.96626495
0.20270 5.29120817 1.96630267
0.20370 5.29005297 1.96633963
0.20470 5.28891472 1.96637584
0.20571 5.28779319 1.96641132
0.20671 5.28668817 1.96644609
0.20771 5.28559946 1.96648015
0.20871 5.28452682 1.96651352
0.20971 5.28347008 1.96654621
0.21071 5.28242901 1.96657824
0.21171 5.28140342 1.96660962
0.21271 5.28039312 1.96664036
0.21371 5.27939791 1.96667047
0.21471 5.27841761 1.96669997
0.21572 5.27745203 1.96672886
0.21672 5.27650099 1.96675717
0.21772 5.27556430 1.96678489
0.21872 5.27464180 1.96681205
0.21972 5.27373331 1.96683865
0.22072 5.27283865 1.96686470
0.22172 5.27195766 1.96689021
0.22272 5.27109017 1.96691519
0.22372 5.27023603 1.96693966
0.22472 5.26939506 1.96696362
0.22573 5.26856712 1.96698708
0.22673 5.26775204 1.96701005
0.22773 5.26694968 1.96703255
0.22873 5.26615988 1.96705457
0.22973 5.26538250 1.96707613
0.23073 5.26461739 1.96709723
0.23173 5.26386440 1.96711789
0.23273 5.26312340 1.96713811
0.23373 5.26239424 1.96715790
0.23473 5.26167679 1.96717727
0.23574 5.26097091 1.96719623
0.23674 5.26027647 1.96721478
0.23774 5.25959334 1.96723293
0.23874 5.25892138 1.96725068
0.23974 5.25826048 1.96726806
0.24074 5.25761050 1.96728505
0.24174 5.25697131 1.96730167
0.24274 5.25634281 1.96731793
0.24374 5.25572486 1.96733383
0.24474 5.25511735 1.96734938
0.24575 5.25452017 1.96736458
0.24675 5.25393319 1.96737944
0.24775 5.25335630 1.96739396
0.24875 5.25278939 1.96740816
0.24975 5.25223235 1.96742204
0.25075 5.25168507 1.96743560
0.25175 5.25114744 1.96744884
0.25275 5.25061936 1.96746178
0.25375 5.25010072 1.96747442
0.25475 5.24959141 1.96748677
0.25576 5.24909134 1.96749882
0.25676 5.24860041 1.96751059
0.25776 5.24811851 1.96752207
0.25876 5.24764555 1.96753328
0.25976 5.24718143 1.96754421
0.26076 5.24672605 1.96755488
0.26176 5.24627933 1.96756528
0.26276 5.24584117 1.96757543
0.26376 5.24541147 1.96758532
0.26476 5.24499014 1.96759496
0.26577 5.24457711 1.96760435
0.26677 5.24417227 1.96761350
0.26777 5.24377554 1.96762241
0.26877 5.24338684 1.96763108
0.26977 5.24300608 1.96763952
0.27077 5.24263317 1.96764773
0.27177 5.24226804 1.96765572
0.27277 5.24191061 1.96766349
0.27377 5.24156078 1.96767104
0.27477 5.24121849 1.96767837
0.27578 5.24088365 1.96768550
0.27678 5.24055619 1.96769241
0.27778 5.24023602 1.96769912
0.27878 5.23992308 1.96770562
0.27978 5.23961729 1.96771193
0.28078 5.23931858 1.96771804
0.28178 5.23902687 1.96772395
0.28278 5.23874209 1.96772967
0.28378 5.23846417 1.96773521
0.28478 5.23819304 1.96774056
0.28579 5.23792863 1.96774572
0.28679 5.23767087 1.96775070
0.28779 5.23741970 1.96775551
0.28879 5.23717505 1.96776013
0.28979 5.23693685 1.96776458
0.29079 5.23670504 1.96776886
0.29179 5.23647955 1.96777297
0.29279 5.23626032 1.96777692
0.29379 5.23604729 1.96778069
0.29479 5.23584040 1.96778431
0.29580 5.23563958 1.96778776
0.29680 5.23544478 1.96779105
0.29780 5.23525594 1.96779418
0.29880 5.23507299 1.96779715
0.29980 5.23489588 1.96779997
0.30080 5.23472455 1.96780264
0.30180 5.23455895 1.96780516
0.30280 5.23439902 1.96780753
0.30380 5.23424471 1.96780974
0.30480 5.23409596 1.96781182
0.30581 5.23395271 1.96781374
0.30681 5.23381492 1.96781553
0.30781 5.23368254 1.96781717
0.30881 5.23355550 1.96781867
0.30981 5.23343377 1.96782003
0.31081 5.23331729 1.96782125
0.31181 5.23320601 1.96782233
0.31281 5.23309988 1.96782328
0.31381 5.23299885 1.96782410
0.31481 5.23290289 1.96782478
0.31582 5.23281193 1.96782532
0.31682 5.23272594 1.96782574
0.31782 5.23264487 1.96782603
0.31882 5.23256867 1.96782618
0.31982 5.23249731 1.96782621
0.32082 5.23243073 1.96782611
0.32182 5.23236889 1.96782589
0.32282 5.23231176 1.96782554
0.32382 5.23225928 1.96782506
0.32482 5.23221143 1.96782446
0.32583 5.23216815 1.96782374
0.32683 5.23212942 1.96782289
0.32783 5.23209518 1.96782193
0.32883 5.23206540 1.96782084
0.32983 5.23204005 1.96781963
0.33083 5.23201908 1.96781831
0.33183 5.23200246 1.96781686
0.33283 5.23199015 1.96781529
0.33383 5.23198211 1.96781361
0.33483 5.23197832 1.96781181
0.33584 5.23197874 1.96780990
0.33684 5.23198333 1.96780787
0.33784 5.23199206 1.96780572
0.33884 5.23200489 1.96780346
0.33984 5.23202180 1.96780108
0.34084 5.23204276 1.96779859
0.34184 5.23206772 1.96779598
0.34284 5.23209667 1.96779327
0.34384 5.23212956 1.96779044
0.34484 5.23216638 1.96778749
0.34585 5.23220709 1.96778444
0.34685 5.23225167 1.96778127
0.34785 5.23230008 1.96777799
0.34885 5.23235230 1.96777460
0.34985 5.23240830 1.96777110
0.35085 5.23246806 1.96776749
0.35185 5.23253155 1.96776377
0.35285 5.23259875 1.96775994
0.35385 5.23266963 1.96775600
0.35485 5.23274416 1.96775195
0.35586 5.23282233 1.96774779
0.35686 5.23290411 1.96774352
0.35786 5.23298948 1.96773914
0.35886 5.23307842 1.96773466
0.35986 5.23317090 1.96773006
0.36086 5.23326690 1.96772536
0.36186 5.23336641 1.96772055
0.36286 5.23346940 1.96771563
0.36386 5.23357586 1.96771060
0.36486 5.23368577 1.96770546
0.36587 5.23379910 1.96770022
0.36687 5.23391585 1.96769487
0.36787 5.23403598 1.96768941
0.36887 5.23415950 1.96768384
0.36987 5.23428638 1.96767817
0.37087 5.23441660 1.96767238
0.37187 5.23455016 1.96766649
0.37287 5.23468703 1.96766050
0.37387 5.23482720 1.96765439
0.37487 5.23497066 1.96764818
0.37588 5.23511740 1.96764186
0.37688 5.23526740 1.96763544
0.37788 5.23542066 1.96762890
0.37888 5.23557715 1.96762226
0.37988 5.23573688 1.96761552
0.38088 5.23589982 1.96760866
0.38188 5.23606597 1.96760170
0.38288 5.23623533 1.96759463
0.38388 5.23640788 1.96758746
0.38488 5.23658361 1.96758017
0.38589 5.23676252 1.96757278
0.38689 5.23694460 1.96756528
0.38789 5.23712984 1.96755768
0.38889 5.23731824 1.96754996
0.38989 5.23750979 1.96754214
0.39089 5.23770449 1.96753421
0.39189 5.23790232 1.96752618
0.39289 5.23810330 1.96751803
0.39389 5.23830741 1.96750978
0.39489 5.23851466 1.96750143
0.39590 5.23872503 1.96749296
0.39690 5.23893854 1.96748438
0.39790 5.23915517 1.96747570
0.39890 5.23937492 1.96746691
0.39990 5.23959781 1.96745801
0.40090 5.23982382 1.96744901
0.40190 5.24005296 1.96743989
0.40290 5.24028523 1.96743067
0.40390 5.24052063 1.96742134
0.40490 5.24075916 1.96741190
0.40591 5.24100084 1.96740235
0.40691 5.24124565 1.96739270
0.40791 5.24149361 1.96738293
0.40891 5.24174473 1.96737306
0.40991 5.24199899 1.96736308
0.41091 5.24225643 1.96735299
0.41191 5.24251703 1.96734279
0.41291 5.24278081 1.96733248
0.41391 5.24304777 1.96732207
0.41491 5.24331792 1.96731154
0.41592 5.24359128 1.96730091
0.41692 5.24386785 1.96729016
0.41792 5.24414764 1.96727931
0.41892 5.24443067 1.96726835
0.41992 5.24471693 1.96725727
0.42092 5.24500646 1.96724609
0.42192 5.24529925 1.96723480
0.42292 5.24559533 1.96722340
0.42392 5.24589470 1.96721189
0.42492 5.24619738 1.96720027
0.42593 5.24650338 1.96718854
0.42693 5.24681273 1.96717670
0.42793 5.24712544 1.96716475
0.42893 5.24744152 1.96715270
0.42993 5.24776099 1.96714053
0.43093 5.24808387 1.96712825
0.43193 5.24841019 1.96711586
0.43293 5.24873995 1.96710336
0.43393 5.24907318 1.96709075
0.43493 5.24940991 1.96707803
0.43594 5.24975014 1.96706520
0.43694 5.25009391 1.96705226
0.43794 5.25044124 1.96703921
0.43894 5.25079215 1.96702605
0.43994 5.25114667 1.96701278
0.44094 5.25150482 1.96699940
0.44194 5.25186663 1.96698590
0.44294 5.25223212 1.96697230
0.44394 5.25260132 1.96695858
0.44494 5.25297427 1.96694476
0.44595 5.25335098 1.96693082
0.44695 5.25373149 1.96691678
0.44795 5.25411583 1.96690262
0.44895 5.25450404 1.96688835
0.44995 5.25489613 1.96687397
0.45095 5.25529216 1.96685948
0.45195 5.25569214 1.96684488
0.45295 5.25609612 1.96683016
0.45395 5.25650412 1.96681534
0.45495 5.25691620 1.96680040
0.45596 5.25733238 1.96678536
0.45696 5.25775270 1.96677020
0.45796 5.25817720 1.96675493
0.45896 5.25860592 1.96673955
0.45996 5.25903890 1.96672405
0.46096 5.25947619 1.96670845
0.46196 5.25991782 1.96669273
0.46296 5.26036385 1.96667690
0.46396 5.26081430 1.96666096
0.46496 5.26126924 1.96664491
0.46597 5.26172871 1.96662874
0.46697 5.26219275 1.96661247
0.46797 5.26266141 1.96659608
0.46897 5.26313474 1.96657957
0.46997 5.26361281 1.96656296
0.47097 5.26409564 1.96654623
0.47197 5.26458331 1.96652939
0.47297 5.26507586 1.96651244
0.47397 5.26557335 1.96649538
0.47497 5.26607584 1.96647820
0.47598 5.26658337 1.96646091
0.47698 5.26709603 1.96644350
0.47798 5.26761385 1.96642598
0.47898 5.26813691 1.96640835
0.47998 5.26866527 1.96639060
0.48098 5.26919899 1.96637274
0.48198 5.26973814 1.96635477
0.48298 5.27028278 1.96633668
0.48398 5.27083298 1.96631848
0.48498 5.27138882 1.96630016
0.48599 5.27195036 1.96628173
0.48699 5.27251768 1.96626318
0.48799 5.27309085 1.96624452
0.48899 5.27366994 1.96622574
0.48999 5.27425504 1.96620685
0.49099 5.27484622 1.96618784
0.49199 5.27544357 1.96616871
0.49299 5.27604716 1.96614947
0.49399 5.27665708 1.96613011
0.49499 5.27727342 1.96611064
0.49600 5.27789627 1.96609104
0.49700 5.27852570 1.96607133
0.49800 5.27916182 1.96605150
0.49900 5.27980472 1.96603155
0.50000 5.28045450 1.96601148
