-0.50000 5.04598031 0.16616611 1.96390041 
-0.49900 5.04617028 0.16501988 1.96393018 
-0.49800 5.04636191 0.16389353 1.96395962 
-0.49700 5.04655520 0.16278665 1.96398871 
-0.49600 5.04675016 0.16169885 1.96401748 
-0.49499 5.04694677 0.16062974 1.96404592 
-0.49399 5.04714503 0.15957894 1.96407404 
-0.49299 5.04734493 0.15854609 1.96410184 
-0.49199 5.04754648 0.15753083 1.96412934 
-0.49099 5.04774966 0.15653281 1.96415653 
-0.48999 5.04795448 0.15555170 1.96418342 
-0.48899 5.04816093 0.15458717 1.96421002 
-0.48799 5.04836900 0.15363889 1.96423633 
-0.48699 5.04857870 0.15270655 1.96426235 
-0.48599 5.04879001 0.15178985 1.96428808 
-0.48498 5.04900294 0.15088849 1.96431354 
-0.48398 5.04921747 0.15000218 1.96433872 
-0.48298 5.04943362 0.14913064 1.96436363 
-0.48198 5.04965137 0.14827359 1.96438827 
-0.48098 5.04987072 0.14743077 1.96441264 
-0.47998 5.05009166 0.14660191 1.96443675 
-0.47898 5.05031420 0.14578676 1.96446060 
-0.47798 5.05053833 0.14498506 1.96448419 
-0.47698 5.05076404 0.14419659 1.96450753 
-0.47598 5.05099134 0.14342109 1.96453062 
-0.47497 5.05122022 0.14265834 1.96455345 
-0.47397 5.05145068 0.14190811 1.96457604 
-0.47297 5.05168271 0.14117019 1.96459838 
-0.47197 5.05191632 0.14044436 1.96462047 
-0.47097 5.05215149 0.13973040 1.96464233 
-0.46997 5.05238823 0.13902812 1.96466394 
-0.46897 5.05262652 0.13833731 1.96468531 
-0.46797 5.05286638 0.13765778 1.96470644 
-0.46697 5.05310780 0.13698933 1.96472734 
-0.46597 5.05335076 0.13633179 1.96474800 
-0.46496 5.05359528 0.13568498 1.96476842 
-0.46396 5.05384135 0.13504870 1.96478861 
-0.46296 5.05408895 0.13442280 1.96480857 
-0.46196 5.05433811 0.13380710 1.96482829 
-0.46096 5.05458879 0.13320143 1.96484778 
-0.45996 5.05484102 0.13260564 1.96486704 
-0.45896 5.05509478 0.13201956 1.96488606 
-0.45796 5.05535006 0.13144305 1.96490486 
-0.45696 5.05560688 0.13087594 1.96492342 
-0.45596 5.05586522 0.13031811 1.96494175 
-0.45495 5.05612508 0.12976939 1.96495985 
-0.45395 5.05638645 0.12922966 1.96497772 
-0.45295 5.05664934 0.12869876 1.96499535 
-0.45195 5.05691375 0.12817658 1.96501275 
-0.45095 5.05717966 0.12766297 1.96502992 
-0.44995 5.05744708 0.12715781 1.96504685 
-0.44895 5.05771601 0.12666097 1.96506355 
-0.44795 5.05798643 0.12617234 1.96508001 
-0.44695 5.05825835 0.12569178 1.96509624 
-0.44595 5.05853177 0.12521919 1.96511223 
-0.44494 5.05880667 0.12475444 1.96512798 
-0.44394 5.05908307 0.12429743 1.96514348 
-0.44294 5.05936095 0.12384805 1.96515875 
-0.44194 5.05964031 0.12340619 1.96517377 
-0.44094 5.05992116 0.12297174 1.96518855 
-0.43994 5.06020347 0.12254460 1.96520308 
-0.43894 5.06048726 0.12212468 1.96521737 
-0.43794 5.06077252 0.12171186 1.96523140 
-0.43694 5.06105925 0.12130607 1.96524518 
-0.43594 5.06134744 0.12090720 1.96525871 
-0.43493 5.06163709 0.12051515 1.96527199 
-0.43393 5.06192820 0.12012985 1.96528500 
-0.43293 5.06222076 0.11975121 1.96529775 
-0.43193 5.06251477 0.11937913 1.96531025 
-0.43093 5.06281023 0.11901354 1.96532247 
-0.42993 5.06310714 0.11865434 1.96533443 
-0.42893 5.06340548 0.11830147 1.96534612 
-0.42793 5.06370526 0.11795484 1.96535753 
-0.42693 5.06400648 0.11761437 1.96536867 
-0.42593 5.06430913 0.11728000 1.96537953 
-0.42492 5.06461320 0.11695164 1.96539010 
-0.42392 5.06491870 0.11662923 1.96540039 
-0.42292 5.06522562 0.11631268 1.96541040 
-0.42192 5.06553395 0.11600195 1.96542011 
-0.42092 5.06584370 0.11569695 1.96542952 
-0.41992 5.06615486 0.11539762 1.96543864 
-0.41892 5.06646743 0.11510390 1.96544745 
-0.41792 5.06678140 0.11481573 1.96545596 
-0.41692 5.06709677 0.11453304 1.96546416 
-0.41592 5.06741354 0.11425576 1.96547204 
-0.41491 5.06773170 0.11398386 1.96547961 
-0.41391 5.06805125 0.11371726 1.96548685 
-0.41291 5.06837219 0.11345590 1.96549377 
-0.41191 5.06869451 0.11319974 1.96550035 
-0.41091 5.06901820 0.11294873 1.96550661 
-0.40991 5.06934328 0.11270280 1.96551252 
-0.40891 5.06966972 0.11246191 1.96551809 
-0.40791 5.06999754 0.11222600 1.96552331 
-0.40691 5.07032672 0.11199503 1.96552817 
-0.40591 5.07065726 0.11176895 1.96553268 
-0.40490 5.07098916 0.11154771 1.96553682 
-0.40390 5.07132242 0.11133127 1.96554060 
-0.40290 5.07165702 0.11111958 1.96554400 
-0.40190 5.07199298 0.11091260 1.96554702 
-0.40090 5.07233028 0.11071029 1.96554966 
-0.39990 5.07266892 0.11051260 1.96555191 
-0.39890 5.07300890 0.11031950 1.96555376 
-0.39790 5.07335021 0.11013094 1.96555521 
-0.39690 5.07369286 0.10994688 1.96555626 
-0.39590 5.07403683 0.10976730 1.96555689 
-0.39489 5.07438213 0.10959214 1.96555710 
-0.39389 5.07472874 0.10942139 1.96555688 
-0.39289 5.07507668 0.10925499 1.96555623 
-0.39189 5.07542593 0.10909292 1.96555515 
-0.39089 5.07577650 0.10893515 1.96555362 
-0.38989 5.07612837 0.10878163 1.96555164 
-0.38889 5.07648155 0.10863235 1.96554920 
-0.38789 5.07683603 0.10848727 1.96554629 
-0.38689 5.07719181 0.10834636 1.96554291 
-0.38589 5.07754889 0.10820959 1.96553906 
-0.38488 5.07790726 0.10807694 1.96553471 
-0.38388 5.07826693 0.10794837 1.96552987 
-0.38288 5.07862788 0.10782386 1.96552453 
-0.38188 5.07899012 0.10770339 1.96551869 
-0.38088 5.07935365 0.10758693 1.96551232 
-0.37988 5.07971845 0.10747446 1.96550543 
-0.37888 5.08008454 0.10736594 1.96549800 
-0.37788 5.08045190 0.10726137 1.96549004 
-0.37688 5.08082054 0.10716072 1.96548152 
-0.37588 5.08119046 0.10706397 1.96547245 
-0.37487 5.08156164 0.10697109 1.96546281 
-0.37387 5.08193409 0.10688207 1.96545259 
-0.37287 5.08230781 0.10679689 1.96544179 
-0.37187 5.08268280 0.10671553 1.96543040 
-0.37087 5.08305905 0.10663798 1.96541841 
-0.36987 5.08343657 0.10656421 1.96540580 
-0.36887 5.08381535 0.10649421 1.96539257 
-0.36787 5.08419539 0.10642797 1.96537871 
-0.36687 5.08457670 0.10636547 1.96536421 
-0.36587 5.08495926 0.10630669 1.96534906 
-0.36486 5.08534308 0.10625163 1.96533324 
-0.36386 5.08572817 0.10620027 1.96531676 
-0.36286 5.08611451 0.10615259 1.96529960 
-0.36186 5.08650211 0.10610860 1.96528174 
-0.36086 5.08689097 0.10606827 1.96526318 
-0.35986 5.08728110 0.10603160 1.96524390 
-0.35886 5.08767248 0.10599857 1.96522390 
-0.35786 5.08806513 0.10596918 1.96520317 
-0.35686 5.08845904 0.10594342 1.96518169 
-0.35586 5.08885421 0.10592128 1.96515944 
-0.35485 5.08925066 0.10590276 1.96513643 
-0.35385 5.08964837 0.10588785 1.96511263 
-0.35285 5.09004735 0.10587654 1.96508804 
-0.35185 5.09044760 0.10586883 1.96506264 
-0.35085 5.09084913 0.10586471 1.96503641 
-0.34985 5.09125194 0.10586418 1.96500936 
-0.34885 5.09165603 0.10586724 1.96498146 
-0.34785 5.09206141 0.10587389 1.96495270 
-0.34685 5.09246808 0.10588411 1.96492306 
-0.34585 5.09287604 0.10589792 1.96489254 
-0.34484 5.09328530 0.10591531 1.96486112 
-0.34384 5.09369587 0.10593628 1.96482878 
-0.34284 5.09410774 0.10596083 1.96479551 
-0.34184 5.09452093 0.10598896 1.96476131 
-0.34084 5.09493545 0.10602068 1.96472614 
-0.33984 5.09535129 0.10605598 1.96469000 
-0.33884 5.09576846 0.10609487 1.96465287 
-0.33784 5.09618698 0.10613736 1.96461473 
-0.33684 5.09660685 0.10618344 1.96457558 
-0.33584 5.09702808 0.10623313 1.96453539 
-0.33483 5.09745067 0.10628642 1.96449415 
-0.33383 5.09787465 0.10634333 1.96445184 
-0.33283 5.09830001 0.10640386 1.96440844 
-0.33183 5.09872677 0.10646802 1.96436394 
-0.33083 5.09915493 0.10653581 1.96431833 
-0.32983 5.09958452 0.10660725 1.96427157 
-0.32883 5.10001554 0.10668235 1.96422366 
-0.32783 5.10044800 0.10676111 1.96417458 
-0.32683 5.10088193 0.10684354 1.96412430 
-0.32583 5.10131732 0.10692966 1.96407282 
-0.32482 5.10175420 0.10701948 1.96402010 
-0.32382 5.10219258 0.10711301 1.96396614 
-0.32282 5.10263248 0.10721027 1.96391090 
-0.32182 5.10307392 0.10731127 1.96385438 
-0.32082 5.10351691 0.10741602 1.96379655 
-0.31982 5.10396146 0.10752453 1.96373739 
-0.31882 5.10440761 0.10763684 1.96367688 
-0.31782 5.10485536 0.10775294 1.96361500 
-0.31682 5.10530474 0.10787287 1.96355172 
-0.31582 5.10575578 0.10799663 1.96348703 
-0.31481 5.10620848 0.10812425 1.96342090 
-0.31381 5.10666288 0.10825574 1.96335331 
-0.31281 5.10711900 0.10839114 1.96328424 
-0.31181 5.10757687 0.10853044 1.96321365 
-0.31081 5.10803650 0.10867369 1.96314154 
-0.30981 5.10849794 0.10882091 1.96306787 
-0.30881 5.10896119 0.10897210 1.96299261 
-0.30781 5.10942630 0.10912731 1.96291576 
-0.30681 5.10989330 0.10928655 1.96283726 
-0.30581 5.11036221 0.10944985 1.96275712 
-0.30480 5.11083307 0.10961724 1.96267528 
-0.30380 5.11130590 0.10978874 1.96259174 
-0.30280 5.11178076 0.10996439 1.96250645 
-0.30180 5.11225766 0.11014421 1.96241940 
-0.30080 5.11273666 0.11032823 1.96233056 
-0.29980 5.11321778 0.11051648 1.96223989 
-0.29880 5.11370107 0.11070899 1.96214736 
-0.29780 5.11418657 0.11090580 1.96205296 
-0.29680 5.11467432 0.11110695 1.96195663 
-0.29580 5.11516436 0.11131245 1.96185837 
-0.29479 5.11565674 0.11152235 1.96175812 
-0.29379 5.11615152 0.11173669 1.96165587 
-0.29279 5.11664873 0.11195551 1.96155157 
-0.29179 5.11714842 0.11217883 1.96144520 
-0.29079 5.11765066 0.11240670 1.96133672 
-0.28979 5.11815549 0.11263916 1.96122610 
-0.28879 5.11866297 0.11287625 1.96111330 
-0.28779 5.11917316 0.11311802 1.96099828 
-0.28679 5.11968611 0.11336450 1.96088102 
-0.28579 5.12020189 0.11361573 1.96076146 
-0.28478 5.12072056 0.11387178 1.96063958 
-0.28378 5.12124219 0.11413268 1.96051534 
-0.28278 5.12176684 0.11439847 1.96038869 
-0.28178 5.12229458 0.11466921 1.96025960 
-0.28078 5.12282549 0.11494495 1.96012802 
-0.27978 5.12335964 0.11522574 1.95999392 
-0.27878 5.12389710 0.11551163 1.95985725 
-0.27778 5.12443796 0.11580267 1.95971797 
-0.27678 5.12498229 0.11609892 1.95957604 
-0.27578 5.12553019 0.11640044 1.95943140 
-0.27477 5.12608173 0.11670728 1.95928402 
-0.27377 5.12663700 0.11701949 1.95913385 
-0.27277 5.12719611 0.11733715 1.95898083 
-0.27177 5.12775913 0.11766031 1.95882493 
-0.27077 5.12832618 0.11798903 1.95866610 
-0.26977 5.12889735 0.11832338 1.95850427 
-0.26877 5.12947274 0.11866342 1.95833941 
-0.26777 5.13005247 0.11900923 1.95817145 
-0.26677 5.13063664 0.11936086 1.95800035 
-0.26577 5.13122537 0.11971839 1.95782605 
-0.26476 5.13181878 0.12008189 1.95764850 
-0.26376 5.13241698 0.12045144 1.95746764 
-0.26276 5.13302010 0.12082711 1.95728340 
-0.26176 5.13362827 0.12120897 1.95709574 
-0.26076 5.13424162 0.12159710 1.95690459 
-0.25976 5.13486029 0.12199159 1.95670989 
-0.25876 5.13548442 0.12239252 1.95651157 
-0.25776 5.13611415 0.12279997 1.95630958 
-0.25676 5.13674964 0.12321402 1.95610385 
-0.25576 5.13739103 0.12363476 1.95589431 
-0.25475 5.13803849 0.12406229 1.95568088 
-0.25375 5.13869218 0.12449669 1.95546351 
-0.25275 5.13935226 0.12493806 1.95524212 
-0.25175 5.14001892 0.12538649 1.95501664 
-0.25075 5.14069232 0.12584208 1.95478699 
-0.24975 5.14137266 0.12630494 1.95455310 
-0.24875 5.14206012 0.12677515 1.95431489 
-0.24775 5.14275490 0.12725284 1.95407228 
-0.24675 5.14345719 0.12773810 1.95382518 
-0.24575 5.14416722 0.12823105 1.95357352 
-0.24474 5.14488518 0.12873179 1.95331721 
-0.24374 5.14561130 0.12924045 1.95305616 
-0.24274 5.14634581 0.12975713 1.95279028 
-0.24174 5.14708894 0.13028196 1.95251949 
-0.24074 5.14784093 0.13081507 1.95224368 
-0.23974 5.14860203 0.13135656 1.95196277 
-0.23874 5.14937250 0.13190659 1.95167666 
-0.23774 5.15015260 0.13246527 1.95138524 
-0.23674 5.15094259 0.13303273 1.95108841 
-0.23574 5.15174276 0.13360913 1.95078607 
-0.23473 5.15255341 0.13419459 1.95047811 
-0.23373 5.15337481 0.13478927 1.95016442 
-0.23273 5.15420729 0.13539330 1.94984489 
-0.23173 5.15505116 0.13600685 1.94951940 
-0.23073 5.15590673 0.13663006 1.94918784 
-0.22973 5.15677436 0.13726309 1.94885008 
-0.22873 5.15765437 0.13790610 1.94850600 
-0.22773 5.15854714 0.13855926 1.94815546 
-0.22673 5.15945303 0.13922274 1.94779835 
-0.22573 5.16037241 0.13989672 1.94743452 
-0.22472 5.16130568 0.14058136 1.94706384 
-0.22372 5.16225323 0.14127685 1.94668617 
-0.22272 5.16321550 0.14198339 1.94630136 
-0.22172 5.16419290 0.14270115 1.94590926 
-0.22072 5.16518587 0.14343034 1.94550972 
-0.21972 5.16619487 0.14417116 1.94510258 
-0.21872 5.16722038 0.14492380 1.94468769 
-0.21772 5.16826288 0.14568849 1.94426487 
-0.21672 5.16932286 0.14646544 1.94383396 
-0.21572 5.17040086 0.14725487 1.94339478 
-0.21471 5.17149738 0.14805700 1.94294716 
-0.21371 5.17261300 0.14887207 1.94249090 
-0.21271 5.17374828 0.14970033 1.94202582 
-0.21171 5.17490380 0.15054200 1.94155172 
-0.21071 5.17608017 0.15139735 1.94106841 
-0.20971 5.17727802 0.15226663 1.94057567 
-0.20871 5.17849799 0.15315011 1.94007330 
-0.20771 5.17974074 0.15404806 1.93956107 
-0.20671 5.18100698 0.15496075 1.93903876 
-0.20571 5.18229740 0.15588848 1.93850613 
-0.20470 5.18361275 0.15683153 1.93796296 
-0.20370 5.18495378 0.15779020 1.93740899 
-0.20270 5.18632128 0.15876482 1.93684396 
-0.20170 5.18771607 0.15975569 1.93626763 
-0.20070 5.18913897 0.16076314 1.93567971 
-0.19970 5.19059086 0.16178750 1.93507994 
-0.19870 5.19207264 0.16282913 1.93446801 
-0.19770 5.19358524 0.16388837 1.93384365 
-0.19670 5.19512961 0.16496560 1.93320654 
-0.19570 5.19670674 0.16606118 1.93255636 
-0.19469 5.19831767 0.16717549 1.93189280 
-0.19369 5.19996346 0.16830895 1.93121551 
-0.19269 5.20164521 0.16946195 1.93052415 
-0.19169 5.20336406 0.17063491 1.92981836 
-0.19069 5.20512119 0.17182827 1.92909777 
-0.18969 5.20691782 0.17304247 1.92836199 
-0.18869 5.20875522 0.17427796 1.92761063 
-0.18769 5.21063470 0.17553523 1.92684328 
-0.18669 5.21255762 0.17681474 1.92605951 
-0.18569 5.21452539 0.17811701 1.92525888 
-0.18468 5.21653946 0.17944255 1.92444093 
-0.18368 5.21860136 0.18079189 1.92360520 
-0.18268 5.22071266 0.18216558 1.92275119 
-0.18168 5.22287498 0.18356418 1.92187840 
-0.18068 5.22509001 0.18498827 1.92098629 
-0.17968 5.22735952 0.18643845 1.92007433 
-0.17868 5.22968532 0.18791535 1.91914194 
-0.17768 5.23206930 0.18941960 1.91818854 
-0.17668 5.23451343 0.19095187 1.91721351 
-0.17568 5.23701976 0.19251283 1.91621622 
-0.17467 5.23959039 0.19410319 1.91519600 
-0.17367 5.24222754 0.19572368 1.91415218 
-0.17267 5.24493350 0.19737505 1.91308403 
-0.17167 5.24771064 0.19905808 1.91199081 
-0.17067 5.25056147 0.20077356 1.91087174 
-0.16967 5.25348854 0.20252235 1.90972603 
-0.16867 5.25649455 0.20430529 1.90855281 
-0.16767 5.25958230 0.20612327 1.90735123 
-0.16667 5.26275469 0.20797722 1.90612035 
-0.16567 5.26601477 0.20986810 1.90485923 
-0.16466 5.26936569 0.21179689 1.90356687 
-0.16366 5.27281076 0.21376462 1.90224222 
-0.16266 5.27635341 0.21577236 1.90088419 
-0.16166 5.27999723 0.21782120 1.89949164 
-0.16066 5.28374596 0.21991229 1.89806338 
-0.15966 5.28760352 0.22204682 1.89659816 
-0.15866 5.29157398 0.22422602 1.89509466 
-0.15766 5.29566162 0.22645117 1.89355152 
-0.15666 5.29987088 0.22872361 1.89196728 
-0.15566 5.30420643 0.23104472 1.89034044 
-0.15465 5.30867315 0.23341593 1.88866941 
-0.15365 5.31327614 0.23583875 1.88695252 
-0.15265 5.31802074 0.23831472 1.88518801 
-0.15165 5.32291254 0.24084549 1.88337402 
-0.15065 5.32795741 0.24343272 1.88150862 
-0.14965 5.33316150 0.24607819 1.87958974 
-0.14865 5.33853126 0.24878373 1.87761522 
-0.14765 5.34407343 0.25155125 1.87558277 
-0.14665 5.34979514 0.25438276 1.87348997 
-0.14565 5.35570383 0.25728035 1.87133426 
-0.14464 5.36180735 0.26024619 1.86911294 
-0.14364 5.36811394 0.26328257 1.86682312 
-0.14264 5.37463226 0.26639188 1.86446178 
-0.14164 5.38137146 0.26957660 1.86202568 
-0.14064 5.38834114 0.27283936 1.85951138 
-0.13964 5.39555144 0.27618289 1.85691524 
-0.13864 5.40301304 0.27961007 1.85423336 
-0.13764 5.41073722 0.28312392 1.85146159 
-0.13664 5.41873588 0.28672759 1.84859551 
-0.13564 5.42702160 0.29042441 1.84563039 
-0.13463 5.43560767 0.29421788 1.84256116 
-0.13363 5.44450818 0.29811167 1.83938241 
-0.13263 5.45373801 0.30210966 1.83608831 
-0.13163 5.46331294 0.30621592 1.83267260 
-0.13063 5.47324972 0.31043475 1.82912856 
-0.12963 5.48356610 0.31477071 1.82544894 
-0.12863 5.49428093 0.31922858 1.82162592 
-0.12763 5.50541427 0.32381342 1.81765101 
-0.12663 5.51698744 0.32853062 1.81351507 
-0.12563 5.52902313 0.33338585 1.80920813 
-0.12462 5.54154555 0.33838513 1.80471938 
-0.12362 5.55458049 0.34353486 1.80003702 
-0.12262 5.56815550 0.34884183 1.79514818 
-0.12162 5.58230002 0.35431326 1.79003877 
-0.12062 5.59704554 0.35995685 1.78469332 
-0.11962 5.61242577 0.36578079 1.77909483 
-0.11862 5.62847686 0.37179383 1.77322453 
-0.11762 5.64523758 0.37800532 1.76706165 
-0.11662 5.66274959 0.38442527 1.76058318 
-0.11562 5.68105770 0.39106438 1.75376345 
-0.11461 5.70021014 0.39793416 1.74657381 
-0.11361 5.72025889 0.40504696 1.73898212 
-0.11261 5.74126007 0.41241607 1.73095217 
-0.11161 5.76327429 0.42005581 1.72244302 
-0.11061 5.78636713 0.42798166 1.71340809 
-0.10961 5.81060966 0.43621032 1.70379418 
-0.10861 5.83607891 0.44475992 1.69354014 
-0.10761 5.86285858 0.45365010 1.68257523 
-0.10661 5.89103971 0.46290223 1.67081707 
-0.10561 5.92072148 0.47253959 1.65816892 
-0.10460 5.95201214 0.48258758 1.64451625 
-0.10360 5.98503011 0.49307399 1.62972209 
-0.10260 6.01990534 0.50402928 1.61362079 
-0.10160 6.05678103 0.51548693 1.59600950 
-0.10060 6.09581613 0.52748382 1.57663602 
-0.09960 6.13718904 0.54006077 1.55518139 
-0.09860 6.18110406 0.55326307 1.53123384 
-0.09760 6.22780342 0.56714150 1.50424845 
-0.09660 6.27759239 0.58175367 1.47348201 
-0.09560 6.33089656 0.59716699 1.43788208 
-0.09459 6.38840669 0.61346544 1.39588590 
-0.09359 6.45149268 0.63076930 1.34502908 
-0.09259 6.52359467 0.64930457 1.28113440 
-0.09159 6.61602322 0.66971314 1.19677806 
-0.09059 6.77533577 0.69468441 1.08383310 
-0.08959 7.09363381 0.73064649 0.97711512 
-0.08859 7.49664384 0.77511665 0.91644071 
-0.08759 7.91764701 0.82432283 0.87752038 
-0.08659 8.36013885 0.87859831 0.84605521 
-0.08559 8.83770558 0.93923682 0.81656810 
-0.08458 9.36693956 1.00805604 0.78614954 
-0.08358 9.96949792 1.08762424 0.75247247 
-0.08258 10.67684145 1.18181200 0.71284188 
-0.08158 11.53989195 1.29697248 0.66320427 
-0.08058 12.65276588 1.44487084 0.59653810 
-0.07958 14.22536199 1.65141731 0.50435433 
-0.07858 16.75033863 1.97467750 0.42043427 
-0.07758 21.47115105 2.55353748 0.40573524 
-0.07658 33.87055007 3.94418716 0.48083402 
-0.07558 42.57166991 4.59499848 0.49475361 
-0.07457 23.39428647 2.40597222 0.29186945 
-0.07357 14.56370591 1.53690511 0.20925185 
-0.07257 11.63376280 1.31025333 0.18174179 
-0.07157 10.78897815 1.30324668 0.17313457 
-0.07057 10.92124145 1.40424236 0.17376620 
-0.06957 11.74777663 1.59232796 0.18149701 
-0.06857 13.37458790 1.89312306 0.19782839 
-0.06757 16.45003293 2.40730104 0.22961512 
-0.06657 23.45786543 3.49772312 0.30062228 
-0.06557 35.51000193 5.31159020 0.39431103 
-0.06456 19.26091448 3.02726250 0.18095949 
-0.06356 8.22204224 1.47223628 0.06666326 
-0.06256 4.44039410 0.95305356 0.03167971 
-0.06156 2.83355396 0.74378686 0.01805879 
-0.06056 2.00743209 0.64582750 0.01156443 
-0.05956 1.52351463 0.59701087 0.00800853 
-0.05856 1.21306485 0.57360045 0.00586316 
-0.05756 1.00033394 0.56507320 0.00447356 
-0.05656 0.84717409 0.56624131 0.00352363 
-0.05556 0.73261252 0.57435708 0.00284626 
-0.05455 0.64429900 0.58790689 0.00234660 
-0.05355 0.57454947 0.60605803 0.00196766 
-0.05255 0.51836351 0.62838580 0.00167353 
-0.05155 0.47236391 0.65473205 0.00144073 
-0.05055 0.43419778 0.68513043 0.00125334 
-0.04955 0.40218261 0.71976812 0.00110030 
-0.04855 0.37508878 0.75896959 0.00097371 
-0.04755 0.35200144 0.80319521 0.00086781 
-0.04655 0.33223028 0.85305161 0.00077831 
-0.04555 0.31524939 0.90931302 0.00070200 
-0.04454 0.30065626 0.97295455 0.00063638 
-0.04354 0.28814382 1.04520013 0.00057954 
-0.04254 0.27748140 1.12758963 0.00052995 
-0.04154 0.26850220 1.22207238 0.00048641 
-0.04054 0.26109595 1.33113823 0.00044794 
-0.03954 0.25520606 1.45800343 0.00041375 
-0.03854 0.25083134 1.60687832 0.00038318 
-0.03754 0.24803307 1.78336048 0.00035569 
-0.03654 0.24694919 1.99502447 0.00033082 
-0.03554 0.24781904 2.25232949 0.00030819 
-0.03453 0.25102502 2.57005624 0.00028746 
-0.03353 0.25716275 2.96965728 0.00026834 
-0.03253 0.26716192 3.48324904 0.00025056 
-0.03153 0.28250242 4.16069525 0.00023389 
-0.03053 0.30561949 5.08284147 0.00021814 
-0.02953 0.34071028 6.38781296 0.00020314 
-0.02853 0.39546231 8.32733170 0.00018885 
-0.02753 0.48511605 11.39902776 0.00017551 
-0.02653 0.64319636 16.69588889 0.00016428 
-0.02553 0.95444379 26.97853039 0.00015953 
-0.02452 1.67658211 50.63993649 0.00017942 
-0.02352 3.75892462 118.59111754 0.00031493 
-0.02252 8.80816458 283.14790283 0.00089593 
-0.02152 5.95308914 190.35178759 0.00094120 
-0.02052 2.38614888 74.38662817 0.00058083 
-0.01952 1.21662038 36.49377577 0.00041887 
-0.01852 0.76102882 21.86525547 0.00034055 
-0.01752 0.54546762 15.07742677 0.00029605 
-0.01652 0.42923631 11.55793914 0.00026771 
-0.01552 0.36123625 9.65519269 0.00024826 
-0.01451 0.31981192 8.68133580 0.00023431 
-0.01351 0.29478858 8.33028621 0.00022411 
-0.01251 0.28116575 8.47732808 0.00021671 
-0.01151 0.27665552 9.10783965 0.00021162 
-0.01051 0.28072813 10.30309539 0.00020863 
-0.00951 0.29442252 12.26835306 0.00020781 
-0.00851 0.32079890 15.42290555 0.00020948 
-0.00751 0.36640015 20.63068352 0.00021437 
-0.00651 0.44509070 29.83041658 0.00022398 
-0.00551 0.58897163 48.03280559 0.00024137 
-0.00450 0.88505436 90.98490648 0.00027357 
-0.00350 1.61022117 214.94397067 0.00033744 
-0.00250 3.11629504 392.22509760 0.00045099 
-0.00150 6.10477898 348.80292868 0.00067740 
-0.00050 7.48752104 325.22202630 0.00054716 
0.00050 3.07728639 136.50377169 0.00017821 
0.00150 1.41016300 64.07027961 0.00009568 
0.00250 0.81285838 36.58438304 0.00007947 
0.00350 0.54639840 23.67630701 0.00007717 
0.00450 0.40656990 16.62006852 0.00007820 
0.00551 0.32442793 12.34155780 0.00007995 
0.00651 0.27209575 9.54842818 0.00008172 
0.00751 0.23667165 7.62181868 0.00008333 
0.00851 0.21154483 6.23515275 0.00008475 
0.00951 0.19305054 5.20274158 0.00008599 
0.01051 0.17902621 4.41258809 0.00008711 
0.01151 0.16812930 3.79383619 0.00008813 
0.01251 0.15949067 3.29985254 0.00008907 
0.01351 0.15252745 2.89891011 0.00008998 
0.01451 0.14683681 2.56880392 0.00009087 
0.01552 0.14213313 2.29360905 0.00009175 
0.01652 0.13820923 2.06165877 0.00009265 
0.01752 0.13491191 1.86424432 0.00009357 
0.01852 0.13212590 1.69475602 0.00009454 
0.01952 0.12976317 1.54810239 0.00009555 
0.02052 0.12775558 1.42030880 0.00009662 
0.02152 0.12604976 1.30823488 0.00009776 
0.02252 0.12460353 1.20937216 0.00009897 
0.02352 0.12338324 1.12169683 0.00010027 
0.02452 0.12236187 1.04356115 0.00010166 
0.02553 0.12151759 0.97361224 0.00010316 
0.02653 0.12083276 0.91073070 0.00010476 
0.02753 0.12029304 0.85398366 0.00010649 
0.02853 0.11988683 0.80258855 0.00010834 
0.02953 0.11960478 0.75588479 0.00011034 
0.03053 0.11943945 0.71331156 0.00011249 
0.03153 0.11938498 0.67439017 0.00011480 
0.03253 0.11943691 0.63871001 0.00011729 
0.03353 0.11959203 0.60591715 0.00011997 
0.03453 0.11984819 0.57570517 0.00012287 
0.03554 0.12020428 0.54780772 0.00012599 
0.03654 0.12066013 0.52199233 0.00012936 
0.03754 0.12121648 0.49805534 0.00013301 
0.03854 0.12187498 0.47581776 0.00013695 
0.03954 0.12263816 0.45512172 0.00014123 
0.04054 0.12350953 0.43582756 0.00014586 
0.04154 0.12449357 0.41781137 0.00015090 
0.04254 0.12559581 0.40096294 0.00015639 
0.04354 0.12682300 0.38518395 0.00016237 
0.04454 0.12818317 0.37038653 0.00016890 
0.04555 0.12968588 0.35649193 0.00017606 
0.04655 0.13134238 0.34342951 0.00018393 
0.04755 0.13316598 0.33113571 0.00019259 
0.04855 0.13517235 0.31955335 0.00020216 
0.04955 0.13738001 0.30863089 0.00021277 
0.05055 0.13981097 0.29832186 0.00022459 
0.05155 0.14249148 0.28858438 0.00023780 
0.05255 0.14545311 0.27938073 0.00025263 
0.05355 0.14873414 0.27067706 0.00026939 
0.05455 0.15238142 0.26244309 0.00028844 
0.05556 0.15645306 0.25465198 0.00031024 
0.05656 0.16102215 0.24728024 0.00033538 
0.05756 0.16618222 0.24030781 0.00036466 
0.05856 0.17205541 0.23371826 0.00039913 
0.05956 0.17880530 0.22749941 0.00044024 
0.06056 0.18665770 0.22164420 0.00049005 
0.06156 0.19593639 0.21615269 0.00055159 
0.06256 0.20712868 0.21103547 0.00062959 
0.06356 0.22101556 0.20632096 0.00073178 
0.06456 0.23895938 0.20207142 0.00087209 
0.06557 0.26363290 0.19842386 0.00107851 
0.06657 0.30123764 0.19571502 0.00141776 
0.06757 0.36964009 0.19494059 0.00208809 
0.06857 0.51455805 0.19865967 0.00363289 
0.06957 0.71821035 0.20576376 0.00599210 
0.07057 0.90736293 0.21206386 0.00840525 
0.07157 1.07989381 0.21751538 0.01084647 
0.07257 1.24582822 0.22279375 0.01344961 
0.07357 1.41569703 0.22866932 0.01637637 
0.07457 1.60750997 0.23655175 0.01989159 
0.07558 1.86498731 0.24980609 0.02458037 
0.07658 2.19572291 0.26843433 0.03084840 
0.07758 2.52409638 0.28622139 0.03837649 
0.07858 2.84344193 0.30285121 0.04772077 
0.07958 3.16828378 0.31961133 0.06028167 
0.08058 3.51619745 0.33805891 0.07912552 
0.08158 3.91340409 0.36070319 0.11255162 
0.08258 4.38171219 0.39031650 0.18271529 
0.08358 4.80514734 0.41632704 0.28537918 
0.08458 5.11332850 0.43037491 0.37315662 
0.08559 5.36692310 0.43815479 0.44410517 
0.08659 5.60486390 0.44376488 0.50604322 
0.08759 5.85507975 0.45024282 0.56662759 
0.08859 6.15038397 0.46173471 0.63915681 
0.08959 6.48129676 0.48092177 0.74395831 
0.09059 6.71448833 0.49512673 0.85287229 
0.09159 6.85284279 0.50061454 0.94162277 
0.09259 6.94038139 0.50086049 1.01474676 
0.09359 6.99786466 0.49794644 1.07696774 
0.09459 7.03558869 0.49299797 1.13115374 
0.09560 7.05942467 0.48668498 1.17911440 
0.09660 7.07307533 0.47943929 1.22207068 
0.09760 7.07904282 0.47155541 1.26089384 
0.09860 7.07910220 0.46324228 1.29623326 
0.09960 7.07455795 0.45465231 1.32858967 
0.10060 7.06639446 0.44589892 1.35835958 
0.10160 7.05536992 0.43706768 1.38586380 
0.10260 7.04207773 0.42822372 1.41136645 
0.10360 7.02698833 0.41941693 1.43508813 
0.10460 7.01047864 0.41068555 1.45721534 
0.10561 6.99285324 0.40205888 1.47790739 
0.10661 6.97435997 0.39355926 1.49730158 
0.10761 6.95520170 0.38520353 1.51551715 
0.10861 6.93554526 0.37700420 1.53265838 
0.10961 6.91552838 0.36897034 1.54881699 
0.11061 6.89526508 0.36110827 1.56407412 
0.11161 6.87484998 0.35342210 1.57850186 
0.11261 6.85436168 0.34591420 1.59216459 
0.11361 6.83386556 0.33858551 1.60511998 
0.11461 6.81341593 0.33143585 1.61741991 
0.11562 6.79305793 0.32446412 1.62911122 
0.11662 6.77282895 0.31766853 1.64023629 
0.11762 6.75275990 0.31104670 1.65083362 
0.11862 6.73287622 0.30459583 1.66093823 
0.11962 6.71319872 0.29831276 1.67058210 
0.12062 6.69374430 0.29219408 1.67979447 
0.12162 6.67452653 0.28623619 1.68860218 
0.12262 6.65555615 0.28043535 1.69702983 
0.12362 6.63684153 0.27478774 1.70510011 
0.12462 6.61838899 0.26928949 1.71283392 
0.12563 6.60020311 0.26393668 1.72025058 
0.12663 6.58228700 0.25872542 1.72736795 
0.12763 6.56464251 0.25365185 1.73420259 
0.12863 6.54727043 0.24871213 1.74076988 
0.12963 6.53017067 0.24390248 1.74708409 
0.13063 6.51334233 0.23921919 1.75315853 
0.13163 6.49678389 0.23465860 1.75900559 
0.13263 6.48049331 0.23021717 1.76463683 
0.13363 6.46446805 0.22589139 1.77006305 
0.13463 6.44870524 0.22167788 1.77529435 
0.13564 6.43320165 0.21757332 1.78034021 
0.13664 6.41795382 0.21357449 1.78520948 
0.13764 6.40295810 0.20967826 1.78991049 
0.13864 6.38821064 0.20588159 1.79445106 
0.13964 6.37370749 0.20218153 1.79883853 
0.14064 6.35944458 0.19857522 1.80307983 
0.14164 6.34541778 0.19505988 1.80718146 
0.14264 6.33162292 0.19163282 1.81114957 
0.14364 6.31805580 0.18829143 1.81498995 
0.14464 6.30471218 0.18503321 1.81870807 
0.14565 6.29158788 0.18185569 1.82230911 
0.14665 6.27867870 0.17875653 1.82579796 
0.14765 6.26598046 0.17573344 1.82917923 
0.14865 6.25348904 0.17278420 1.83245732 
0.14965 6.24120037 0.16990668 1.83563638 
0.15065 6.22911039 0.16709880 1.83872036 
0.15165 6.21721515 0.16435856 1.84171298 
0.15265 6.20551071 0.16168404 1.84461781 
0.15365 6.19399323 0.15907335 1.84743821 
0.15465 6.18265892 0.15652469 1.85017740 
0.15566 6.17150407 0.15403630 1.85283843 
0.15666 6.16052501 0.15160650 1.85542420 
0.15766 6.14971819 0.14923363 1.85793750 
0.15866 6.13908010 0.14691613 1.86038094 
0.15966 6.12860731 0.14465245 1.86275705 
0.16066 6.11829645 0.14244112 1.86506823 
0.16166 6.10814426 0.14028069 1.86731677 
0.16266 6.09814753 0.13816978 1.86950486 
0.16366 6.08830310 0.13610706 1.87163459 
0.16466 6.07860792 0.13409121 1.87370796 
0.16567 6.06905900 0.13212098 1.87572688 
0.16667 6.05965341 0.13019515 1.87769317 
0.16767 6.05038830 0.12831255 1.87960859 
0.16867 6.04126087 0.12647202 1.88147482 
0.16967 6.03226842 0.12467248 1.88329346 
0.17067 6.02340828 0.12291284 1.88506605 
0.17167 6.01467787 0.12119207 1.88679407 
0.17267 6.00607465 0.11950917 1.88847893 
0.17367 5.99759617 0.11786316 1.89012199 
0.17467 5.98924003 0.11625311 1.89172456 
0.17568 5.98100387 0.11467809 1.89328789 
0.17668 5.97288541 0.11313722 1.89481319 
0.17768 5.96488242 0.11162964 1.89630161 
0.17868 5.95699273 0.11015453 1.89775426 
0.17968 5.94921422 0.10871107 1.89917222 
0.18068 5.94154482 0.10729848 1.90055651 
0.18168 5.93398251 0.10591601 1.90190812 
0.18268 5.92652533 0.10456292 1.90322801 
0.18368 5.91917136 0.10323848 1.90451710 
0.18468 5.91191874 0.10194202 1.90577628 
0.18569 5.90476564 0.10067286 1.90700638 
0.18669 5.89771028 0.09943034 1.90820825 
0.18769 5.89075094 0.09821383 1.90938266 
0.18869 5.88388593 0.09702272 1.91053039 
0.18969 5.87711360 0.09585641 1.91165218 
0.19069 5.87043233 0.09471432 1.91274872 
0.19169 5.86384058 0.09359588 1.91382073 
0.19269 5.85733681 0.09250056 1.91486885 
0.19369 5.85091954 0.09142781 1.91589372 
0.19469 5.84458730 0.09037712 1.91689598 
0.19570 5.83833870 0.08934799 1.91787622 
0.19670 5.83217235 0.08833994 1.91883501 
0.19770 5.82608689 0.08735247 1.91977291 
0.19870 5.82008104 0.08638515 1.92069048 
0.19970 5.81415349 0.08543751 1.92158823 
0.20070 5.80830301 0.08450913 1.92246667 
0.20170 5.80252838 0.08359957 1.92332629 
0.20270 5.79682842 0.08270842 1.92416757 
0.20370 5.79120196 0.08183530 1.92499097 
0.20470 5.78564789 0.08097979 1.92579692 
0.20571 5.78016510 0.08014153 1.92658588 
0.20671 5.77475252 0.07932015 1.92735824 
0.20771 5.76940911 0.07851528 1.92811443 
0.20871 5.76413385 0.07772658 1.92885483 
0.20971 5.75892575 0.07695370 1.92957983 
0.21071 5.75378384 0.07619631 1.93028979 
0.21171 5.74870717 0.07545410 1.93098507 
0.21271 5.74369483 0.07472674 1.93166603 
0.21371 5.73874593 0.07401393 1.93233300 
0.21471 5.73385959 0.07331537 1.93298632 
0.21572 5.72903496 0.07263077 1.93362629 
0.21672 5.72427122 0.07195985 1.93425322 
0.21772 5.71956756 0.07130233 1.93486743 
0.21872 5.71492319 0.07065794 1.93546920 
0.21972 5.71033735 0.07002642 1.93605882 
0.22072 5.70580930 0.06940752 1.93663656 
0.22172 5.70133831 0.06880099 1.93720269 
0.22272 5.69692369 0.06820659 1.93775747 
0.22372 5.69256475 0.06762407 1.93830116 
0.22472 5.68826081 0.06705321 1.93883400 
0.22573 5.68401125 0.06649378 1.93935623 
0.22673 5.67981542 0.06594558 1.93986809 
0.22773 5.67567273 0.06540837 1.94036980 
0.22873 5.67158257 0.06488195 1.94086159 
0.22973 5.66754438 0.06436613 1.94134367 
0.23073 5.66355760 0.06386070 1.94181625 
0.23173 5.65962170 0.06336548 1.94227953 
0.23273 5.65573615 0.06288026 1.94273372 
0.23373 5.65190045 0.06240488 1.94317900 
0.23473 5.64811411 0.06193914 1.94361557 
0.23574 5.64437667 0.06148288 1.94404361 
0.23674 5.64068768 0.06103593 1.94446330 
0.23774 5.63704669 0.06059811 1.94487482 
0.23874 5.63345329 0.06016928 1.94527833 
0.23974 5.62990708 0.05974926 1.94567400 
0.24074 5.62640767 0.05933791 1.94606200 
0.24174 5.62295470 0.05893508 1.94644247 
0.24274 5.61954782 0.05854062 1.94681559 
0.24374 5.61618669 0.05815439 1.94718148 
0.24474 5.61287100 0.05777624 1.94754032 
0.24575 5.60960046 0.05740605 1.94789222 
0.24675 5.60637477 0.05704368 1.94823735 
0.24775 5.60319368 0.05668901 1.94857582 
0.24875 5.60005694 0.05634190 1.94890779 
0.24975 5.59696433 0.05600223 1.94923336 
0.25075 5.59391564 0.05566990 1.94955269 
0.25175 5.59091068 0.05534477 1.94986587 
0.25275 5.58794929 0.05502674 1.95017305 
0.25375 5.58503131 0.05471571 1.95047433 
0.25475 5.58215662 0.05441155 1.95076984 
0.25576 5.57932512 0.05411417 1.95105967 
0.25676 5.57653672 0.05382347 1.95134396 
0.25776 5.57379135 0.05353934 1.95162280 
0.25876 5.57108899 0.05326170 1.95189630 
0.25976 5.56842962 0.05299046 1.95216456 
0.26076 5.56581325 0.05272551 1.95242768 
0.26176 5.56323991 0.05246678 1.95268576 
0.26276 5.56070969 0.05221418 1.95293890 
0.26376 5.55822266 0.05196763 1.95318720 
0.26476 5.55577897 0.05172705 1.95343074 
0.26577 5.55337876 0.05149237 1.95366961 
0.26677 5.55102222 0.05126351 1.95390390 
0.26777 5.54870958 0.05104040 1.95413371 
0.26877 5.54644111 0.05082297 1.95435910 
0.26977 5.54421711 0.05061116 1.95458018 
0.27077 5.54203792 0.05040491 1.95479701 
0.27177 5.53990393 0.05020416 1.95500967 
0.27277 5.53781557 0.05000885 1.95521825 
0.27377 5.53577334 0.04981893 1.95542282 
0.27477 5.53377777 0.04963435 1.95562345 
0.27578 5.53182945 0.04945505 1.95582022 
0.27678 5.52992906 0.04928100 1.95601319 
0.27778 5.52807731 0.04911216 1.95620244 
0.27878 5.52627500 0.04894848 1.95638803 
0.27978 5.52452300 0.04878994 1.95657004 
0.28078 5.52282227 0.04863650 1.95674852 
0.28178 5.52117386 0.04848813 1.95692354 
0.28278 5.51957891 0.04834481 1.95709516 
0.28378 5.51803867 0.04820653 1.95726345 
0.28478 5.51655451 0.04807326 1.95742845 
0.28579 5.51512792 0.04794500 1.95759025 
0.28679 5.51376053 0.04782175 1.95774888 
0.28779 5.51245411 0.04770349 1.95790440 
0.28879 5.51121063 0.04759025 1.95805688 
0.28979 5.51003220 0.04748202 1.95820636 
0.29079 5.50892117 0.04737882 1.95835290 
0.29179 5.50788008 0.04728069 1.95849655 
0.29279 5.50691175 0.04718765 1.95863735 
0.29379 5.50601925 0.04709974 1.95877536 
0.29479 5.50520598 0.04701702 1.95891063 
0.29580 5.50447566 0.04693953 1.95904320 
0.29680 5.50383242 0.04686735 1.95917312 
0.29780 5.50328082 0.04680055 1.95930043 
0.29880 5.50282590 0.04673925 1.95942519 
0.29980 5.50247329 0.04668353 1.95954742 
0.30080 5.50222921 0.04663353 1.95966717 
0.30180 5.50210066 0.04658940 1.95978448 
0.30280 5.50209544 0.04655129 1.95989940 
0.30380 5.50222233 0.04651940 1.96001196 
0.30480 5.50249121 0.04649394 1.96012220 
0.30581 5.50291328 0.04647517 1.96023015 
0.30681 5.50350127 0.04646336 1.96033585 
0.30781 5.50426970 0.04645884 1.96043933 
0.30881 5.50523522 0.04646200 1.96054064 
0.30981 5.50641706 0.04647326 1.96063979 
0.31081 5.50783752 0.04649313 1.96073683 
0.31181 5.50952263 0.04652221 1.96083179 
0.31281 5.51150305 0.04656118 1.96092468 
0.31381 5.51381512 0.04661087 1.96101556 
0.31481 5.51650234 0.04667224 1.96110444 
0.31582 5.51961735 0.04674646 1.96119135 
0.31682 5.52322449 0.04683494 1.96127634 
0.31782 5.52740356 0.04693941 1.96135943 
0.31882 5.53225497 0.04706204 1.96144068 
0.31982 5.53790730 0.04720554 1.96152012 
0.32082 5.54452868 0.04737342 1.96159782 
0.32182 5.55234430 0.04757032 1.96167388 
0.32282 5.56166479 0.04780250 1.96174843 
0.32382 5.57293419 0.04807880 1.96182166 
0.32482 5.58681611 0.04841217 1.96189391 
0.32583 5.60436024 0.04882274 1.96196577 
0.32683 5.62735495 0.04934416 1.96203832 
0.32783 5.65917038 0.05003880 1.96211387 
0.32883 5.70712407 0.05103982 1.96219795 
0.32983 5.79057526 0.05269439 1.96230688 
0.33083 5.96852936 0.05604889 1.96249840 
0.33183 6.29449594 0.06206108 1.96286174 
0.33283 6.62838625 0.06831556 1.96330673 
0.33383 6.91915966 0.07393560 1.96378140 
0.33483 7.18011013 0.07915868 1.96430133 
0.33584 7.42296123 0.08419859 1.96489167 
0.33684 7.65550941 0.08920703 1.96558446 
0.33784 7.88350068 0.09430851 1.96642458 
0.33884 8.11191415 0.09962700 1.96748056 
0.33984 8.34595289 0.10531165 1.96886604 
0.34084 8.59223412 0.11157567 1.97078781 
0.34184 8.86099780 0.11877847 1.97367073 
0.34284 9.17160169 0.12764387 1.97854820 
0.34384 9.56769421 0.13990984 1.98853179 
0.34484 10.10853320 0.15834981 2.01157573 
0.34585 10.64823359 0.17783178 2.04420093 
0.34685 11.07118545 0.19326430 2.07438019 
0.34785 11.41271370 0.20571802 2.10142211 
0.34885 11.70045772 0.21620567 2.12631029 
0.34985 11.94917797 0.22528360 2.14968729 
0.35085 12.16748443 0.23327818 2.17193542 
0.35185 12.36090389 0.24039823 2.19329091 
0.35285 12.53326050 0.24678716 2.21390656 
0.35385 12.68735722 0.25254897 2.23388531 
0.35485 12.82534271 0.25776248 2.25329882 
0.35586 12.94892360 0.26248952 2.27219842 
0.35686 13.05949489 0.26677997 2.29062179 
0.35786 13.15822380 0.27067509 2.30859719 
0.35886 13.24610610 0.27420963 2.32614627 
0.35986 13.32400508 0.27741340 2.34328596 
0.36086 13.39267941 0.28031231 2.36002979 
0.36186 13.45280349 0.28292918 2.37638880 
0.36286 13.50498265 0.28528430 2.39237222 
0.36386 13.54976475 0.28739590 2.40798793 
0.36486 13.58764915 0.28928046 2.42324285 
0.36587 13.61909371 0.29095301 2.43814318 
0.36687 13.64452046 0.29242732 2.45269463 
0.36787 13.66432006 0.29371607 2.46690254 
0.36887 13.67885556 0.29483102 2.48077200 
0.36987 13.68846541 0.29578305 2.49430796 
0.37087 13.69346599 0.29658235 2.50751524 
0.37187 13.69415374 0.29723842 2.52039863 
0.37287 13.69080701 0.29776015 2.53296292 
0.37387 13.68368755 0.29815593 2.54521288 
0.37487 13.67304190 0.29843361 2.55715333 
0.37588 13.65910250 0.29860061 2.56878912 
0.37688 13.64208877 0.29866394 2.58012514 
0.37788 13.62220797 0.29863021 2.59116634 
0.37888 13.59965600 0.29850567 2.60191770 
0.37988 13.57461815 0.29829624 2.61238425 
0.38088 13.54726971 0.29800753 2.62257109 
0.38188 13.51777659 0.29764486 2.63248331 
0.38288 13.48629583 0.29721325 2.64212608 
0.38388 13.45297611 0.29671750 2.65150455 
0.38488 13.41795818 0.29616213 2.66062392 
0.38589 13.38137532 0.29555143 2.66948938 
0.38689 13.34335367 0.29488951 2.67810615 
0.38789 13.30401264 0.29418021 2.68647943 
0.38889 13.26346524 0.29342723 2.69461440 
0.38989 13.22181840 0.29263406 2.70251625 
0.39089 13.17917323 0.29180399 2.71019013 
0.39189 13.13562537 0.29094018 2.71764117 
0.39289 13.09126523 0.29004560 2.72487446 
0.39389 13.04617820 0.28912308 2.73189505 
0.39489 13.00044498 0.28817529 2.73870796 
0.39590 12.95414171 0.28720479 2.74531815 
0.39690 12.90734028 0.28621399 2.75173052 
0.39790 12.86010846 0.28520515 2.75794992 
0.39890 12.81251015 0.28418045 2.76398114 
0.39990 12.76460552 0.28314193 2.76982891 
0.40090 12.71645126 0.28209154 2.77549788 
0.40190 12.66810068 0.28103110 2.78099264 
0.40290 12.61960389 0.27996235 2.78631771 
0.40390 12.57100801 0.27888693 2.79147752 
0.40490 12.52235723 0.27780639 2.79647645 
0.40591 12.47369303 0.27672220 2.80131877 
0.40691 12.42505427 0.27563574 2.80600871 
0.40791 12.37647734 0.27454832 2.81055038 
0.40891 12.32799629 0.27346116 2.81494785 
0.40991 12.27964290 0.27237543 2.81920507 
0.41091 12.23144688 0.27129223 2.82332593 
0.41191 12.18343589 0.27021257 2.82731425 
0.41291 12.13563569 0.26913744 2.83117374 
0.41391 12.08807024 0.26806775 2.83490805 
0.41491 12.04076177 0.26700434 2.83852073 
0.41592 11.99373090 0.26594804 2.84201527 
0.41692 11.94699669 0.26489959 2.84539507 
0.41792 11.90057674 0.26385970 2.84866346 
0.41892 11.85448730 0.26282904 2.85182366 
0.41992 11.80874327 0.26180822 2.85487885 
0.42092 11.76335833 0.26079785 2.85783211 
0.42192 11.71834499 0.25979844 2.86068646 
0.42292 11.67371466 0.25881053 2.86344482 
0.42392 11.62947769 0.25783457 2.86611006 
0.42492 11.58564346 0.25687101 2.86868497 
0.42593 11.54222040 0.25592027 2.87117227 
0.42693 11.49921608 0.25498272 2.87357459 
0.42793 11.45663723 0.25405872 2.87589452 
0.42893 11.41448980 0.25314861 2.87813456 
0.42993 11.37277900 0.25225267 2.88029715 
0.43093 11.33150935 0.25137120 2.88238468 
0.43193 11.29068473 0.25050446 2.88439944 
0.43293 11.25030839 0.24965269 2.88634370 
0.43393 11.21038301 0.24881609 2.88821963 
0.43493 11.17091072 0.24799489 2.89002937 
0.43594 11.13189317 0.24718926 2.89177498 
0.43694 11.09333151 0.24639937 2.89345847 
0.43794 11.05522644 0.24562537 2.89508179 
0.43894 11.01757825 0.24486741 2.89664685 
0.43994 10.98038685 0.24412561 2.89815548 
0.44094 10.94365177 0.24340008 2.89960949 
0.44194 10.90737221 0.24269092 2.90101061 
0.44294 10.87154704 0.24199823 2.90236053 
0.44394 10.83617484 0.24132209 2.90366090 
0.44494 10.80125392 0.24066256 2.90491332 
0.44595 10.76678233 0.24001971 2.90611933 
0.44695 10.73275788 0.23939360 2.90728043 
0.44795 10.69917815 0.23878427 2.90839810 
0.44895 10.66604055 0.23819175 2.90947374 
0.44995 10.63334226 0.23761609 2.91050873 
0.45095 10.60108033 0.23705731 2.91150440 
0.45195 10.56925161 0.23651542 2.91246207 
0.45295 10.53785283 0.23599045 2.91338297 
0.45395 10.50688058 0.23548241 2.91426834 
0.45495 10.47633133 0.23499131 2.91511936 
0.45596 10.44620144 0.23451714 2.91593717 
0.45696 10.41648717 0.23405992 2.91672289 
0.45796 10.38718469 0.23361963 2.91747761 
0.45896 10.35829008 0.23319627 2.91820238 
0.45996 10.32979938 0.23278984 2.91889820 
0.46096 10.30170853 0.23240032 2.91956607 
0.46196 10.27401343 0.23202770 2.92020695 
0.46296 10.24670993 0.23167198 2.92082176 
0.46396 10.21979386 0.23133313 2.92141140 
0.46496 10.19326098 0.23101114 2.92197676 
0.46597 10.16710704 0.23070599 2.92251866 
0.46697 10.14132777 0.23041768 2.92303794 
0.46797 10.11591889 0.23014618 2.92353540 
0.46897 10.09087609 0.22989148 2.92401179 
0.46997 10.06619506 0.22965356 2.92446787 
0.47097 10.04187149 0.22943241 2.92490437 
0.47197 10.01790108 0.22922801 2.92532198 
0.47297 9.99427953 0.22904035 2.92572140 
0.47397 9.97100253 0.22886942 2.92610327 
0.47497 9.94806581 0.22871520 2.92646824 
0.47598 9.92546512 0.22857769 2.92681693 
0.47698 9.90319620 0.22845688 2.92714994 
0.47798 9.88125485 0.22835276 2.92746785 
0.47898 9.85963685 0.22826533 2.92777122 
0.47998 9.83833805 0.22819458 2.92806061 
0.48098 9.81735431 0.22814052 2.92833653 
0.48198 9.79668153 0.22810314 2.92859951 
0.48298 9.77631564 0.22808246 2.92885004 
0.48398 9.75625261 0.22807847 2.92908861 
0.48498 9.73648844 0.22809120 2.92931567 
0.48599 9.71701918 0.22812065 2.92953168 
0.48699 9.69784092 0.22816683 2.92973708 
0.48799 9.67894979 0.22822978 2.92993228 
0.48899 9.66034198 0.22830950 2.93011771 
0.48999 9.64201369 0.22840604 2.93029375 
0.49099 9.62396121 0.22851940 2.93046079 
0.49199 9.60618086 0.22864964 2.93061920 
0.49299 9.58866900 0.22879679 2.93076935 
0.49399 9.57142206 0.22896089 2.93091158 
0.49499 9.55443651 0.22914198 2.93104622 
0.49600 9.53770888 0.22934012 2.93117360 
0.49700 9.52123576 0.22955535 2.93129405 
0.49800 9.50501377 0.22978775 2.93140785 
0.49900 9.48903961 0.23003736 2.93151532 
0.50000 9.47331004 0.23030427 2.93161673 
