-0.50000 5.04331579 0.12702273 1.96520282 
-0.49900 5.04351517 0.12658805 1.96521206 
-0.49800 5.04371590 0.12616108 1.96522121 
-0.49700 5.04391800 0.12574171 1.96523025 
-0.49600 5.04412146 0.12532984 1.96523920 
-0.49499 5.04432628 0.12492538 1.96524805 
-0.49399 5.04453245 0.12452821 1.96525679 
-0.49299 5.04473999 0.12413826 1.96526544 
-0.49199 5.04494888 0.12375543 1.96527398 
-0.49099 5.04515913 0.12337962 1.96528243 
-0.48999 5.04537074 0.12301075 1.96529077 
-0.48899 5.04558370 0.12264873 1.96529901 
-0.48799 5.04579801 0.12229348 1.96530715 
-0.48699 5.04601368 0.12194491 1.96531518 
-0.48599 5.04623071 0.12160295 1.96532312 
-0.48498 5.04644909 0.12126750 1.96533094 
-0.48398 5.04666882 0.12093851 1.96533866 
-0.48298 5.04688990 0.12061589 1.96534628 
-0.48198 5.04711233 0.12029957 1.96535379 
-0.48098 5.04733611 0.11998948 1.96536119 
-0.47998 5.04756124 0.11968555 1.96536848 
-0.47898 5.04778771 0.11938770 1.96537566 
-0.47798 5.04801553 0.11909588 1.96538272 
-0.47698 5.04824470 0.11881002 1.96538968 
-0.47598 5.04847521 0.11853006 1.96539652 
-0.47497 5.04870707 0.11825592 1.96540325 
-0.47397 5.04894027 0.11798756 1.96540986 
-0.47297 5.04917481 0.11772491 1.96541635 
-0.47197 5.04941069 0.11746792 1.96542272 
-0.47097 5.04964790 0.11721653 1.96542897 
-0.46997 5.04988646 0.11697068 1.96543510 
-0.46897 5.05012635 0.11673032 1.96544110 
-0.46797 5.05036757 0.11649540 1.96544698 
-0.46697 5.05061013 0.11626588 1.96545272 
-0.46597 5.05085402 0.11604169 1.96545834 
-0.46496 5.05109924 0.11582279 1.96546383 
-0.46396 5.05134579 0.11560913 1.96546918 
-0.46296 5.05159366 0.11540068 1.96547440 
-0.46196 5.05184286 0.11519738 1.96547948 
-0.46096 5.05209338 0.11499918 1.96548441 
-0.45996 5.05234523 0.11480606 1.96548921 
-0.45896 5.05259839 0.11461796 1.96549386 
-0.45796 5.05285287 0.11443485 1.96549836 
-0.45696 5.05310867 0.11425668 1.96550272 
-0.45596 5.05336578 0.11408343 1.96550692 
-0.45495 5.05362420 0.11391505 1.96551096 
-0.45395 5.05388394 0.11375150 1.96551485 
-0.45295 5.05414498 0.11359276 1.96551858 
-0.45195 5.05440733 0.11343879 1.96552215 
-0.45095 5.05467098 0.11328955 1.96552555 
-0.44995 5.05493593 0.11314502 1.96552879 
-0.44895 5.05520218 0.11300516 1.96553185 
-0.44795 5.05546972 0.11286995 1.96553474 
-0.44695 5.05573856 0.11273935 1.96553745 
-0.44595 5.05600869 0.11261334 1.96553998 
-0.44494 5.05628011 0.11249189 1.96554232 
-0.44394 5.05655282 0.11237497 1.96554448 
-0.44294 5.05682681 0.11226256 1.96554645 
-0.44194 5.05710208 0.11215464 1.96554823 
-0.44094 5.05737863 0.11205118 1.96554981 
-0.43994 5.05765645 0.11195216 1.96555119 
-0.43894 5.05793555 0.11185755 1.96555236 
-0.43794 5.05821592 0.11176735 1.96555333 
-0.43694 5.05849755 0.11168152 1.96555408 
-0.43594 5.05878045 0.11160004 1.96555462 
-0.43493 5.05906460 0.11152291 1.96555494 
-0.43393 5.05935002 0.11145010 1.96555504 
-0.43293 5.05963668 0.11138160 1.96555491 
-0.43193 5.05992460 0.11131738 1.96555455 
-0.43093 5.06021377 0.11125744 1.96555395 
-0.42993 5.06050418 0.11120176 1.96555311 
-0.42893 5.06079583 0.11115033 1.96555203 
-0.42793 5.06108872 0.11110314 1.96555070 
-0.42693 5.06138284 0.11106016 1.96554911 
-0.42593 5.06167820 0.11102140 1.96554727 
-0.42492 5.06197478 0.11098684 1.96554517 
-0.42392 5.06227258 0.11095647 1.96554280 
-0.42292 5.06257161 0.11093029 1.96554016 
-0.42192 5.06287185 0.11090828 1.96553724 
-0.42092 5.06317330 0.11089044 1.96553404 
-0.41992 5.06347596 0.11087677 1.96553055 
-0.41892 5.06377983 0.11086725 1.96552677 
-0.41792 5.06408490 0.11086188 1.96552269 
-0.41692 5.06439116 0.11086065 1.96551831 
-0.41592 5.06469862 0.11086358 1.96551362 
-0.41491 5.06500726 0.11087064 1.96550862 
-0.41391 5.06531709 0.11088184 1.96550330 
-0.41291 5.06562811 0.11089719 1.96549765 
-0.41191 5.06594030 0.11091667 1.96549168 
-0.41091 5.06625366 0.11094028 1.96548536 
-0.40991 5.06656819 0.11096804 1.96547871 
-0.40891 5.06688389 0.11099994 1.96547170 
-0.40791 5.06720075 0.11103598 1.96546434 
-0.40691 5.06751876 0.11107617 1.96545662 
-0.40591 5.06783793 0.11112051 1.96544854 
-0.40490 5.06815824 0.11116901 1.96544007 
-0.40390 5.06847970 0.11122167 1.96543123 
-0.40290 5.06880230 0.11127850 1.96542200 
-0.40190 5.06912603 0.11133950 1.96541238 
-0.40090 5.06945089 0.11140469 1.96540235 
-0.39990 5.06977688 0.11147407 1.96539192 
-0.39890 5.07010400 0.11154765 1.96538107 
-0.39790 5.07043223 0.11162545 1.96536980 
-0.39690 5.07076158 0.11170747 1.96535811 
-0.39590 5.07109203 0.11179372 1.96534597 
-0.39489 5.07142359 0.11188422 1.96533339 
-0.39389 5.07175626 0.11197898 1.96532036 
-0.39289 5.07209002 0.11207802 1.96530686 
-0.39189 5.07242487 0.11218135 1.96529290 
-0.39089 5.07276081 0.11228898 1.96527847 
-0.38989 5.07309784 0.11240094 1.96526354 
-0.38889 5.07343595 0.11251724 1.96524813 
-0.38789 5.07377513 0.11263790 1.96523222 
-0.38689 5.07411539 0.11276293 1.96521579 
-0.38589 5.07445671 0.11289237 1.96519885 
-0.38488 5.07479910 0.11302623 1.96518138 
-0.38388 5.07514255 0.11316453 1.96516337 
-0.38288 5.07548706 0.11330729 1.96514482 
-0.38188 5.07583262 0.11345454 1.96512572 
-0.38088 5.07617922 0.11360630 1.96510605 
-0.37988 5.07652688 0.11376261 1.96508581 
-0.37888 5.07687557 0.11392348 1.96506498 
-0.37788 5.07722530 0.11408894 1.96504357 
-0.37688 5.07757607 0.11425902 1.96502155 
-0.37588 5.07792787 0.11443375 1.96499891 
-0.37487 5.07828070 0.11461317 1.96497566 
-0.37387 5.07863455 0.11479729 1.96495177 
-0.37287 5.07898942 0.11498616 1.96492724 
-0.37187 5.07934531 0.11517981 1.96490205 
-0.37087 5.07970222 0.11537827 1.96487620 
-0.36987 5.08006014 0.11558158 1.96484967 
-0.36887 5.08041907 0.11578977 1.96482245 
-0.36787 5.08077901 0.11600289 1.96479453 
-0.36687 5.08113996 0.11622096 1.96476590 
-0.36587 5.08150191 0.11644404 1.96473655 
-0.36486 5.08186486 0.11667216 1.96470647 
-0.36386 5.08222881 0.11690536 1.96467564 
-0.36286 5.08259375 0.11714369 1.96464404 
-0.36186 5.08295970 0.11738719 1.96461168 
-0.36086 5.08332663 0.11763591 1.96457854 
-0.35986 5.08369456 0.11788990 1.96454459 
-0.35886 5.08406349 0.11814920 1.96450984 
-0.35786 5.08443340 0.11841386 1.96447426 
-0.35686 5.08480431 0.11868394 1.96443785 
-0.35586 5.08517621 0.11895949 1.96440058 
-0.35485 5.08554910 0.11924055 1.96436245 
-0.35385 5.08592298 0.11952719 1.96432344 
-0.35285 5.08629785 0.11981947 1.96428354 
-0.35185 5.08667371 0.12011743 1.96424273 
-0.35085 5.08705057 0.12042114 1.96420100 
-0.34985 5.08742842 0.12073067 1.96415833 
-0.34885 5.08780727 0.12104607 1.96411471 
-0.34785 5.08818711 0.12136740 1.96407012 
-0.34685 5.08856796 0.12169475 1.96402455 
-0.34585 5.08894980 0.12202816 1.96397797 
-0.34484 5.08933266 0.12236771 1.96393038 
-0.34384 5.08971652 0.12271347 1.96388176 
-0.34284 5.09010139 0.12306552 1.96383209 
-0.34184 5.09048728 0.12342392 1.96378135 
-0.34084 5.09087419 0.12378876 1.96372953 
-0.33984 5.09126212 0.12416011 1.96367661 
-0.33884 5.09165108 0.12453806 1.96362257 
-0.33784 5.09204108 0.12492268 1.96356739 
-0.33684 5.09243212 0.12531406 1.96351106 
-0.33584 5.09282421 0.12571228 1.96345356 
-0.33483 5.09321736 0.12611744 1.96339486 
-0.33383 5.09361157 0.12652962 1.96333494 
-0.33283 5.09400685 0.12694892 1.96327380 
-0.33183 5.09440321 0.12737542 1.96321140 
-0.33083 5.09480065 0.12780924 1.96314774 
-0.32983 5.09519920 0.12825047 1.96308278 
-0.32883 5.09559886 0.12869920 1.96301650 
-0.32783 5.09599963 0.12915555 1.96294890 
-0.32683 5.09640154 0.12961962 1.96287993 
-0.32583 5.09680459 0.13009152 1.96280959 
-0.32482 5.09720879 0.13057136 1.96273785 
-0.32382 5.09761417 0.13105927 1.96266468 
-0.32282 5.09802072 0.13155534 1.96259007 
-0.32182 5.09842848 0.13205972 1.96251399 
-0.32082 5.09883745 0.13257252 1.96243642 
-0.31982 5.09924766 0.13309387 1.96235733 
-0.31882 5.09965911 0.13362389 1.96227669 
-0.31782 5.10007183 0.13416273 1.96219449 
-0.31682 5.10048583 0.13471051 1.96211070 
-0.31582 5.10090114 0.13526738 1.96202529 
-0.31481 5.10131778 0.13583348 1.96193824 
-0.31381 5.10173577 0.13640897 1.96184951 
-0.31281 5.10215512 0.13699398 1.96175909 
-0.31181 5.10257587 0.13758867 1.96166694 
-0.31081 5.10299804 0.13819321 1.96157303 
-0.30981 5.10342166 0.13880775 1.96147735 
-0.30881 5.10384675 0.13943247 1.96137985 
-0.30781 5.10427334 0.14006752 1.96128051 
-0.30681 5.10470146 0.14071310 1.96117930 
-0.30581 5.10513113 0.14136937 1.96107619 
-0.30480 5.10556240 0.14203652 1.96097115 
-0.30380 5.10599530 0.14271474 1.96086414 
-0.30280 5.10642985 0.14340423 1.96075514 
-0.30180 5.10686610 0.14410518 1.96064410 
-0.30080 5.10730408 0.14481780 1.96053101 
-0.29980 5.10774383 0.14554230 1.96041581 
-0.29880 5.10818538 0.14627889 1.96029849 
-0.29780 5.10862879 0.14702779 1.96017900 
-0.29680 5.10907410 0.14778924 1.96005730 
-0.29580 5.10952134 0.14856346 1.95993337 
-0.29479 5.10997057 0.14935069 1.95980717 
-0.29379 5.11042183 0.15015118 1.95967864 
-0.29279 5.11087517 0.15096518 1.95954777 
-0.29179 5.11133065 0.15179295 1.95941451 
-0.29079 5.11178831 0.15263475 1.95927881 
-0.28979 5.11224822 0.15349086 1.95914065 
-0.28879 5.11271043 0.15436156 1.95899997 
-0.28779 5.11317500 0.15524715 1.95885673 
-0.28679 5.11364199 0.15614790 1.95871090 
-0.28579 5.11411146 0.15706414 1.95856243 
-0.28478 5.11458349 0.15799617 1.95841127 
-0.28378 5.11505814 0.15894432 1.95825738 
-0.28278 5.11553548 0.15990892 1.95810071 
-0.28178 5.11601558 0.16089031 1.95794122 
-0.28078 5.11649852 0.16188884 1.95777885 
-0.27978 5.11698438 0.16290488 1.95761356 
-0.27878 5.11747323 0.16393879 1.95744530 
-0.27778 5.11796517 0.16499096 1.95727402 
-0.27678 5.11846028 0.16606178 1.95709967 
-0.27578 5.11895865 0.16715167 1.95692218 
-0.27477 5.11946037 0.16826103 1.95674152 
-0.27377 5.11996553 0.16939030 1.95655762 
-0.27277 5.12047425 0.17053992 1.95637043 
-0.27177 5.12098661 0.17171035 1.95617989 
-0.27077 5.12150273 0.17290206 1.95598594 
-0.26977 5.12202271 0.17411554 1.95578852 
-0.26877 5.12254667 0.17535129 1.95558758 
-0.26777 5.12307472 0.17660983 1.95538305 
-0.26677 5.12360699 0.17789168 1.95517486 
-0.26577 5.12414360 0.17919741 1.95496296 
-0.26476 5.12468468 0.18052757 1.95474728 
-0.26376 5.12523036 0.18188275 1.95452774 
-0.26276 5.12578078 0.18326356 1.95430429 
-0.26176 5.12633609 0.18467062 1.95407685 
-0.26076 5.12689643 0.18610457 1.95384535 
-0.25976 5.12746194 0.18756609 1.95360971 
-0.25876 5.12803280 0.18905587 1.95336987 
-0.25776 5.12860916 0.19057461 1.95312575 
-0.25676 5.12919119 0.19212304 1.95287726 
-0.25576 5.12977907 0.19370194 1.95262433 
-0.25475 5.13037296 0.19531209 1.95236688 
-0.25375 5.13097307 0.19695430 1.95210483 
-0.25275 5.13157957 0.19862942 1.95183808 
-0.25175 5.13219267 0.20033832 1.95156656 
-0.25075 5.13281257 0.20208190 1.95129017 
-0.24975 5.13343948 0.20386109 1.95100883 
-0.24875 5.13407362 0.20567688 1.95072244 
-0.24775 5.13471522 0.20753026 1.95043091 
-0.24675 5.13536450 0.20942227 1.95013413 
-0.24575 5.13602172 0.21135399 1.94983202 
-0.24474 5.13668711 0.21332655 1.94952447 
-0.24374 5.13736094 0.21534110 1.94921137 
-0.24274 5.13804347 0.21739886 1.94889262 
-0.24174 5.13873498 0.21950108 1.94856811 
-0.24074 5.13943575 0.22164904 1.94823773 
-0.23974 5.14014608 0.22384412 1.94790137 
-0.23874 5.14086626 0.22608771 1.94755891 
-0.23774 5.14159662 0.22838126 1.94721023 
-0.23674 5.14233748 0.23072631 1.94685520 
-0.23574 5.14308917 0.23312442 1.94649370 
-0.23473 5.14385205 0.23557724 1.94612561 
-0.23373 5.14462648 0.23808649 1.94575079 
-0.23273 5.14541282 0.24065394 1.94536911 
-0.23173 5.14621147 0.24328144 1.94498043 
-0.23073 5.14702281 0.24597095 1.94458460 
-0.22973 5.14784728 0.24872446 1.94418148 
-0.22873 5.14868528 0.25154408 1.94377093 
-0.22773 5.14953728 0.25443202 1.94335279 
-0.22673 5.15040372 0.25739055 1.94292689 
-0.22573 5.15128508 0.26042208 1.94249309 
-0.22472 5.15218185 0.26352910 1.94205122 
-0.22372 5.15309454 0.26671422 1.94160110 
-0.22272 5.15402369 0.26998019 1.94114256 
-0.22172 5.15496984 0.27332985 1.94067542 
-0.22072 5.15593355 0.27676620 1.94019951 
-0.21972 5.15691543 0.28029237 1.93971462 
-0.21872 5.15791607 0.28391164 1.93922057 
-0.21772 5.15893611 0.28762746 1.93871715 
-0.21672 5.15997620 0.29144344 1.93820416 
-0.21572 5.16103704 0.29536335 1.93768139 
-0.21471 5.16211933 0.29939117 1.93714862 
-0.21371 5.16322380 0.30353108 1.93660563 
-0.21271 5.16435122 0.30778746 1.93605219 
-0.21171 5.16550238 0.31216492 1.93548806 
-0.21071 5.16667811 0.31666833 1.93491300 
-0.20971 5.16787925 0.32130278 1.93432675 
-0.20871 5.16910671 0.32607365 1.93372905 
-0.20771 5.17036141 0.33098663 1.93311965 
-0.20671 5.17164431 0.33604768 1.93249826 
-0.20571 5.17295641 0.34126313 1.93186460 
-0.20470 5.17429877 0.34663963 1.93121838 
-0.20370 5.17567246 0.35218424 1.93055929 
-0.20270 5.17707862 0.35790439 1.92988703 
-0.20170 5.17851842 0.36380797 1.92920127 
-0.20070 5.17999311 0.36990332 1.92850167 
-0.19970 5.18150395 0.37619928 1.92778790 
-0.19870 5.18305230 0.38270523 1.92705960 
-0.19770 5.18463955 0.38943113 1.92631639 
-0.19670 5.18626715 0.39638753 1.92555791 
-0.19570 5.18793663 0.40358568 1.92478375 
-0.19469 5.18964959 0.41103753 1.92399351 
-0.19369 5.19140768 0.41875579 1.92318675 
-0.19269 5.19321266 0.42675402 1.92236306 
-0.19169 5.19506635 0.43504670 1.92152196 
-0.19069 5.19697066 0.44364924 1.92066299 
-0.18969 5.19892759 0.45257816 1.91978565 
-0.18869 5.20093925 0.46185110 1.91888943 
-0.18769 5.20300783 0.47148694 1.91797382 
-0.18669 5.20513565 0.48150592 1.91703824 
-0.18569 5.20732514 0.49192977 1.91608213 
-0.18468 5.20957886 0.50278180 1.91510489 
-0.18368 5.21189949 0.51408710 1.91410590 
-0.18268 5.21428987 0.52587264 1.91308450 
-0.18168 5.21675298 0.53816753 1.91204000 
-0.18068 5.21929196 0.55100313 1.91097171 
-0.17968 5.22191014 0.56441335 1.90987887 
-0.17868 5.22461102 0.57843484 1.90876071 
-0.17768 5.22739830 0.59310732 1.90761639 
-0.17668 5.23027592 0.60847385 1.90644507 
-0.17568 5.23324803 0.62458120 1.90524584 
-0.17467 5.23631903 0.64148023 1.90401775 
-0.17367 5.23949362 0.65922635 1.90275979 
-0.17267 5.24277676 0.67787999 1.90147090 
-0.17167 5.24617374 0.69750719 1.90014996 
-0.17067 5.24969021 0.71818022 1.89879580 
-0.16967 5.25333219 0.73997833 1.89740714 
-0.16867 5.25710609 0.76298852 1.89598264 
-0.16767 5.26101881 0.78730656 1.89452089 
-0.16667 5.26507770 0.81303798 1.89302037 
-0.16567 5.26929067 0.84029937 1.89147943 
-0.16466 5.27366621 0.86921978 1.88989633 
-0.16366 5.27821349 0.89994233 1.88826921 
-0.16266 5.28294236 0.93262613 1.88659602 
-0.16166 5.28786349 0.96744847 1.88487458 
-0.16066 5.29298843 1.00460737 1.88310252 
-0.15966 5.29832971 1.04432454 1.88127723 
-0.15866 5.30390096 1.08684891 1.87939591 
-0.15766 5.30971704 1.13246069 1.87745544 
-0.15666 5.31579418 1.18147624 1.87545241 
-0.15566 5.32215016 1.23425379 1.87338306 
-0.15465 5.32880453 1.29120023 1.87124318 
-0.15365 5.33577879 1.35277931 1.86902810 
-0.15265 5.34309673 1.41952135 1.86673258 
-0.15165 5.35078471 1.49203501 1.86435071 
-0.15065 5.35887204 1.57102155 1.86187578 
-0.14965 5.36739143 1.65729217 1.85930015 
-0.14865 5.37637952 1.75178920 1.85661506 
-0.14765 5.38587753 1.85561222 1.85381040 
-0.14665 5.39593197 1.97005038 1.85087442 
-0.14565 5.40659563 2.09662264 1.84779335 
-0.14464 5.41792862 2.23712823 1.84455099 
-0.14364 5.42999975 2.39371039 1.84112810 
-0.14264 5.44288821 2.56893737 1.83750162 
-0.14164 5.45668557 2.76590630 1.83364374 
-0.14064 5.47149836 2.98837736 1.82952062 
-0.13964 5.48745118 3.24094863 1.82509064 
-0.13864 5.50469073 3.52928598 1.82030223 
-0.13764 5.52339069 3.86042815 1.81509076 
-0.13664 5.54375815 4.24319569 1.80937444 
-0.13564 5.56604152 4.68874454 1.80304861 
-0.13463 5.59054073 5.21132323 1.79597777 
-0.13363 5.61762015 5.82931952 1.78798441 
-0.13263 5.64772474 6.56672129 1.77883304 
-0.13163 5.68140011 7.45517473 1.76820712 
-0.13063 5.71931623 8.53690458 1.75567546 
-0.12963 5.76229346 9.86887190 1.74064291 
-0.12863 5.81132517 11.52867212 1.72227753 
-0.12763 5.86758229 13.62275582 1.69940387 
-0.12663 5.93236337 16.29735778 1.67035001 
-0.12563 6.00690485 19.75134821 1.63274206 
-0.12462 6.09186269 24.24613362 1.58327248 
-0.12362 6.18607654 30.09590601 1.51758450 
-0.12262 6.28394581 37.59249335 1.43073915 
-0.12162 6.37078440 46.76646640 1.31942723 
-0.12062 6.41760944 56.86612994 1.18776132 
-0.11962 6.38397237 65.72279221 1.05613749 
-0.11862 6.24345955 70.05199467 0.96230939 
-0.11762 6.02052029 67.75473436 0.93852114 
-0.11662 5.78344702 60.04176415 0.98233082 
-0.11562 5.59004681 50.14357860 1.06280338 
-0.11461 5.45851514 40.66137312 1.14944289 
-0.11361 5.38059225 32.71263266 1.22595925 
-0.11261 5.34102613 26.43884832 1.28745241 
-0.11161 5.32669660 21.59917243 1.33443851 
-0.11061 5.32843856 17.88043383 1.36915104 
-0.10961 5.34035597 15.00756908 1.39395970 
-0.10861 5.35878055 12.76664826 1.41086277 
-0.10761 5.38145787 10.99883451 1.42140412 
-0.10661 5.40700761 9.58804942 1.42672583 
-0.10561 5.43458564 8.44959213 1.42764742 
-0.10460 5.46367614 7.52131358 1.42473601 
-0.10360 5.49396306 6.75719656 1.41835913 
-0.10260 5.52524873 6.12279975 1.40872007 
-0.10160 5.55740020 5.59204686 1.39587759 
-0.10060 5.59031100 5.14495813 1.37975066 
-0.09960 5.62387092 4.76603479 1.36010711 
-0.09860 5.65793964 4.44309386 1.33653090 
-0.09760 5.69232429 4.16641273 1.30835646 
-0.09660 5.72677334 3.92808566 1.27454401 
-0.09560 5.76104450 3.72152885 1.23343855 
-0.09459 5.79530712 3.54112966 1.18227958 
-0.09359 5.83222793 3.38232264 1.11619573 
-0.09259 5.88927682 3.24454423 1.02725883 
-0.09159 6.05317754 3.14944685 0.92160652 
-0.09059 6.38708867 3.12353312 0.85062507 
-0.08959 6.78844514 3.14239579 0.81071567 
-0.08859 7.22766427 3.19872192 0.78226009 
-0.08759 7.71286608 3.29774846 0.75808248 
-0.08659 8.26082983 3.44918893 0.73530816 
-0.08559 8.89550431 3.66750468 0.71244441 
-0.08458 9.65234054 3.97462624 0.68848969 
-0.08358 10.58798600 4.40559666 0.66259380 
-0.08258 11.80226200 5.02091958 0.63390143 
-0.08158 13.49654364 5.93814808 0.60155378 
-0.08058 16.17088843 7.43440108 0.56546634 
-0.07958 21.56750719 10.41884931 0.53410424 
-0.07858 37.14365799 18.59670716 0.57826637 
-0.07758 41.67730409 20.85060848 0.50447272 
-0.07658 19.15877472 9.31362025 0.25433252 
-0.07558 10.95906475 5.07966525 0.16951471 
-0.07457 8.18264567 3.59062665 0.13878875 
-0.07357 7.14476291 2.97639807 0.12531532 
-0.07257 6.82427274 2.72111304 0.11923173 
-0.07157 6.88833791 2.65714854 0.11728139 
-0.07057 7.22735918 2.72881495 0.11829838 
-0.06957 7.83858106 2.93105598 0.12204943 
-0.06857 8.83576370 3.30165328 0.12915719 
-0.06757 10.73098841 3.97204150 0.14332851 
-0.06657 16.69059687 5.54103348 0.19352189 
-0.06557 38.86017802 10.22541128 0.38769094 
-0.06456 49.87611879 12.93677859 0.43755600 
-0.06356 20.37092177 8.25856213 0.15883748 
-0.06256 9.23025334 7.43415385 0.06397429 
-0.06156 5.32029018 8.65069165 0.03240917 
-0.06056 3.68360325 11.55118385 0.01915540 
-0.05956 3.01344884 17.21260063 0.01258084 
-0.05856 3.01669196 29.12797638 0.00897050 
-0.05756 4.05485614 58.99048447 0.00697376 
-0.05656 8.05510900 149.93833160 0.00630426 
-0.05556 13.25913027 265.24915737 0.00613209 
-0.05455 6.36012726 120.15439216 0.00400985 
-0.05355 2.95810502 49.34956046 0.00287143 
-0.05255 1.76115386 25.35863155 0.00227404 
-0.05155 1.22685865 15.24434452 0.00188257 
-0.05055 0.93850219 10.15759917 0.00159687 
-0.04955 0.76127172 7.26677202 0.00137681 
-0.04855 0.64204837 5.47484743 0.00120186 
-0.04755 0.55649343 4.29056094 0.00105972 
-0.04655 0.49210481 3.46864485 0.00094236 
-0.04555 0.44186693 2.87597343 0.00084419 
-0.04454 0.40155804 2.43536622 0.00076119 
-0.04354 0.36849048 2.09963476 0.00069035 
-0.04254 0.34087265 1.83864055 0.00062941 
-0.04154 0.31746380 1.63242164 0.00057659 
-0.04054 0.29737673 1.46734536 0.00053053 
-0.03954 0.27995965 1.33385708 0.00049011 
-0.03854 0.26472249 1.22511172 0.00045447 
-0.03754 0.25128934 1.13611427 0.00042288 
-0.03654 0.23936685 1.06316445 0.00039476 
-0.03554 0.22872259 1.00348896 0.00036963 
-0.03453 0.21916995 0.95499284 0.00034708 
-0.03353 0.21055732 0.91608841 0.00032678 
-0.03253 0.20276024 0.88557615 0.00030845 
-0.03153 0.19567563 0.86256106 0.00029184 
-0.03053 0.18921737 0.84639401 0.00027675 
-0.02953 0.18331301 0.83663136 0.00026301 
-0.02853 0.17790123 0.83300813 0.00025047 
-0.02753 0.17292985 0.83542228 0.00023899 
-0.02653 0.16835425 0.84392819 0.00022847 
-0.02553 0.16413622 0.85873878 0.00021881 
-0.02452 0.16024291 0.88023650 0.00020993 
-0.02352 0.15664616 0.90899403 0.00020174 
-0.02252 0.15332187 0.94580680 0.00019418 
-0.02152 0.15024954 0.99174048 0.00018720 
-0.02052 0.14741204 1.04819866 0.00018075 
-0.01952 0.14479539 1.11701832 0.00017478 
-0.01852 0.14238871 1.20060493 0.00016924 
-0.01752 0.14018441 1.30212547 0.00016411 
-0.01652 0.13817851 1.42578783 0.00015936 
-0.01552 0.13637131 1.57725278 0.00015496 
-0.01451 0.13476851 1.76425375 0.00015087 
-0.01351 0.13338302 1.99755263 0.00014709 
-0.01251 0.13223794 2.29245535 0.00014360 
-0.01151 0.13137158 2.67129358 0.00014037 
-0.01051 0.13084602 3.16764306 0.00013741 
-0.00951 0.13076235 3.83381186 0.00013470 
-0.00851 0.13128934 4.75483324 0.00013224 
-0.00751 0.13272036 6.07626721 0.00013005 
-0.00651 0.13559537 8.06371478 0.00012813 
-0.00551 0.14098735 11.24254822 0.00012653 
-0.00450 0.15125824 16.76659199 0.00012533 
-0.00350 0.17237524 27.54787643 0.00012471 
-0.00250 0.22246179 52.42715086 0.00012497 
-0.00150 0.36822244 123.93935354 0.00012624 
-0.00050 0.72596274 298.81292396 0.00012105 
0.00050 0.52807190 202.66652196 0.00010481 
0.00150 0.27171546 77.97505885 0.00010367 
0.00250 0.18718194 37.06057485 0.00010446 
0.00350 0.15390115 21.11935601 0.00010480 
0.00450 0.13781592 13.54160180 0.00010482 
0.00551 0.12882343 9.40058931 0.00010469 
0.00651 0.12324897 6.90468682 0.00010449 
0.00751 0.11952242 5.28866301 0.00010429 
0.00851 0.11688703 4.18392890 0.00010411 
0.00951 0.11494298 3.39592482 0.00010398 
0.01051 0.11346330 2.81432985 0.00010391 
0.01151 0.11231152 2.37289522 0.00010390 
0.01251 0.11140161 2.02992608 0.00010398 
0.01351 0.11067720 1.75813507 0.00010413 
0.01451 0.11010015 1.53906400 0.00010436 
0.01552 0.10964391 1.35986885 0.00010469 
0.01652 0.10928965 1.21139061 0.00010510 
0.01752 0.10902371 1.08695668 0.00010561 
0.01852 0.10883609 0.98161334 0.00010622 
0.01952 0.10871938 0.89162076 0.00010693 
0.02052 0.10866811 0.81411292 0.00010774 
0.02152 0.10867822 0.74686367 0.00010867 
0.02252 0.10874678 0.68812266 0.00010971 
0.02352 0.10887171 0.63649831 0.00011087 
0.02452 0.10905165 0.59087304 0.00011216 
0.02553 0.10928582 0.55034099 0.00011359 
0.02653 0.10957396 0.51416160 0.00011515 
0.02753 0.10991622 0.48172468 0.00011686 
0.02853 0.11031320 0.45252382 0.00011873 
0.02953 0.11076583 0.42613583 0.00012077 
0.03053 0.11127544 0.40220490 0.00012299 
0.03153 0.11184370 0.38043007 0.00012540 
0.03253 0.11247266 0.36055537 0.00012801 
0.03353 0.11316472 0.34236202 0.00013085 
0.03453 0.11392272 0.32566207 0.00013393 
0.03554 0.11474989 0.31029335 0.00013727 
0.03654 0.11564996 0.29611534 0.00014089 
0.03754 0.11662715 0.28300578 0.00014482 
0.03854 0.11768625 0.27085788 0.00014909 
0.03954 0.11883270 0.25957806 0.00015373 
0.04054 0.12007266 0.24908400 0.00015878 
0.04154 0.12141311 0.23930309 0.00016427 
0.04254 0.12286197 0.23017109 0.00017027 
0.04354 0.12442828 0.22163097 0.00017682 
0.04454 0.12612233 0.21363200 0.00018400 
0.04555 0.12795590 0.20612895 0.00019188 
0.04655 0.12994254 0.19908139 0.00020055 
0.04755 0.13209790 0.19245309 0.00021011 
0.04855 0.13444013 0.18621159 0.00022069 
0.04955 0.13699044 0.18032768 0.00023244 
0.05055 0.13977374 0.17477515 0.00024554 
0.05155 0.14281954 0.16953038 0.00026021 
0.05255 0.14616306 0.16457217 0.00027671 
0.05355 0.14984678 0.15988145 0.00029537 
0.05455 0.15392246 0.15544119 0.00031661 
0.05556 0.15845400 0.15123622 0.00034094 
0.05656 0.16352137 0.14725319 0.00036904 
0.05756 0.16922646 0.14348052 0.00040179 
0.05856 0.17570163 0.13990854 0.00044037 
0.05956 0.18312302 0.13652963 0.00048640 
0.06056 0.19173200 0.13333867 0.00054216 
0.06156 0.20187150 0.13033377 0.00061101 
0.06256 0.21405163 0.12751778 0.00069809 
0.06356 0.22907781 0.12490124 0.00081178 
0.06456 0.24832777 0.12250891 0.00096686 
0.06557 0.27443473 0.12039591 0.00119245 
0.06657 0.31329785 0.11869545 0.00155571 
0.06757 0.38129602 0.11779023 0.00224945 
0.06857 0.52437670 0.11876528 0.00384906 
0.06957 0.74483758 0.12165644 0.00654196 
0.07057 0.95738015 0.12442502 0.00941182 
0.07157 1.15355165 0.12688890 0.01236023 
0.07257 1.34694210 0.12940005 0.01557973 
0.07357 1.55740669 0.13247185 0.01936629 
0.07457 1.82965607 0.13720121 0.02434394 
0.07558 2.18954928 0.14401474 0.03113658 
0.07658 2.55390870 0.15075960 0.03936563 
0.07758 2.90654262 0.15715735 0.04953778 
0.07858 3.26362289 0.16371133 0.06319986 
0.07958 3.64537328 0.17107074 0.08378747 
0.08058 4.08144360 0.18030353 0.12071306 
0.08158 4.58965647 0.19233782 0.19778418 
0.08258 5.03244617 0.20222120 0.30406055 
0.08358 5.35557891 0.20726166 0.39296667 
0.08458 5.62777878 0.20986193 0.46549606 
0.08559 5.89227481 0.21161802 0.53069953 
0.08659 6.18467220 0.21381577 0.59940756 
0.08759 6.53601852 0.21810649 0.69313807 
0.08859 6.84691999 0.22305390 0.81462851 
0.08959 7.02590796 0.22504837 0.91967322 
0.09059 7.12810067 0.22485333 1.00390609 
0.09159 7.18880884 0.22340630 1.07372112 
0.09259 7.22418694 0.22119955 1.13329024 
0.09359 7.24274915 0.21850872 1.18516373 
0.09459 7.24955583 0.21550258 1.23100384 
0.09560 7.24787161 0.21229142 1.27196279 
0.09660 7.23992485 0.20895071 1.30887902 
0.09760 7.22729887 0.20553377 1.34238608 
0.09860 7.21115230 0.20207912 1.37297691 
0.09960 7.19235208 0.19861501 1.40104417 
0.10060 7.17155816 0.19516239 1.42690658 
0.10160 7.14927967 0.19173688 1.45082695 
0.10260 7.12591363 0.18835011 1.47302483 
0.10360 7.10177217 0.18501074 1.49368566 
0.10460 7.07710232 0.18172516 1.51296762 
0.10561 7.05210050 0.17849799 1.53100673 
0.10661 7.02692346 0.17533249 1.54792083 
0.10761 7.00169652 0.17223088 1.56381267 
0.10861 6.97651995 0.16919454 1.57877238 
0.10961 6.95147391 0.16622420 1.59287941 
0.11061 6.92662234 0.16332008 1.60620417 
0.11161 6.90201601 0.16048202 1.61880929 
0.11261 6.87769500 0.15770951 1.63075073 
0.11361 6.85369062 0.15500184 1.64207864 
0.11461 6.83002702 0.15235807 1.65283817 
0.11562 6.80672249 0.14977714 1.66307005 
0.11662 6.78379046 0.14725789 1.67281114 
0.11762 6.76124039 0.14479907 1.68209491 
0.11862 6.73907847 0.14239936 1.69095182 
0.11962 6.71730820 0.14005742 1.69940963 
0.12062 6.69593087 0.13777188 1.70749375 
0.12162 6.67494594 0.13554137 1.71522744 
0.12262 6.65435141 0.13336452 1.72263208 
0.12362 6.63414404 0.13123994 1.72972731 
0.12462 6.61431965 0.12916628 1.73653125 
0.12563 6.59487324 0.12714221 1.74306061 
0.12663 6.57579921 0.12516640 1.74933087 
0.12763 6.55709145 0.12323756 1.75535635 
0.12863 6.53874348 0.12135444 1.76115032 
0.12963 6.52074854 0.11951578 1.76672514 
0.13063 6.50309966 0.11772040 1.77209229 
0.13163 6.48578972 0.11596710 1.77726246 
0.13263 6.46881152 0.11425476 1.78224563 
0.13363 6.45215785 0.11258225 1.78705112 
0.13463 6.43582146 0.11094849 1.79168764 
0.13564 6.41979515 0.10935244 1.79616333 
0.13664 6.40407177 0.10779307 1.80048585 
0.13764 6.38864426 0.10626939 1.80466236 
0.13864 6.37350564 0.10478045 1.80869960 
0.13964 6.35864906 0.10332532 1.81260388 
0.14064 6.34406776 0.10190309 1.81638117 
0.14164 6.32975514 0.10051289 1.82003706 
0.14264 6.31570472 0.09915387 1.82357685 
0.14364 6.30191017 0.09782521 1.82700551 
0.14464 6.28836529 0.09652613 1.83032776 
0.14565 6.27506405 0.09525584 1.83354805 
0.14665 6.26200054 0.09401360 1.83667057 
0.14765 6.24916902 0.09279868 1.83969932 
0.14865 6.23656390 0.09161040 1.84263806 
0.14965 6.22417971 0.09044807 1.84549037 
0.15065 6.21201116 0.08931102 1.84825963 
0.15165 6.20005308 0.08819864 1.85094907 
0.15265 6.18830045 0.08711029 1.85356174 
0.15365 6.17674839 0.08604538 1.85610055 
0.15465 6.16539216 0.08500333 1.85856825 
0.15566 6.15422713 0.08398359 1.86096748 
0.15666 6.14324884 0.08298559 1.86330075 
0.15766 6.13245292 0.08200882 1.86557043 
0.15866 6.12183516 0.08105277 1.86777879 
0.15966 6.11139143 0.08011693 1.86992802 
0.16066 6.10111775 0.07920083 1.87202016 
0.16166 6.09101025 0.07830400 1.87405721 
0.16266 6.08106516 0.07742598 1.87604105 
0.16366 6.07127883 0.07656634 1.87797348 
0.16466 6.06164770 0.07572465 1.87985623 
0.16567 6.05216834 0.07490050 1.88169094 
0.16667 6.04283738 0.07409348 1.88347920 
0.16767 6.03365159 0.07330320 1.88522252 
0.16867 6.02460779 0.07252929 1.88692235 
0.16967 6.01570293 0.07177137 1.88858008 
0.17067 6.00693403 0.07102909 1.89019704 
0.17167 5.99829819 0.07030210 1.89177450 
0.17267 5.98979259 0.06959007 1.89331370 
0.17367 5.98141451 0.06889267 1.89481582 
0.17467 5.97316130 0.06820957 1.89628197 
0.17568 5.96503037 0.06754047 1.89771326 
0.17668 5.95701921 0.06688507 1.89911071 
0.17768 5.94912541 0.06624307 1.90047535 
0.17868 5.94134657 0.06561419 1.90180813 
0.17968 5.93368042 0.06499815 1.90310998 
0.18068 5.92612470 0.06439469 1.90438181 
0.18168 5.91867725 0.06380354 1.90562446 
0.18268 5.91133596 0.06322445 1.90683877 
0.18368 5.90409876 0.06265717 1.90802555 
0.18468 5.89696366 0.06210145 1.90918556 
0.18569 5.88992872 0.06155707 1.91031954 
0.18669 5.88299205 0.06102379 1.91142821 
0.18769 5.87615181 0.06050139 1.91251227 
0.18869 5.86940621 0.05998966 1.91357238 
0.18969 5.86275351 0.05948838 1.91460919 
0.19069 5.85619203 0.05899734 1.91562332 
0.19169 5.84972011 0.05851636 1.91661537 
0.19269 5.84333615 0.05804522 1.91758592 
0.19369 5.83703861 0.05758375 1.91853554 
0.19469 5.83082595 0.05713176 1.91946476 
0.19570 5.82469670 0.05668906 1.92037412 
0.19670 5.81864943 0.05625548 1.92126412 
0.19770 5.81268274 0.05583084 1.92213525 
0.19870 5.80679527 0.05541499 1.92298799 
0.19970 5.80098570 0.05500775 1.92382280 
0.20070 5.79525273 0.05460898 1.92464013 
0.20170 5.78959512 0.05421850 1.92544040 
0.20270 5.78401163 0.05383618 1.92622404 
0.20370 5.77850108 0.05346187 1.92699145 
0.20470 5.77306232 0.05309541 1.92774303 
0.20571 5.76769421 0.05273667 1.92847916 
0.20671 5.76239566 0.05238552 1.92920020 
0.20771 5.75716561 0.05204181 1.92990652 
0.20871 5.75200300 0.05170543 1.93059846 
0.20971 5.74690684 0.05137623 1.93127636 
0.21071 5.74187613 0.05105410 1.93194056 
0.21171 5.73690992 0.05073892 1.93259136 
0.21271 5.73200727 0.05043057 1.93322907 
0.21371 5.72716728 0.05012893 1.93385401 
0.21471 5.72238906 0.04983388 1.93446645 
0.21572 5.71767176 0.04954533 1.93506668 
0.21672 5.71301453 0.04926316 1.93565498 
0.21772 5.70841657 0.04898727 1.93623161 
0.21872 5.70387708 0.04871755 1.93679684 
0.21972 5.69939529 0.04845391 1.93735092 
0.22072 5.69497047 0.04819624 1.93789409 
0.22172 5.69060187 0.04794446 1.93842659 
0.22272 5.68628880 0.04769846 1.93894866 
0.22372 5.68203058 0.04745817 1.93946052 
0.22472 5.67782652 0.04722348 1.93996240 
0.22573 5.67367600 0.04699432 1.94045450 
0.22673 5.66957838 0.04677059 1.94093704 
0.22773 5.66553306 0.04655223 1.94141022 
0.22873 5.66153945 0.04633914 1.94187424 
0.22973 5.65759698 0.04613125 1.94232930 
0.23073 5.65370509 0.04592848 1.94277557 
0.23173 5.64986326 0.04573076 1.94321325 
0.23273 5.64607096 0.04553801 1.94364251 
0.23373 5.64232771 0.04535016 1.94406353 
0.23473 5.63863302 0.04516715 1.94447647 
0.23574 5.63498642 0.04498890 1.94488151 
0.23674 5.63138748 0.04481536 1.94527880 
0.23774 5.62783576 0.04464645 1.94566851 
0.23874 5.62433086 0.04448212 1.94605078 
0.23974 5.62087239 0.04432230 1.94642576 
0.24074 5.61745996 0.04416693 1.94679361 
0.24174 5.61409322 0.04401596 1.94715446 
0.24274 5.61077183 0.04386932 1.94750846 
0.24374 5.60749547 0.04372698 1.94785574 
0.24474 5.60426383 0.04358886 1.94819643 
0.24575 5.60107663 0.04345493 1.94853066 
0.24675 5.59793359 0.04332513 1.94885857 
0.24775 5.59483447 0.04319941 1.94918027 
0.24875 5.59177903 0.04307772 1.94949588 
0.24975 5.58876707 0.04296003 1.94980553 
0.25075 5.58579838 0.04284628 1.95010932 
0.25175 5.58287280 0.04273643 1.95040738 
0.25275 5.57999017 0.04263044 1.95069981 
0.25375 5.57715036 0.04252828 1.95098672 
0.25475 5.57435326 0.04242990 1.95126821 
0.25576 5.57159878 0.04233527 1.95154439 
0.25676 5.56888684 0.04224434 1.95181536 
0.25776 5.56621742 0.04215710 1.95208122 
0.25876 5.56359049 0.04207350 1.95234206 
0.25976 5.56100606 0.04199351 1.95259798 
0.26076 5.55846415 0.04191711 1.95284907 
0.26176 5.55596484 0.04184426 1.95309541 
0.26276 5.55350820 0.04177495 1.95333711 
0.26376 5.55109436 0.04170914 1.95357424 
0.26476 5.54872347 0.04164681 1.95380689 
0.26577 5.54639571 0.04158795 1.95403515 
0.26677 5.54411130 0.04153253 1.95425909 
0.26777 5.54187050 0.04148053 1.95447878 
0.26877 5.53967359 0.04143194 1.95469432 
0.26977 5.53752091 0.04138674 1.95490578 
0.27077 5.53541285 0.04134493 1.95511322 
0.27177 5.53334981 0.04130649 1.95531673 
0.27277 5.53133229 0.04127141 1.95551637 
0.27377 5.52936081 0.04123969 1.95571222 
0.27477 5.52743594 0.04121132 1.95590433 
0.27578 5.52555834 0.04118630 1.95609279 
0.27678 5.52372871 0.04116464 1.95627765 
0.27778 5.52194783 0.04114634 1.95645898 
0.27878 5.52021657 0.04113139 1.95663684 
0.27978 5.51853584 0.04111983 1.95681130 
0.28078 5.51690668 0.04111165 1.95698241 
0.28178 5.51533021 0.04110687 1.95715023 
0.28278 5.51380764 0.04110551 1.95731482 
0.28378 5.51234033 0.04110760 1.95747623 
0.28478 5.51092971 0.04111317 1.95763453 
0.28579 5.50957740 0.04112224 1.95778977 
0.28679 5.50828513 0.04113485 1.95794199 
0.28779 5.50705481 0.04115105 1.95809126 
0.28879 5.50588851 0.04117088 1.95823762 
0.28979 5.50478853 0.04119439 1.95838112 
0.29079 5.50375734 0.04122165 1.95852181 
0.29179 5.50279770 0.04125273 1.95865974 
0.29279 5.50191261 0.04128769 1.95879495 
0.29379 5.50110538 0.04132663 1.95892750 
0.29479 5.50037964 0.04136964 1.95905742 
0.29580 5.49973942 0.04141683 1.95918475 
0.29680 5.49918914 0.04146830 1.95930955 
0.29780 5.49873373 0.04152420 1.95943186 
0.29880 5.49837864 0.04158467 1.95955170 
0.29980 5.49812993 0.04164987 1.95966913 
0.30080 5.49799438 0.04171999 1.95978418 
0.30180 5.49797957 0.04179523 1.95989689 
0.30280 5.49809397 0.04187582 1.96000729 
0.30380 5.49834717 0.04196202 1.96011543 
0.30480 5.49874998 0.04205412 1.96022133 
0.30581 5.49931467 0.04215245 1.96032503 
0.30681 5.50005522 0.04225738 1.96042657 
0.30781 5.50098765 0.04236934 1.96052597 
0.30881 5.50213038 0.04248882 1.96062326 
0.30981 5.50350476 0.04261638 1.96071848 
0.31081 5.50513564 0.04275267 1.96081166 
0.31181 5.50705219 0.04289844 1.96090282 
0.31281 5.50928890 0.04305458 1.96099200 
0.31381 5.51188689 0.04322213 1.96107922 
0.31481 5.51489569 0.04340234 1.96116451 
0.31582 5.51837561 0.04359670 1.96124792 
0.31682 5.52240097 0.04380704 1.96132946 
0.31782 5.52706473 0.04403560 1.96140919 
0.31882 5.53248507 0.04428521 1.96148716 
0.31982 5.53881514 0.04455946 1.96156342 
0.32082 5.54625795 0.04486304 1.96163807 
0.32182 5.55509003 0.04520225 1.96171122 
0.32282 5.56570064 0.04558577 1.96178308 
0.32382 5.57866050 0.04602615 1.96185395 
0.32482 5.59485047 0.04654235 1.96192434 
0.32583 5.61572393 0.04716513 1.96199522 
0.32683 5.64390267 0.04794896 1.96206848 
0.32783 5.68474040 0.04900319 1.96214841 
0.32883 5.75127104 0.05058982 1.96224650 
0.32983 5.88252005 0.05348296 1.96240160 
0.33083 6.16086110 0.05930800 1.96271918 
0.33183 6.50904525 0.06659458 1.96318035 
0.33283 6.81783329 0.07324433 1.96368377 
0.33383 7.09182541 0.07935529 1.96423499 
0.33483 7.34470524 0.08520353 1.96486303 
0.33584 7.58581675 0.09098827 1.96560624 
0.33684 7.82195908 0.09686996 1.96651937 
0.33784 8.05903203 0.10300809 1.96768868 
0.33884 8.30337482 0.10959930 1.96926358 
0.33984 8.56352052 0.11693940 1.97153295 
0.34084 8.85383888 0.12556694 1.97514366 
0.34184 9.20446300 0.13668037 1.98186782 
0.34284 9.68027626 0.15306523 1.99726850 
0.34384 10.25573857 0.17435870 2.02639276 
0.34484 10.73656894 0.19258890 2.05696231 
0.34585 11.11879183 0.20712651 2.08438982 
0.34685 11.43702753 0.21924733 2.10947200 
0.34785 11.71045969 0.22969297 2.13294806 
0.34885 11.94984084 0.23888303 2.15525945 
0.34985 12.16182504 0.24707668 2.17667223 
0.35085 12.35088698 0.25444696 2.19735403 
0.35185 12.52023470 0.26111666 2.21741492 
0.35285 12.67228492 0.26717724 2.23692978 
0.35385 12.80893067 0.27269940 2.25595097 
0.35485 12.93170183 0.27773961 2.27451604 
0.35586 13.04186667 0.28234405 2.29265247 
0.35686 13.14049892 0.28655140 2.31038078 
0.35786 13.22852359 0.29039455 2.32771658 
0.35886 13.30674938 0.29390200 2.34467198 
0.35986 13.37589210 0.29709869 2.36125660 
0.36086 13.43659205 0.30000675 2.37747825 
0.36186 13.48942714 0.30264599 2.39334343 
0.36286 13.53492296 0.30503430 2.40885775 
0.36386 13.57356066 0.30718796 2.42402614 
0.36486 13.60578316 0.30912186 2.43885308 
0.36587 13.63200017 0.31084974 2.45334279 
0.36687 13.65259223 0.31238427 2.46749927 
0.36787 13.66791403 0.31373725 2.48132645 
0.36887 13.67829712 0.31491969 2.49482821 
0.36987 13.68405228 0.31594186 2.50800846 
0.37087 13.68547139 0.31681342 2.52087115 
0.37187 13.68282913 0.31754344 2.53342028 
0.37287 13.67638437 0.31814045 2.54565996 
0.37387 13.66638139 0.31861253 2.55759437 
0.37487 13.65305098 0.31896730 2.56922780 
0.37588 13.63661135 0.31921197 2.58056463 
0.37688 13.61726897 0.31935336 2.59160934 
0.37788 13.59521933 0.31939796 2.60236650 
0.37888 13.57064758 0.31935190 2.61284075 
0.37988 13.54372917 0.31922103 2.62303683 
0.38088 13.51463035 0.31901089 2.63295954 
0.38188 13.48350871 0.31872672 2.64261373 
0.38288 13.45051363 0.31837355 2.65200433 
0.38388 13.41578670 0.31795613 2.66113628 
0.38488 13.37946213 0.31747897 2.67001458 
0.38589 13.34166710 0.31694639 2.67864424 
0.38689 13.30252211 0.31636246 2.68703031 
0.38789 13.26214133 0.31573108 2.69517782 
0.38889 13.22063287 0.31505594 2.70309181 
0.38989 13.17809910 0.31434056 2.71077734 
0.39089 13.13463687 0.31358828 2.71823941 
0.39189 13.09033784 0.31280228 2.72548304 
0.39289 13.04528867 0.31198557 2.73251320 
0.39389 12.99957129 0.31114102 2.73933483 
0.39489 12.95326309 0.31027136 2.74595284 
0.39590 12.90643717 0.30937916 2.75237209 
0.39690 12.85916249 0.30846689 2.75859739 
0.39790 12.81150412 0.30753687 2.76463350 
0.39890 12.76352340 0.30659131 2.77048511 
0.39990 12.71527810 0.30563231 2.77615688 
0.40090 12.66682262 0.30466186 2.78165337 
0.40190 12.61820814 0.30368183 2.78697910 
0.40290 12.56948274 0.30269402 2.79213850 
0.40390 12.52069163 0.30170012 2.79713596 
0.40490 12.47187721 0.30070172 2.80197575 
0.40591 12.42307924 0.29970033 2.80666210 
0.40691 12.37433496 0.29869740 2.81119917 
0.40791 12.32567926 0.29769427 2.81559100 
0.40891 12.27714471 0.29669222 2.81984160 
0.40991 12.22876175 0.29569246 2.82395486 
0.41091 12.18055877 0.29469614 2.82793463 
0.41191 12.13256221 0.29370433 2.83178464 
0.41291 12.08479667 0.29271804 2.83550857 
0.41391 12.03728500 0.29173824 2.83911000 
0.41491 11.99004838 0.29076582 2.84259245 
0.41592 11.94310642 0.28980164 2.84595935 
0.41692 11.89647726 0.28884650 2.84921404 
0.41792 11.85017759 0.28790115 2.85235980 
0.41892 11.80422279 0.28696630 2.85539983 
0.41992 11.75862697 0.28604262 2.85833723 
0.42092 11.71340304 0.28513072 2.86117506 
0.42192 11.66856277 0.28423120 2.86391628 
0.42292 11.62411687 0.28334460 2.86656377 
0.42392 11.58007504 0.28247144 2.86912037 
0.42492 11.53644603 0.28161221 2.87158881 
0.42593 11.49323766 0.28076736 2.87397177 
0.42693 11.45045694 0.27993730 2.87627186 
0.42793 11.40811004 0.27912244 2.87849162 
0.42893 11.36620242 0.27832315 2.88063351 
0.42993 11.32473879 0.27753976 2.88269993 
0.43093 11.28372321 0.27677261 2.88469324 
0.43193 11.24315910 0.27602198 2.88661569 
0.43293 11.20304930 0.27528816 2.88846951 
0.43393 11.16339609 0.27457142 2.89025685 
0.43493 11.12420122 0.27387198 2.89197980 
0.43594 11.08546596 0.27319008 2.89364040 
0.43694 11.04719112 0.27252592 2.89524062 
0.43794 11.00937708 0.27187970 2.89678238 
0.43894 10.97202382 0.27125160 2.89826755 
0.43994 10.93513094 0.27064177 2.89969795 
0.44094 10.89869770 0.27005039 2.90107534 
0.44194 10.86272301 0.26947758 2.90240143 
0.44294 10.82720550 0.26892348 2.90367788 
0.44394 10.79214351 0.26838822 2.90490631 
0.44494 10.75753511 0.26787190 2.90608828 
0.44595 10.72337814 0.26737463 2.90722532 
0.44695 10.68967018 0.26689650 2.90831890 
0.44795 10.65640864 0.26643761 2.90937046 
0.44895 10.62359072 0.26599803 2.91038140 
0.44995 10.59121345 0.26557785 2.91135305 
0.45095 10.55927367 0.26517714 2.91228673 
0.45195 10.52776810 0.26479595 2.91318372 
0.45295 10.49669331 0.26443436 2.91404524 
0.45395 10.46604575 0.26409242 2.91487250 
0.45495 10.43582174 0.26377019 2.91566665 
0.45596 10.40601754 0.26346771 2.91642883 
0.45696 10.37662925 0.26318504 2.91716011 
0.45796 10.34765296 0.26292223 2.91786157 
0.45896 10.31908463 0.26267931 2.91853424 
0.45996 10.29092019 0.26245634 2.91917910 
0.46096 10.26315548 0.26225335 2.91979712 
0.46196 10.23578633 0.26207038 2.92038924 
0.46296 10.20880850 0.26190749 2.92095637 
0.46396 10.18221773 0.26176470 2.92149939 
0.46496 10.15600970 0.26164206 2.92201915 
0.46597 10.13018012 0.26153962 2.92251648 
0.46697 10.10472463 0.26145741 2.92299218 
0.46797 10.07963890 0.26139549 2.92344702 
0.46897 10.05491855 0.26135389 2.92388177 
0.46997 10.03055924 0.26133266 2.92429715 
0.47097 10.00655660 0.26133185 2.92469386 
0.47197 9.98290629 0.26135152 2.92507260 
0.47297 9.95960396 0.26139171 2.92543403 
0.47397 9.93664529 0.26145249 2.92577878 
0.47497 9.91402596 0.26153391 2.92610749 
0.47598 9.89174167 0.26163604 2.92642075 
0.47698 9.86978818 0.26175893 2.92671915 
0.47798 9.84816122 0.26190267 2.92700326 
0.47898 9.82685660 0.26206732 2.92727362 
0.47998 9.80587012 0.26225296 2.92753077 
0.48098 9.78519763 0.26245968 2.92777522 
0.48198 9.76483503 0.26268755 2.92800747 
0.48298 9.74477824 0.26293666 2.92822800 
0.48398 9.72502322 0.26320713 2.92843727 
0.48498 9.70556598 0.26349903 2.92863574 
0.48599 9.68640257 0.26381249 2.92882384 
0.48699 9.66752907 0.26414761 2.92900200 
0.48799 9.64894164 0.26450450 2.92917063 
0.48899 9.63063645 0.26488330 2.92933011 
0.48999 9.61260975 0.26528413 2.92948085 
0.49099 9.59485781 0.26570712 2.92962320 
0.49199 9.57737698 0.26615243 2.92975752 
0.49299 9.56016366 0.26662019 2.92988417 
0.49399 9.54321427 0.26711058 2.93000347 
0.49499 9.52652534 0.26762374 2.93011575 
0.49600 9.51009340 0.26815985 2.93022132 
0.49700 9.49391508 0.26871910 2.93032049 
0.49800 9.47798705 0.26930166 2.93041355 
0.49900 9.46230604 0.26990775 2.93050077 
0.50000 9.44686884 0.27053756 2.93058244 
