-4.50000 11.96864241 9.07391446
-4.49400 12.05706957 9.07321934
-4.48799 12.15489856 9.07243056
-4.48199 12.26371737 9.07148735
-4.47598 12.38552874 9.07015951
-4.46998 12.52299365 9.06632133
-4.46398 12.67433821 9.01082513
-4.45797 12.85833999 9.06572194
-4.45197 13.06631311 9.06548703
-4.44596 13.31178491 9.06399602
-4.43996 13.60650903 9.06195500
-4.43396 13.96854746 9.05933258
-4.42795 14.42685464 9.05590198
-4.42195 15.03142721 9.05119047
-4.41594 15.87810195 9.04417016
-4.40994 17.18186139 9.03211103
-4.40394 19.57334809 9.00426918
-4.39793 26.37131181 8.83618762
-4.39193 12.62580180 7.16140607
-4.38592 8.97354555 7.10198102
-4.37992 8.55730037 7.09834219
-4.37392 8.41096872 7.09734451
-4.36791 8.33815966 7.09690132
-4.36191 8.29483114 7.09664338
-4.35590 8.26602142 7.09646419
-4.34990 8.24535874 7.09632380
-4.34390 8.22970556 7.09620450
-4.33789 8.21735103 7.09609746
-4.33189 8.20728876 7.09599788
-4.32588 8.19889092 7.09590295
-4.31988 8.19174708 7.09581095
-4.31388 8.18557846 7.09572076
-4.30787 8.18018960 7.09563165
-4.30187 8.17543976 7.09554308
-4.29586 8.17122524 7.09545467
-4.28986 8.16746816 7.09536614
-4.28386 8.16410901 7.09527726
-4.27785 8.16110164 7.09518783
-4.27185 8.15840985 7.09509768
-4.26584 8.15600485 7.09500664
-4.25984 8.15386362 7.09491454
-4.25384 8.15196750 7.09482117
-4.24783 8.15030134 7.09472631
-4.24183 8.14885271 7.09462968
-4.23582 8.14761137 7.09453089
-4.22982 8.14656882 7.09442943
-4.22382 8.14571800 7.09432461
-4.21781 8.14505293 7.09421536
-4.21181 8.14456848 7.09410012
-4.20580 8.14426011 7.09397637
-4.19980 8.14412343 7.09383988
-4.19380 8.14415369 7.09368309
-4.18779 8.14434441 7.09349117
-4.18179 8.14468401 7.09323166
-4.17578 8.14514509 7.09282115
-4.16978 8.14563912 7.09198609
-4.16378 8.14572033 7.08933759
-4.15777 8.13899380 7.06253351
-4.15177 8.18825038 7.08589182
-4.14576 8.14798760 7.08823579
-4.13976 8.15099627 7.09120676
-4.13376 8.15310267 7.09185780
-4.12775 8.15512403 7.09175277
-4.12175 8.15735089 7.09191519
-4.11574 8.15965813 7.09167892
-4.10974 8.16252012 7.09118857
-4.10374 8.16681134 7.09007412
-4.09773 8.17798260 7.08602452
-4.09173 8.29227837 6.98224554
-4.08572 7.73162464 6.07404689
-4.07972 8.23346157 7.07541565
-4.07372 8.20672657 7.08902770
-4.06771 8.20162553 7.09087302
-4.06171 8.20171712 7.09137162
-4.05570 8.20383067 7.09152395
-4.04970 8.20699494 7.09154964
-4.04370 8.21082571 7.09151855
-4.03769 8.21514487 7.09145821
-4.03169 8.21986084 7.09138111
-4.02568 8.22492328 7.09129351
-4.01968 8.23030345 7.09119869
-4.01368 8.23598483 7.09109848
-4.00767 8.24195824 7.09099383
-4.00167 8.24821922 7.09088521
-3.99566 8.25476639 7.09077276
-3.98966 8.26160058 7.09065635
-3.98366 8.26872419 7.09053567
-3.97765 8.27614080 7.09041024
-3.97165 8.28385498 7.09027937
-3.96564 8.29187201 7.09014220
-3.95964 8.30019784 7.08999765
-3.95364 8.30883896 7.08984440
-3.94763 8.31780231 7.08968083
-3.94163 8.32709527 7.08950496
-3.93562 8.33672553 7.08931439
-3.92962 8.34670109 7.08910620
-3.92362 8.35703019 7.08887685
-3.91761 8.36772117 7.08862197
-3.91161 8.37878245 7.08833624
-3.90560 8.39022233 7.08801310
-3.89960 8.40204886 7.08764446
-3.89360 8.41426958 7.08722028
-3.88759 8.42689120 7.08672803
-3.88159 8.43991919 7.08615202
-3.87558 8.45335719 7.08547245
-3.86958 8.46720617 7.08466421
-3.86358 8.48146331 7.08369520
-3.85757 8.49612042 7.08252403
-3.85157 8.51116165 7.08109698
-3.84556 8.52656029 7.07934357
-3.83956 8.54227397 7.07717037
-3.83356 8.55823771 7.07445218
-3.82755 8.57435340 7.07101897
-3.82155 8.59047356 7.06663657
-3.81554 8.60637596 7.06097716
-3.80954 8.62172266 7.05357345
-3.80354 8.63599184 7.04374521
-3.79753 8.64836063 7.03047818
-3.79153 8.65749465 7.01221685
-3.78552 8.66115089 6.98649505
-3.77952 8.65538061 6.94924337
-3.77352 8.63280033 6.89340922
-3.76751 8.57844057 6.80599098
-3.76151 8.45828367 6.66101116
-3.75550 8.18018374 6.40053921
-3.74950 7.39721332 5.87266852
-3.74350 5.01072985 5.13706989
-3.73749 4.70867930 5.11033288
-3.73149 4.77457643 5.10960756
-3.72548 5.06125069 5.11348652
-3.71948 6.30378670 5.13223938
-3.71348 29.95986927 5.48477183
-3.70747 10.87535193 5.19374969
-3.70147 5.57463552 5.11744474
-3.69546 4.89640907 5.10782681
-3.68946 4.69227096 5.10489548
-3.68346 4.61071507 5.10364834
-3.67745 4.57755576 5.10303704
-3.67145 4.57116114 5.10274840
-3.66544 4.58631255 5.10268728
-3.65944 4.62729951 5.10286675
-3.65344 4.71161774 5.10342486
-3.64743 4.89154141 5.10480943
-3.64143 5.35794062 5.10870431
-3.63542 7.27237597 5.12558500
-3.62942 46.11132946 5.48449006
-3.62342 12.93260428 5.18494261
-3.61741 6.07541000 5.11855762
-3.61141 5.20652278 5.11019276
-3.60540 5.04626634 5.11006044
-3.59940 5.63448658 5.13817491
-3.59340 10.79914424 6.02484672
-3.58739 12.38044598 6.57170711
-3.58139 13.11003619 6.80172627
-3.57538 13.70677614 6.91390919
-3.56938 14.37464668 6.97312001
-3.56338 15.26851375 7.00523576
-3.55737 16.67148915 7.02197178
-3.55137 19.50647444 7.02970924
-3.54536 30.48058724 7.05383903
-3.53936 59.91206009 8.08889710
-3.53336 37.90705950 8.63345845
-3.52735 35.42624368 8.69902729
-3.52135 36.07722353 8.69790026
-3.51534 39.19958206 8.63903962
-3.50934 46.87939617 8.42014188
-3.50334 50.39258697 6.32590763
-3.49733 11.49661004 5.13438452
-3.49133 8.21369288 5.10570435
-3.48532 7.26261918 5.10072870
-3.47932 6.82920754 5.09909569
-3.47332 6.58896898 5.09836811
-3.46731 6.44024365 5.09796892
-3.46131 6.34154184 5.09771086
-3.45530 6.27304024 5.09752058
-3.44930 6.22424728 5.09736544
-3.44330 6.18924039 5.09722954
-3.43729 6.16458747 5.09710461
-3.43129 6.14837723 5.09698612
-3.42528 6.13978403 5.09687162
-3.41928 6.13896092 5.09675988
-3.41328 6.14724479 5.09665071
-3.40727 6.16785951 5.09654521
-3.40127 6.20775867 5.09644735
-3.39526 6.28276321 5.09636937
-3.38926 6.43473840 5.09635596
-3.38326 6.81065779 5.09663842
-3.37725 8.36794453 5.09985202
-3.37125 46.26846239 5.53372585
-3.36524 36.62431956 6.86082660
-3.35924 27.87746419 6.95062486
-3.35324 23.88823569 6.98109034
-3.34723 21.48918533 6.99755844
-3.34123 19.84513688 7.00825713
-3.33522 18.62872588 7.01592495
-3.32922 17.68204928 7.02176606
-3.32322 16.91837340 7.02640404
-3.31721 16.28558240 7.03019873
-3.31121 15.75022529 7.03337449
-3.30520 15.28971574 7.03607953
-3.29920 14.88817835 7.03841631
-3.29320 14.53408448 7.04045825
-3.28719 14.21883235 7.04225956
-3.28119 13.93585588 7.04386125
-3.27518 13.68004431 7.04529503
-3.26918 13.44735201 7.04658584
-3.26318 13.23452908 7.04775363
-3.25717 13.03893084 7.04881456
-3.25117 12.85838020 7.04978187
-3.24516 12.69106656 7.05066657
-3.23916 12.53547018 7.05147784
-3.23316 12.39030475 7.05222349
-3.22715 12.25447333 7.05291018
-3.22115 12.12703409 7.05354373
-3.21514 12.00717372 7.05412964
-3.20914 11.89419133 7.05467559
-3.20314 11.78785093 7.05512117
-3.19713 11.68638529 7.05563974
-3.19113 11.59062158 7.05606126
-3.18512 11.49963100 7.05645375
-3.17912 11.41306868 7.05681819
-3.17312 11.33059886 7.05715527
-3.16711 11.25191982 7.05746640
-3.16111 11.17676036 7.05775301
-3.15510 11.10487600 7.05801645
-3.14910 11.03604577 7.05825788
-3.14310 10.97006950 7.05847826
-3.13709 10.90676577 7.05867799
-3.13109 10.84597208 7.05885328
-3.12508 10.78750732 7.05869099
-3.11908 10.73139641 7.05916595
-3.11308 10.67714973 7.05930060
-3.10707 10.62496938 7.05941521
-3.10107 10.57465797 7.05951369
-3.09506 10.52611174 7.05959675
-3.08906 10.47923812 7.05966490
-3.08306 10.43395198 7.05971850
-3.07705 10.39017452 7.05975786
-3.07105 10.34783263 7.05978322
-3.06504 10.30685837 7.05979476
-3.05904 10.26718850 7.05979260
-3.05304 10.22876408 7.05977680
-3.04703 10.19153012 7.05974734
-3.04103 10.15543528 7.05970407
-3.03502 10.12043161 7.05964673
-3.02902 10.08647431 7.05957476
-3.02302 10.05352169 7.05948708
-3.01701 10.02153524 7.05938149
-3.01101 9.99048030 7.05925278
-3.00500 9.96032863 7.05908598
-2.99900 9.93106981 7.05882115
-2.99300 9.90278133 7.05799165
-2.98699 9.86954477 7.01735344
-2.98099 9.84996279 7.05762896
-2.97498 9.82192034 7.05813056
-2.96898 9.79627152 7.05804088
-2.96298 9.77144389 7.05784951
-2.95697 9.74729482 7.05758291
-2.95097 9.72372355 7.05637781
-2.94496 9.70096510 7.05691051
-2.93896 9.67883396 7.05680049
-2.93296 9.65723605 7.05650870
-2.92695 9.63620755 7.05618090
-2.92095 9.61573798 7.05582743
-2.91494 9.59581301 7.05544974
-2.90894 9.57641815 7.05504748
-2.90294 9.55753940 7.05461973
-2.89693 9.53916328 7.05416523
-2.89093 9.52127695 7.05368252
-2.88492 9.50386806 7.05316993
-2.87892 9.48692485 7.05262556
-2.87292 9.47043604 7.05204733
-2.86691 9.45439081 7.05143289
-2.86091 9.43877882 7.05077964
-2.85490 9.42359011 7.05008465
-2.84890 9.40881512 7.04934463
-2.84290 9.39444466 7.04855586
-2.83689 9.38046988 7.04771408
-2.83089 9.36688223 7.04681433
-2.82488 9.35367344 7.04585073
-2.81888 9.34083550 7.04481604
-2.81288 9.32836062 7.04370083
-2.80687 9.31624111 7.04249165
-2.80087 9.30446931 7.04116642
-2.79486 9.29303709 7.03968047
-2.78886 9.28193420 7.03791235
-2.78286 9.27113829 7.03534745
-2.77685 9.26047409 7.02657854
-2.77085 9.25274401 6.97339656
-2.76484 9.24076996 7.02810309
-2.75884 9.23123053 7.02828995
-2.75284 9.22201623 7.02646202
-2.74683 9.21308517 7.02406446
-2.74083 9.20443426 7.02129708
-2.73482 9.19605878 7.01818483
-2.72882 9.18795328 7.01470468
-2.72282 9.18011212 7.01081092
-2.71681 9.17253035 7.00644031
-2.71081 9.16528283 7.00150827
-2.70480 9.15790361 6.99591793
-2.69880 9.15128104 6.98954011
-2.69280 9.14469603 6.98219580
-2.68679 9.13834181 6.97366756
-2.68079 9.13222132 6.96366061
-2.67478 9.12633180 6.95177355
-2.66878 9.12066490 6.93744526
-2.66278 9.11519866 6.91986175
-2.65677 9.10845938 6.89774971
-2.65077 9.10460964 6.86943388
-2.64476 9.09901216 6.83149472
-2.63876 9.09189037 6.77823818
-2.63276 9.07956881 6.69791164
-2.62675 9.04716455 6.56188450
-2.62075 8.90156536 6.27168176
-2.61474 8.92125066 6.01608901
-2.60874 22.79110654 6.49930611
-2.60274 8.54315341 5.97468498
-2.59673 8.17819692 5.96362656
-2.59073 8.09743813 5.96149608
-2.58472 8.06683282 5.96079199
-2.57872 8.05274896 5.96051767
-2.57272 8.04670411 5.96043368
-2.56671 8.04639672 5.96047417
-2.56071 8.05227281 5.96064291
-2.55470 8.06777205 5.96101115
-2.54870 8.10343025 5.96180286
-2.54270 8.19630533 5.96380725
-2.53669 8.55007931 5.97135402
-2.53069 13.26735929 6.07137984
-2.52468 11.17958154 6.02644409
-2.51868 8.45669193 5.96905499
-2.51268 8.17508785 5.96311912
-2.50667 8.09472160 5.96139905
-2.50067 8.06235138 5.96067292
-2.49466 8.04735924 5.96029841
-2.48866 8.04042012 5.96008017
-2.48266 8.03796517 5.95994340
-2.47665 8.03845060 5.95985574
-2.47065 8.04120959 5.95980330
-2.46464 8.04606455 5.95978284
-2.45864 8.05325185 5.95980102
-2.45264 8.06360779 5.95988083
-2.44663 8.07931636 5.96008646
-2.44063 8.10681674 5.96062916
-2.43462 8.17335979 5.96257022
-2.42862 8.60271697 5.98430970
-2.42262 11.65824302 6.86860691
-2.41661 10.52698802 6.95979073
-2.41061 10.19001368 6.97780814
-2.40460 10.03606710 6.98846011
-2.39860 9.95425808 6.99643021
-2.39260 9.90880664 7.00287020
-2.38659 9.88456083 7.00825003
-2.38059 9.87400801 7.01282431
-2.37458 9.87302024 7.01675571
-2.36858 9.87916310 7.02015868
-2.36258 9.89092883 7.02311853
-2.35657 9.90735347 7.02570105
-2.35057 9.92781168 7.02795639
-2.34456 9.95175438 7.02981224
-2.33856 9.97935550 7.03165331
-2.33256 10.01004197 7.03317539
-2.32655 10.04389556 7.03449216
-2.32055 10.08091994 7.03563224
-2.31454 10.12117273 7.03661277
-2.30854 10.16476080 7.03744758
-2.30254 10.21183722 7.03814797
-2.29653 10.26260084 7.03872320
-2.29053 10.31729809 7.03918072
-2.28452 10.37622679 7.03952632
-2.27852 10.43974207 7.03976430
-2.27252 10.50826464 7.03989753
-2.26651 10.58229193 7.03992745
-2.26051 10.66241284 7.03985409
-2.25450 10.74932729 7.03967597
-2.24850 10.84387262 7.03938996
-2.24249 10.94706056 7.03899107
-2.23649 11.06013340 7.03847217
-2.23049 11.18467047 7.03782349
-2.22448 11.32297621 7.03703202
-2.21848 11.48873149 7.03608060
-2.21247 11.67946382 7.03494661
-2.20647 11.90400641 7.03360007
-2.20047 12.14613613 7.03200072
-2.19446 12.41626858 7.03009346
-2.18846 12.72621208 7.02780096
-2.18245 13.09044926 7.02501092
-2.17645 13.53205369 7.02155255
-2.17045 14.10058087 7.01714938
-2.16444 14.82667062 7.01131073
-2.15844 15.84815599 7.00303234
-2.15243 17.42796439 6.98966407
-2.14643 20.59156477 6.95889723
-2.14043 30.89756606 6.47256842
-2.13442 12.60037652 6.01364571
-2.12842 12.85451140 5.97799673
-2.12241 14.99078170 5.83502173
-2.11641 8.89628126 5.14342583
-2.11041 7.27846460 5.09910312
-2.10440 7.06430782 5.09233468
-2.09840 6.98726008 5.08931090
-2.09239 6.95175704 5.08753991
-2.08639 6.93413157 5.08635775
-2.08039 6.92570552 5.08550189
-2.07438 6.92255269 5.08484406
-2.06838 6.92264408 5.08431172
-2.06237 6.92482911 5.08385794
-2.05637 6.92840769 5.08344678
-2.05037 6.93292799 5.08304304
-2.04436 6.93808196 5.08259912
-2.03836 6.94364974 5.08202585
-2.03235 6.94948792 5.08109729
-2.02635 6.95569907 5.07899924
-2.02035 6.96514690 5.07009731
-2.01434 7.09400750 4.78413262
-2.00834 7.01111862 5.00086981
-2.00233 7.00246780 5.07512637
-1.99633 7.00341637 5.07982552
-1.99033 7.00808622 5.08100470
-1.98432 7.01400522 5.08142827
-1.97832 7.02048345 5.08159758
-1.97231 7.02725901 5.08165923
-1.96631 7.03421146 5.08166843
-1.96031 7.04127789 5.08164952
-1.95430 7.04842238 5.08161444
-1.94830 7.05562251 5.08156944
-1.94229 7.06285962 5.08151746
-1.93629 7.07010988 5.08143878
-1.93029 7.07738735 5.08139668
-1.92428 7.08471350 5.08104980
-1.91828 7.09217571 5.08127961
-1.91227 7.09956665 5.08122354
-1.90627 7.10698472 5.08116191
-1.90027 7.11442969 5.08109888
-1.89426 7.12190301 5.08103499
-1.88826 7.12940652 5.08097040
-1.88225 7.13694237 5.08090519
-1.87625 7.14451297 5.08083936
-1.87025 7.15212091 5.08077291
-1.86424 7.15976900 5.08070584
-1.85824 7.16746017 5.08063813
-1.85223 7.17519754 5.08056974
-1.84623 7.18298434 5.08050066
-1.84023 7.19082395 5.08043086
-1.83422 7.19871988 5.08036031
-1.82822 7.20667577 5.08028896
-1.82221 7.21469538 5.08021680
-1.81621 7.22278260 5.08014378
-1.81021 7.23094148 5.08006988
-1.80420 7.23917619 5.07999506
-1.79820 7.24749105 5.07991928
-1.79219 7.25589055 5.07984250
-1.78619 7.26437934 5.07976469
-1.78019 7.27296224 5.07968581
-1.77418 7.28164426 5.07960582
-1.76818 7.29043062 5.07952467
-1.76217 7.29932674 5.07944233
-1.75617 7.30833830 5.07935875
-1.75017 7.31747118 5.07927388
-1.74416 7.32673157 5.07918768
-1.73816 7.33612593 5.07910008
-1.73215 7.34566103 5.07901105
-1.72615 7.35534396 5.07892052
-1.72015 7.36518219 5.07882844
-1.71414 7.37518356 5.07873474
-1.70814 7.38535635 5.07863936
-1.70213 7.39570927 5.07854222
-1.69613 7.40625154 5.07844326
-1.69013 7.41699292 5.07834239
-1.68412 7.42794372 5.07823954
-1.67812 7.43911493 5.07813461
-1.67211 7.45051817 5.07802751
-1.66611 7.46216587 5.07791813
-1.66011 7.47407123 5.07780638
-1.65410 7.48624838 5.07769213
-1.64810 7.49871242 5.07757526
-1.64209 7.51147952 5.07745564
-1.63609 7.52456705 5.07733312
-1.63009 7.53799369 5.07720754
-1.62408 7.55177955 5.07707874
-1.61808 7.56594634 5.07694654
-1.61207 7.58051753 5.07681073
-1.60607 7.59551858 5.07667110
-1.60007 7.61097711 5.07652743
-1.59406 7.62692319 5.07637944
-1.58806 7.64338964 5.07622686
-1.58205 7.66041234 5.07606939
-1.57605 7.67803064 5.07590667
-1.57005 7.69628777 5.07573835
-1.56404 7.71523142 5.07556401
-1.55804 7.73491430 5.07538319
-1.55203 7.75539487 5.07519537
-1.54603 7.77673817 5.07500000
-1.54003 7.79901685 5.07479644
-1.53402 7.82231228 5.07458396
-1.52802 7.84671599 5.07436177
-1.52201 7.87233132 5.07412895
-1.51601 7.89927537 5.07388449
-1.51001 7.92768109 5.07362722
-1.50400 7.95769908 5.07335588
-1.49800 7.98949495 5.07306924
-1.49199 8.02320265 5.07276698
-1.48599 8.05711511 5.07241159
-1.47999 8.09751729 5.07210157
-1.47398 8.13928790 5.07173317
-1.46798 8.18411242 5.07131646
-1.46197 8.23259948 5.07087778
-1.45597 8.28540520 5.07040122
-1.44997 8.34327393 5.06987891
-1.44396 8.40712662 5.06930197
-1.43796 8.47813256 5.06865924
-1.43195 8.55780637 5.06793623
-1.42595 8.64815244 5.06711364
-1.41995 8.75188998 5.06616508
-1.41394 8.87281829 5.06505335
-1.40794 9.01643970 5.06372400
-1.40193 9.19108638 5.06209360
-1.39593 9.41011777 5.06002639
-1.38993 9.69664527 5.05728311
-1.38392 10.09514787 5.05339135
-1.37792 10.70627201 5.04723754
-1.37191 11.83220997 5.03518449
-1.36591 15.29474737 4.98718086
-1.35991 10.44282075 4.13595392
-1.35390 7.10137045 4.08468557
-1.34790 6.83063277 4.08251661
-1.34189 6.75136395 4.08199586
-1.33589 6.71839717 4.08176894
-1.32989 6.70266141 4.08162947
-1.32388 6.69495852 4.08152382
-1.31788 6.69156965 4.08143350
-1.31187 6.69073741 4.08135087
-1.30587 6.69153583 4.08127236
-1.29987 6.69343608 4.08119613
-1.29386 6.69611684 4.08112116
-1.28786 6.69937304 4.08104685
-1.28185 6.70306849 4.08097284
-1.27585 6.70710973 4.08089890
-1.26985 6.71143086 4.08082485
-1.26384 6.71598434 4.08075059
-1.25784 6.72073524 4.08067605
-1.25183 6.72565745 4.08060116
-1.24583 6.73073124 4.08052587
-1.23983 6.73594152 4.08045016
-1.23382 6.74127666 4.08037398
-1.22782 6.74672769 4.08029731
-1.22181 6.75228763 4.08022011
-1.21581 6.75795108 4.08014236
-1.20981 6.76371390 4.08006400
-1.20380 6.76957294 4.07998495
-1.19780 6.77552587 4.07990506
-1.19179 6.78157107 4.07982392
-1.18579 6.78770756 4.07974019
-1.17979 6.79393454 4.07964640
-1.17378 6.80013610 4.07935292
-1.16778 6.80680701 4.07936288
-1.16177 6.81315894 4.07940277
-1.15577 6.81973747 4.07932980
-1.14977 6.82641336 4.07924864
-1.14376 6.83318269 4.07916507
-1.13776 6.84004578 4.07908022
-1.13175 6.84700369 4.07899439
-1.12575 6.85405776 4.07890772
-1.11975 6.86120953 4.07882023
-1.11374 6.86846066 4.07873196
-1.10774 6.87581298 4.07864290
-1.10173 6.88326840 4.07855304
-1.09573 6.89082900 4.07846237
-1.08973 6.89849695 4.07837088
-1.08372 6.90627455 4.07827855
-1.07772 6.91416419 4.07818537
-1.07171 6.92216840 4.07809132
-1.06571 6.93028984 4.07799637
-1.05971 6.93853126 4.07790052
-1.05370 6.94689555 4.07780373
-1.04770 6.95538572 4.07770600
-1.04169 6.96400491 4.07760728
-1.03569 6.97275638 4.07750757
-1.02969 6.98164354 4.07740683
-1.02368 6.99066995 4.07730505
-1.01768 6.99983930 4.07720219
-1.01167 7.00915543 4.07709822
-1.00567 7.01862236 4.07699313
-0.99967 7.02824426 4.07688687
-0.99366 7.03802549 4.07677942
-0.98766 7.04797057 4.07667074
-0.98165 7.05808424 4.07656080
-0.97565 7.06837141 4.07644957
-0.96965 7.07883724 4.07633701
-0.96364 7.08948709 4.07622308
-0.95764 7.10032656 4.07610774
-0.95163 7.11136149 4.07599095
-0.94563 7.12259801 4.07587266
-0.93963 7.13404250 4.07575283
-0.93362 7.14570164 4.07563141
-0.92762 7.15758245 4.07550835
-0.92161 7.16969224 4.07538359
-0.91561 7.18203870 4.07525709
-0.90961 7.19462989 4.07512878
-0.90360 7.20747425 4.07499861
-0.89760 7.22058067 4.07486650
-0.89159 7.23395847 4.07473239
-0.88559 7.24761747 4.07459622
-0.87959 7.26156798 4.07445790
-0.87358 7.27582090 4.07431735
-0.86758 7.29038767 4.07417450
-0.86157 7.30528041 4.07402926
-0.85557 7.32051188 4.07388153
-0.84957 7.33609559 4.07373121
-0.84356 7.35204582 4.07357821
-0.83756 7.36837769 4.07342241
-0.83155 7.38510724 4.07326369
-0.82555 7.40225147 4.07310194
-0.81955 7.41982843 4.07293702
-0.81354 7.43785727 4.07276881
-0.80754 7.45635837 4.07259715
-0.80153 7.47535334 4.07242191
-0.79553 7.49486503 4.07224293
-0.78953 7.51491745 4.07206010
-0.78352 7.53553521 4.07187332
-0.77752 7.55674154 4.07168265
-0.77151 7.57854964 4.07148863
-0.76551 7.60090387 4.07129412
-0.75951 7.62207911 4.07110185
-0.75350 7.64604511 4.07047338
-0.74750 7.67330831 4.07079306
-0.74149 7.69835849 4.07044537
-0.73549 7.72492410 4.07020087
-0.72949 7.75232771 4.06995978
-0.72348 7.78068836 4.06971379
-0.71748 7.81008560 4.06946089
-0.71147 7.84059448 4.06920009
-0.70547 7.87229362 4.06893064
-0.69947 7.90526812 4.06865181
-0.69346 7.93961127 4.06836287
-0.68746 7.97542605 4.06806301
-0.68145 8.01282666 4.06775135
-0.67545 8.05194029 4.06742691
-0.66945 8.09290927 4.06708857
-0.66344 8.13589394 4.06673495
-0.65744 8.18108509 4.06636180
-0.65143 8.22867106 4.06596987
-0.64543 8.27885295 4.06556982
-0.63943 8.33194979 4.06514086
-0.63342 8.38824642 4.06468749
-0.62742 8.44809320 4.06420722
-0.62141 8.51189897 4.06369692
-0.61541 8.58014297 4.06315290
-0.60941 8.65339098 4.06257077
-0.60340 8.73231658 4.06194530
-0.59740 8.81772912 4.06127017
-0.59139 8.91061103 4.06053770
-0.58539 9.01216871 4.05973842
-0.57939 9.12390274 4.05886052
-0.57338 9.24770717 4.05788901
-0.56738 9.38601303 4.05680459
-0.56137 9.54200148 4.05558188
-0.55537 9.71993036 4.05418671
-0.54937 9.92565326 4.05257179
-0.54336 10.16748117 4.05066945
-0.53736 10.45769097 4.04837867
-0.53135 10.81534602 4.04554053
-0.52535 11.27203410 4.04188671
-0.51935 11.88492828 4.03691774
-0.51334 12.77162590 4.02955667
-0.50734 14.22897389 4.01682080
-0.50133 17.37422501 3.98437370
-0.49533 33.01944541 3.40591520
-0.48933 7.65387209 2.09758671
-0.48332 6.42164821 2.08303638
-0.47732 6.18434247 2.08108309
-0.47131 6.10053070 2.08042827
-0.46531 6.06470036 2.08008709
-0.45931 6.04927310 2.07985413
-0.45330 6.04424046 2.07966662
-0.44730 6.04519594 2.07950053
-0.44129 6.04993310 2.07934517
-0.43529 6.05724095 2.07919525
-0.42929 6.06640794 2.07904787
-0.42328 6.07699375 2.07890136
-0.41728 6.08871495 2.07875469
-0.41127 6.10138369 2.07860717
-0.40527 6.11487290 2.07845832
-0.39927 6.12909568 2.07830780
-0.39326 6.14399257 2.07815532
-0.38726 6.15952345 2.07800067
-0.38125 6.17566222 2.07784365
-0.37525 6.19239325 2.07768409
-0.36925 6.20970892 2.07752182
-0.36324 6.22760795 2.07735668
-0.35724 6.24609424 2.07718852
-0.35123 6.26517599 2.07701718
-0.34523 6.28486513 2.07684250
-0.33923 6.30517694 2.07666432
-0.33322 6.32612975 2.07648245
-0.32722 6.34774479 2.07629673
-0.32121 6.37004607 2.07610696
-0.31521 6.39306039 2.07591293
-0.30921 6.41681736 2.07571443
-0.30320 6.44134946 2.07551124
-0.29720 6.46669217 2.07530309
-0.29119 6.49288415 2.07508973
-0.28519 6.51996742 2.07487084
-0.27919 6.54798756 2.07464595
-0.27318 6.57699414 2.07441346
-0.26718 6.60707472 2.07415046
-0.26117 6.63818454 2.07393181
-0.25517 6.67049612 2.07368328
-0.24917 6.70403664 2.07342495
-0.24316 6.73888384 2.07315824
-0.23716 6.77512022 2.07288281
-0.23115 6.81283580 2.07259816
-0.22515 6.85212914 2.07230368
-0.21915 6.89310842 2.07199871
-0.21314 6.93589264 2.07168250
-0.20714 6.98061304 2.07135425
-0.20113 7.02741472 2.07101304
-0.19513 7.07645856 2.07065789
-0.18913 7.12792345 2.07028769
-0.18312 7.18200895 2.06990119
-0.17712 7.23893843 2.06949702
-0.17111 7.29896280 2.06907362
-0.16511 7.36236499 2.06862925
-0.15911 7.42946528 2.06816192
-0.15310 7.50062778 2.06766936
-0.14710 7.57626795 2.06714901
-0.14109 7.65686114 2.06659790
-0.13509 7.74294917 2.06601256
-0.12909 7.83512462 2.06538886
-0.12308 7.93369928 2.06471990
-0.11708 8.05793859 2.06376153
-0.11107 8.15671731 2.06324082
-0.10507 8.28315877 2.06240721
-0.09907 8.42092008 2.06150250
-0.09306 8.57217437 2.06051389
-0.08706 8.73930312 2.05942669
-0.08105 8.92526049 2.05822248
-0.07505 9.13381369 2.05687761
-0.06905 9.36986676 2.05536113
-0.06304 9.63994659 2.05363155
-0.05704 9.95296620 2.05163170
-0.05103 10.32147647 2.04928013
-0.04503 10.76382604 2.04645583
-0.03903 11.30812657 2.04296917
-0.03302 12.00012944 2.03850143
-0.02702 12.92057809 2.03246219
-0.02101 14.22932587 2.02358854
-0.01501 16.30437459 2.00846105
-0.00901 20.37714715 1.97232806
-0.00300 35.29912614 1.61728489
0.00300 7.10057392 0.11525412
0.00901 4.10271931 0.09490769
0.01501 3.66637999 0.09339917
0.02101 3.51139691 0.09300391
0.02702 3.43638039 0.09282938
0.03302 3.39365945 0.09272270
0.03903 3.36675456 0.09264252
0.04503 3.34861392 0.09257443
0.05103 3.33576837 0.09251247
0.05704 3.32633344 0.09245389
0.06304 3.31920655 0.09239730
0.06905 3.31370408 0.09234194
0.07505 3.30938204 0.09228736
0.08105 3.30594082 0.09223331
0.08706 3.30317171 0.09217962
0.09306 3.30092530 0.09212619
0.09907 3.29909216 0.09207294
0.10507 3.29759044 0.09201983
0.11107 3.29635788 0.09196682
0.11708 3.29534632 0.09191389
0.12308 3.29451802 0.09186103
0.12909 3.29384303 0.09180821
0.13509 3.29329728 0.09175544
0.14109 3.29286127 0.09170270
0.14710 3.29251900 0.09164998
0.15310 3.29225731 0.09159729
0.15911 3.29206519 0.09154462
0.16511 3.29193345 0.09149197
0.17111 3.29185433 0.09143934
0.17712 3.29182122 0.09138671
0.18312 3.29182850 0.09133411
0.18913 3.29187133 0.09128151
0.19513 3.29194555 0.09122893
0.20113 3.29204754 0.09117635
0.20714 3.29217414 0.09112378
0.21314 3.29232262 0.09107123
0.21915 3.29249056 0.09101868
0.22515 3.29267582 0.09096614
0.23115 3.29287655 0.09091361
0.23716 3.29309106 0.09086109
0.24316 3.29331788 0.09080857
0.24917 3.29355569 0.09075606
0.25517 3.29380331 0.09070356
0.26117 3.29405968 0.09065107
0.26718 3.29432385 0.09059858
0.27318 3.29459497 0.09054610
0.27919 3.29487226 0.09049362
0.28519 3.29515502 0.09044115
0.29119 3.29544262 0.09038869
0.29720 3.29573449 0.09033624
0.30320 3.29603010 0.09028379
0.30921 3.29632897 0.09023134
0.31521 3.29663068 0.09017890
0.32121 3.29693481 0.09012647
0.32722 3.29724101 0.09007405
0.33322 3.29754895 0.09002163
0.33923 3.29785831 0.08996921
0.34523 3.29816882 0.08991680
0.35123 3.29848022 0.08986440
0.35724 3.29879227 0.08981200
0.36324 3.29910474 0.08975961
0.36925 3.29941744 0.08970723
0.37525 3.29973018 0.08965485
0.38125 3.30004278 0.08960247
0.38726 3.30035509 0.08955010
0.39326 3.30066695 0.08949773
0.39927 3.30097823 0.08944537
0.40527 3.30128880 0.08939302
0.41127 3.30159854 0.08934067
0.41728 3.30190734 0.08928833
0.42328 3.30221509 0.08923599
0.42929 3.30252172 0.08918365
0.43529 3.30282711 0.08913132
0.44129 3.30313120 0.08907900
0.44730 3.30343390 0.08902668
0.45330 3.30373515 0.08897436
0.45931 3.30403488 0.08892205
0.46531 3.30433302 0.08886975
0.47131 3.30462952 0.08881744
0.47732 3.30492433 0.08876515
0.48332 3.30521739 0.08871286
0.48933 3.30550866 0.08866057
0.49533 3.30579810 0.08860829
0.50133 3.30608566 0.08855601
0.50734 3.30637131 0.08850373
0.51334 3.30665501 0.08845146
0.51935 3.30693673 0.08839920
0.52535 3.30721644 0.08834694
0.53135 3.30749412 0.08829468
0.53736 3.30776973 0.08824243
0.54336 3.30804325 0.08819018
0.54937 3.30831467 0.08813793
0.55537 3.30858395 0.08808569
0.56137 3.30885108 0.08803346
0.56738 3.30911605 0.08798122
0.57338 3.30937884 0.08792899
0.57939 3.30963942 0.08787677
0.58539 3.30989780 0.08782455
0.59139 3.31015395 0.08777233
0.59740 3.31040786 0.08772012
0.60340 3.31065953 0.08766791
0.60941 3.31090895 0.08761570
0.61541 3.31115610 0.08756350
0.62141 3.31140098 0.08751130
0.62742 3.31164359 0.08745910
0.63342 3.31188391 0.08740691
0.63943 3.31212195 0.08735472
0.64543 3.31235769 0.08730253
0.65143 3.31259113 0.08725035
0.65744 3.31282228 0.08719817
0.66344 3.31305112 0.08714599
0.66945 3.31327766 0.08709382
0.67545 3.31350190 0.08704165
0.68145 3.31372383 0.08698948
0.68746 3.31394345 0.08693732
0.69346 3.31416077 0.08688516
0.69947 3.31437578 0.08683300
0.70547 3.31458849 0.08678084
0.71147 3.31479889 0.08672869
0.71748 3.31500699 0.08667654
0.72348 3.31521279 0.08662439
0.72949 3.31541630 0.08657225
0.73549 3.31561751 0.08652011
0.74149 3.31581643 0.08646797
0.74750 3.31601306 0.08641583
0.75350 3.31620741 0.08636369
0.75951 3.31639948 0.08631156
0.76551 3.31658927 0.08625943
0.77151 3.31677680 0.08620730
0.77752 3.31696205 0.08615518
0.78352 3.31714505 0.08610306
0.78953 3.31732579 0.08605094
0.79553 3.31750427 0.08599882
0.80153 3.31768052 0.08594670
0.80754 3.31785452 0.08589458
0.81354 3.31802629 0.08584247
0.81955 3.31819583 0.08579036
0.82555 3.31836315 0.08573825
0.83155 3.31852826 0.08568614
0.83756 3.31869116 0.08563404
0.84356 3.31885186 0.08558193
0.84957 3.31901036 0.08552983
0.85557 3.31916668 0.08547773
0.86157 3.31932082 0.08542563
0.86758 3.31947279 0.08537353
0.87358 3.31962260 0.08532144
0.87959 3.31977024 0.08526934
0.88559 3.31991574 0.08521725
0.89159 3.32005910 0.08516515
0.89760 3.32020032 0.08511306
0.90360 3.32033942 0.08506097
0.90961 3.32047641 0.08500888
0.91561 3.32061128 0.08495680
0.92161 3.32074406 0.08490471
0.92762 3.32087475 0.08485262
0.93362 3.32100335 0.08480054
0.93963 3.32112988 0.08474845
0.94563 3.32125435 0.08469637
0.95163 3.32137676 0.08464429
0.95764 3.32149712 0.08459220
0.96364 3.32161545 0.08454012
0.96965 3.32173175 0.08448804
0.97565 3.32184603 0.08443596
0.98165 3.32195831 0.08438388
0.98766 3.32206858 0.08433180
0.99366 3.32217687 0.08427972
0.99967 3.32228317 0.08422764
1.00567 3.32238751 0.08417556
1.01167 3.32248988 0.08412348
1.01768 3.32259031 0.08407140
1.02368 3.32268879 0.08401933
1.02969 3.32278535 0.08396725
1.03569 3.32287999 0.08391517
1.04169 3.32297272 0.08386309
1.04770 3.32306355 0.08381101
1.05370 3.32315249 0.08375893
1.05971 3.32323956 0.08370685
1.06571 3.32332476 0.08365477
1.07171 3.32340811 0.08360269
1.07772 3.32348962 0.08355061
1.08372 3.32356929 0.08349853
1.08973 3.32364714 0.08344645
1.09573 3.32372319 0.08339437
1.10173 3.32379743 0.08334228
1.10774 3.32386989 0.08329020
1.11374 3.32394058 0.08323812
1.11975 3.32400950 0.08318603
1.12575 3.32407667 0.08313394
1.13175 3.32414211 0.08308186
1.13776 3.32420581 0.08302977
1.14376 3.32426781 0.08297768
1.14977 3.32432811 0.08292559
1.15577 3.32438671 0.08287350
1.16177 3.32444365 0.08282140
1.16778 3.32449892 0.08276931
1.17378 3.32455255 0.08271721
1.17979 3.32460454 0.08266512
1.18579 3.32465491 0.08261302
1.19179 3.32470367 0.08256092
1.19780 3.32475084 0.08250882
1.20380 3.32479643 0.08245671
1.20981 3.32484046 0.08240461
1.21581 3.32488294 0.08235250
1.22181 3.32492389 0.08230039
1.22782 3.32496331 0.08224828
1.23382 3.32500124 0.08219617
1.23983 3.32503767 0.08214405
1.24583 3.32507264 0.08209194
1.25183 3.32510615 0.08203982
1.25784 3.32513822 0.08198770
1.26384 3.32516887 0.08193557
1.26985 3.32519811 0.08188345
1.27585 3.32522597 0.08183132
1.28185 3.32525246 0.08177919
1.28786 3.32527760 0.08172705
1.29386 3.32530140 0.08167492
1.29987 3.32532390 0.08162278
1.30587 3.32534510 0.08157064
1.31187 3.32536502 0.08151849
1.31788 3.32538369 0.08146634
1.32388 3.32540114 0.08141419
1.32989 3.32541736 0.08136204
1.33589 3.32543240 0.08130989
1.34189 3.32544628 0.08125773
1.34790 3.32545901 0.08120556
1.35390 3.32547062 0.08115340
1.35991 3.32548113 0.08110123
1.36591 3.32549057 0.08104906
1.37191 3.32549897 0.08099688
1.37792 3.32550634 0.08094470
1.38392 3.32551273 0.08089252
1.38993 3.32551814 0.08084033
1.39593 3.32552263 0.08078814
1.40193 3.32552620 0.08073595
1.40794 3.32552890 0.08068375
1.41394 3.32553076 0.08063155
1.41995 3.32553180 0.08057934
1.42595 3.32553206 0.08052713
1.43195 3.32553157 0.08047492
1.43796 3.32553038 0.08042270
1.44396 3.32552852 0.08037048
1.44997 3.32552602 0.08031826
1.45597 3.32552293 0.08026602
1.46197 3.32551928 0.08021379
1.46798 3.32551513 0.08016155
1.47398 3.32551051 0.08010931
1.47999 3.32550546 0.08005706
1.48599 3.32550005 0.08000480
1.49199 3.32549432 0.07995255
1.49800 3.32548831 0.07990028
1.50400 3.32548209 0.07984802
1.51001 3.32547571 0.07979574
1.51601 3.32546922 0.07974346
1.52201 3.32546270 0.07969118
1.52802 3.32545620 0.07963889
1.53402 3.32544980 0.07958660
1.54003 3.32544355 0.07953430
1.54603 3.32543754 0.07948200
1.55203 3.32543184 0.07942969
1.55804 3.32542654 0.07937737
1.56404 3.32542171 0.07932505
1.57005 3.32541745 0.07927273
1.57605 3.32541385 0.07922040
1.58205 3.32541101 0.07916806
1.58806 3.32540903 0.07911572
1.59406 3.32540802 0.07906337
1.60007 3.32540810 0.07901101
1.60607 3.32540939 0.07895865
1.61207 3.32541202 0.07890628
1.61808 3.32541613 0.07885391
1.62408 3.32542185 0.07880153
1.63009 3.32542934 0.07874914
1.63609 3.32543877 0.07869675
1.64209 3.32545031 0.07864435
1.64810 3.32546413 0.07859195
1.65410 3.32548044 0.07853953
1.66011 3.32549944 0.07848712
1.66611 3.32552136 0.07843469
1.67211 3.32554642 0.07838226
1.67812 3.32557489 0.07832982
1.68412 3.32560704 0.07827737
1.69013 3.32564314 0.07822492
1.69613 3.32568352 0.07817246
1.70213 3.32572851 0.07811999
1.70814 3.32577847 0.07806752
1.71414 3.32583378 0.07801504
1.72015 3.32589487 0.07796255
1.72615 3.32596217 0.07791005
1.73215 3.32603619 0.07785755
1.73816 3.32611745 0.07780504
1.74416 3.32620652 0.07775252
1.75017 3.32630403 0.07769999
1.75617 3.32641064 0.07764746
1.76217 3.32652712 0.07759492
1.76818 3.32665425 0.07754237
1.77418 3.32679294 0.07748981
1.78019 3.32694414 0.07743724
1.78619 3.32710892 0.07738467
1.79219 3.32728847 0.07733209
1.79820 3.32748408 0.07727950
1.80420 3.32769718 0.07722691
1.81021 3.32792937 0.07717430
1.81621 3.32818242 0.07712169
1.82221 3.32845831 0.07706907
1.82822 3.32875924 0.07701644
1.83422 3.32908770 0.07696381
1.84023 3.32944646 0.07691117
1.84623 3.32983869 0.07685852
1.85223 3.33026793 0.07680586
1.85824 3.33073825 0.07675320
1.86424 3.33125427 0.07670053
1.87025 3.33182128 0.07664785
1.87625 3.33244538 0.07659517
1.88225 3.33313362 0.07654248
1.88826 3.33389419 0.07648979
1.89426 3.33473665 0.07643710
1.90027 3.33567226 0.07638440
1.90627 3.33671428 0.07633170
1.91227 3.33787853 0.07627901
1.91828 3.33918393 0.07622632
1.92428 3.34065335 0.07617365
1.93029 3.34231462 0.07612098
1.93629 3.34420196 0.07606834
1.94229 3.34635782 0.07601573
1.94830 3.34883549 0.07596316
1.95430 3.35170268 0.07591065
1.96031 3.35504661 0.07585823
1.96631 3.35898138 0.07580592
1.97231 3.36365884 0.07575379
1.97832 3.36928517 0.07570192
1.98432 3.37614672 0.07565041
1.99033 3.38465190 0.07559948
1.99633 3.39540160 0.07554946
2.00233 3.40931354 0.07550090
2.00834 3.42785448 0.07545488
2.01434 3.45350520 0.07541349
2.02035 3.49077795 0.07538127
2.02635 3.54871595 0.07536928
2.03235 3.64810037 0.07540939
2.03836 3.84784482 0.07562053
2.04436 4.39111114 0.07671128
2.05037 8.04059560 0.09441265
2.05637 38.76867803 1.49053725
2.06237 26.71472733 1.85465511
2.06838 21.80322249 1.92496175
2.07438 19.05669433 1.95615124
2.08039 17.24942982 1.97426242
2.08639 15.94646238 1.98629643
2.09239 14.95061272 1.99496611
2.09840 14.15803235 2.00155761
2.10440 13.50818687 2.00676517
2.11041 12.96310252 2.01099915
2.11641 12.49759423 2.01451908
2.12241 12.09421221 2.01749781
2.12842 11.74043219 2.02005536
2.13442 11.42699996 2.02227791
2.14043 11.14690899 2.02422912
2.14643 10.89474335 2.02595710
2.15243 10.66624130 2.02749898
2.15844 10.45799683 2.02888392
2.16444 10.26725059 2.03013517
2.17045 10.09173998 2.03127148
2.17645 9.92958980 2.03230823
2.18245 9.77923091 2.03325809
2.18846 9.63933898 2.03413165
2.19446 9.50878751 2.03493781
2.20047 9.38661157 2.03568412
2.20647 9.27197933 2.03637704
2.21247 9.16416954 2.03702211
2.21848 9.06255356 2.03762413
2.22448 8.96658091 2.03818726
2.23049 8.87576750 2.03871516
2.23649 8.78968607 2.03921102
2.24249 8.70795835 2.03967767
2.24850 8.63024863 2.04011762
2.25450 8.55625843 2.04053310
2.26051 8.48572218 2.04092609
2.26651 8.41840376 2.04129840
2.27252 8.35409373 2.04165163
2.27852 8.29260735 2.04198726
2.28452 8.23378322 2.04230662
2.29053 8.17748288 2.04261096
2.29653 8.12359131 2.04290142
2.30254 8.07201883 2.04317912
2.30854 8.02270492 2.04344514
2.31454 7.97562512 2.04370057
2.32055 7.93080283 2.04394661
2.32655 7.88832977 2.04418465
2.33256 7.84840207 2.04441649
2.33856 7.81138687 2.04464473
2.34456 7.77795209 2.04487360
2.35057 7.74933930 2.04511082
2.35657 7.72799639 2.04537250
2.36258 7.71925202 2.04569745
2.36858 7.73666337 2.04620010
2.37458 7.82491789 2.04733989
2.38059 8.23085787 2.05251307
2.38659 17.01307114 2.29788084
2.39260 19.54204971 3.91108885
2.39860 15.25266491 3.98570185
2.40460 13.63813662 4.00170638
2.41061 12.72007424 4.00931173
2.41661 12.10425172 4.01400078
2.42262 11.65173632 4.01728278
2.42862 11.29930996 4.01975772
2.43462 11.01352022 4.02171770
2.44063 10.77478370 4.02332447
2.44663 10.57077021 4.02467599
2.45264 10.39327608 4.02583559
2.45864 10.23660148 4.02684636
2.46464 10.09664522 4.02773876
2.47065 9.97036996 4.02853507
2.47665 9.85547103 4.02925200
2.48266 9.75016317 4.02990238
2.48866 9.65303860 4.03049625
2.49466 9.56296979 4.03104162
2.50067 9.47904125 4.03154493
2.50667 9.40050053 4.03201146
2.51268 9.32672249 4.03244558
2.51868 9.25718265 4.03285094
2.52468 9.19143708 4.03323062
2.53069 9.12910705 4.03358723
2.53669 9.06986705 4.03392302
2.54270 9.01343545 4.03423993
2.54870 8.95956711 4.03453964
2.55470 8.90804741 4.03482361
2.56071 8.85868748 4.03509313
2.56671 8.81132030 4.03534936
2.57272 8.76579753 4.03559328
2.57872 8.72198684 4.03582581
2.58472 8.67976973 4.03604775
2.59073 8.63903972 4.03625982
2.59673 8.59970080 4.03646267
2.60274 8.56166611 4.03665688
2.60874 8.52485686 4.03684299
2.61474 8.48920139 4.03702149
2.62075 8.45463434 4.03719282
2.62675 8.42109599 4.03735737
2.63276 8.38853166 4.03751553
2.63876 8.35689118 4.03766763
2.64476 8.32612845 4.03781398
2.65077 8.29620107 4.03795488
2.65677 8.26707002 4.03809060
2.66278 8.23869936 4.03822137
2.66878 8.21105600 4.03834744
2.67478 8.18410949 4.03846902
2.68079 8.15783191 4.03858631
2.68679 8.13219769 4.03869950
2.69280 8.10718357 4.03880877
2.69880 8.08276855 4.03891429
2.70480 8.05893393 4.03901621
2.71081 8.03566334 4.03911469
2.71681 8.01294300 4.03920988
2.72282 7.99076187 4.03930191
2.72882 7.96911216 4.03939093
2.73482 7.94798992 4.03947709
2.74083 7.92739595 4.03956051
2.74683 7.90733722 4.03964137
2.75284 7.88782891 4.03971984
2.75884 7.86889763 4.03979612
2.76484 7.85058643 4.03987047
2.77085 7.83296288 4.03994323
2.77685 7.81613277 4.04001490
2.78286 7.80026398 4.04008625
2.78886 7.78563070 4.04015856
2.79486 7.77270081 4.04023413
2.80087 7.76232281 4.04031751
2.80687 7.75617047 4.04041865
2.81288 7.75796010 4.04056273
2.81888 7.77752590 4.04082790
2.82488 7.84958109 4.04155223
2.83089 8.19450878 4.04562909
2.83689 19.54436750 4.38184049
2.84290 13.28439825 4.95388849
2.84890 11.40722459 4.99361051
2.85490 10.65717112 5.00582776
2.86091 10.21986006 5.01220209
2.86691 9.92226000 5.01623641
2.87292 9.70142330 5.01906689
2.87892 9.52814749 5.02118562
2.88492 9.38677486 5.02284402
2.89093 9.26805119 5.02418530
2.89693 9.16610751 5.02529760
2.90294 9.07701706 5.02623841
2.90894 8.99803946 5.02704699
2.91494 8.92719599 5.02775112
2.92095 8.86301705 5.02837111
2.92695 8.80438503 5.02892215
2.93296 8.75043266 5.02941585
2.93896 8.70047508 5.02986127
2.94496 8.65396317 5.03026557
2.95097 8.61045071 5.03063451
2.95697 8.56957075 5.03097277
2.96298 8.53101828 5.03128421
2.96898 8.49453737 5.03157202
2.97498 8.45991137 5.03183888
2.98099 8.42695543 5.03208708
2.98699 8.39551071 5.03231852
2.99300 8.36543982 5.03253488
2.99900 8.33662317 5.03273759
3.00500 8.30895609 5.03292788
3.01101 8.28234650 5.03310684
3.01701 8.25671299 5.03327542
3.02302 8.23198327 5.03343447
3.02902 8.20809287 5.03358472
3.03502 8.18498404 5.03372684
3.04103 8.16260492 5.03386141
3.04703 8.14090871 5.03398897
3.05304 8.11985308 5.03410999
3.05904 8.09939961 5.03422490
3.06504 8.07951332 5.03433408
3.07105 8.06016229 5.03443789
3.07705 8.04131730 5.03453664
3.08306 8.02295155 5.03463064
3.08906 8.00504037 5.03472014
3.09506 7.98756105 5.03480539
3.10107 7.97049260 5.03488662
3.10707 7.95381557 5.03496403
3.11308 7.93751196 5.03503781
3.11908 7.92156501 5.03510815
3.12508 7.90595914 5.03517519
3.13109 7.89067981 5.03523910
3.13709 7.87571345 5.03530002
3.14310 7.86104737 5.03535808
3.14910 7.84666966 5.03541339
3.15510 7.83256916 5.03546608
3.16111 7.81873539 5.03551624
3.16711 7.80515849 5.03556399
3.17312 7.79182915 5.03560941
3.17912 7.77873863 5.03565259
3.18512 7.76587864 5.03569361
3.19113 7.75324136 5.03573256
3.19713 7.74081938 5.03576951
3.20314 7.72860570 5.03580452
3.20914 7.71659367 5.03583766
3.21514 7.70477696 5.03586899
3.22115 7.69314959 5.03589857
3.22715 7.68170584 5.03592646
3.23316 7.67044028 5.03595271
3.23916 7.65934775 5.03597736
3.24516 7.64842330 5.03600047
3.25117 7.63766224 5.03602209
3.25717 7.62706005 5.03604224
3.26318 7.61661246 5.03606099
3.26918 7.60631533 5.03607835
3.27518 7.59616475 5.03609438
3.28119 7.58615695 5.03610910
3.28719 7.57628830 5.03612255
3.29320 7.56655536 5.03613476
3.29920 7.55695479 5.03614577
3.30520 7.54748341 5.03615560
3.31121 7.53813815 5.03616427
3.31721 7.52891606 5.03617183
3.32322 7.51981430 5.03617829
3.32922 7.51083015 5.03618367
3.33522 7.50196097 5.03618801
3.34123 7.49320424 5.03619132
3.34723 7.48455751 5.03619363
3.35324 7.47601843 5.03619496
3.35924 7.46758472 5.03619532
3.36524 7.45925420 5.03619474
3.37125 7.45102473 5.03619323
3.37725 7.44289428 5.03619081
3.38326 7.43486086 5.03618750
3.38926 7.42692255 5.03618332
3.39526 7.41907750 5.03617828
3.40127 7.41132391 5.03617239
3.40727 7.40366005 5.03616567
3.41328 7.39608421 5.03615813
3.41928 7.38859478 5.03614979
3.42528 7.38119016 5.03614065
3.43129 7.37386880 5.03613074
3.43729 7.36662921 5.03612005
3.44330 7.35946993 5.03610860
3.44930 7.35238955 5.03609640
3.45530 7.34538668 5.03608346
3.46131 7.33845999 5.03606978
3.46731 7.33160816 5.03605538
3.47332 7.32482991 5.03604026
3.47932 7.31812401 5.03602442
3.48532 7.31148923 5.03600787
3.49133 7.30492438 5.03599061
3.49733 7.29842829 5.03597266
3.50334 7.29199982 5.03595400
3.50934 7.28563785 5.03593463
3.51534 7.27934126 5.03591457
3.52135 7.27310898 5.03589380
3.52735 7.26693993 5.03587233
3.53336 7.26083304 5.03585014
3.53936 7.25478727 5.03582723
3.54536 7.24880158 5.03580358
3.55137 7.24287492 5.03577919
3.55737 7.23700625 5.03575402
3.56338 7.23119453 5.03572807
3.56938 7.22543871 5.03570131
3.57538 7.21973772 5.03567369
3.58139 7.21409050 5.03564518
3.58739 7.20849593 5.03561573
3.59340 7.20295289 5.03558527
3.59940 7.19746020 5.03555372
3.60540 7.19201666 5.03552098
3.61141 7.18662100 5.03548694
3.61741 7.18127188 5.03545144
3.62342 7.17596791 5.03541427
3.62942 7.17070761 5.03537519
3.63542 7.16548942 5.03533385
3.64143 7.16031174 5.03528982
3.64743 7.15517292 5.03524249
3.65344 7.15007139 5.03519103
3.65944 7.14500585 5.03513427
3.66544 7.13997566 5.03507050
3.67145 7.13498167 5.03499717
3.67745 7.13002802 5.03491026
3.68346 7.12512601 5.03480319
3.68946 7.12030318 5.03466440
3.69546 7.11562601 5.03447200
3.70147 7.11126335 5.03417959
3.70747 7.10769114 5.03367209
3.71348 7.10651633 5.03258268
3.71948 7.11524971 5.02904758
3.72548 7.20810775 4.98971276
3.73149 6.06822220 3.51680834
3.73749 7.30095212 4.96236142
3.74350 7.14959722 5.02871299
3.74950 7.11440025 5.03295604
3.75550 7.09826755 5.03398191
3.76151 7.08805495 5.03435316
3.76751 7.08035722 5.03451058
3.77352 7.07394595 5.03457859
3.77952 7.06828105 5.03460299
3.78552 7.06309125 5.03460376
3.79153 7.05822654 5.03459068
3.79753 7.05359767 5.03456897
3.80354 7.04914845 5.03454160
3.80954 7.04484175 5.03451037
3.81554 7.04065213 5.03447639
3.82155 7.03656153 5.03444039
3.82755 7.03255680 5.03440285
3.83356 7.02862812 5.03436412
3.83956 7.02476798 5.03432443
3.84556 7.02097055 5.03428394
3.85157 7.01723120 5.03424277
3.85757 7.01354622 5.03420103
3.86358 7.00991257 5.03415877
3.86958 7.00632773 5.03411604
3.87558 7.00278960 5.03407289
3.88159 6.99929640 5.03402935
3.88759 6.99584661 5.03398544
3.89360 6.99243891 5.03394119
3.89960 6.98907213 5.03389659
3.90560 6.98574527 5.03385168
3.91161 6.98245743 5.03380645
3.91761 6.97920780 5.03376093
3.92362 6.97599565 5.03371510
3.92962 6.97282032 5.03366899
3.93562 6.96968121 5.03362260
3.94163 6.96657777 5.03357592
3.94763 6.96350950 5.03352897
3.95364 6.96047591 5.03348174
3.95964 6.95747657 5.03343424
3.96564 6.95451106 5.03338648
3.97165 6.95157901 5.03333845
3.97765 6.94868004 5.03329016
3.98366 6.94581381 5.03324160
3.98966 6.94298000 5.03319279
3.99566 6.94017830 5.03314372
4.00167 6.93740840 5.03309439
4.00767 6.93467003 5.03304481
4.01368 6.93196292 5.03299498
4.01968 6.92928681 5.03294489
4.02568 6.92664145 5.03289456
4.03169 6.92402660 5.03284397
4.03769 6.92144203 5.03279314
4.04370 6.91888752 5.03274206
4.04970 6.91636285 5.03269073
4.05570 6.91386783 5.03263916
4.06171 6.91140224 5.03258734
4.06771 6.90896589 5.03253529
4.07372 6.90655861 5.03248299
4.07972 6.90418020 5.03243044
4.08572 6.90183048 5.03237766
4.09173 6.89950930 5.03232464
4.09773 6.89721648 5.03227139
4.10374 6.89495186 5.03221789
4.10974 6.89271528 5.03216416
4.11574 6.89050660 5.03211019
4.12175 6.88832567 5.03205599
4.12775 6.88617234 5.03200155
4.13376 6.88404648 5.03194688
4.13976 6.88194795 5.03189198
4.14576 6.87987662 5.03183684
4.15177 6.87783236 5.03178148
4.15777 6.87581505 5.03172588
4.16378 6.87382457 5.03167005
4.16978 6.87186081 5.03161400
4.17578 6.86992366 5.03155771
4.18179 6.86801299 5.03150120
4.18779 6.86612872 5.03144446
4.19380 6.86427074 5.03138749
4.19980 6.86243894 5.03133030
4.20580 6.86063324 5.03127288
4.21181 6.85885355 5.03121524
4.21781 6.85709976 5.03115737
4.22382 6.85537181 5.03109927
4.22982 6.85366961 5.03104096
4.23582 6.85199307 5.03098241
4.24183 6.85034213 5.03092365
4.24783 6.84871670 5.03086466
4.25384 6.84711673 5.03080545
4.25984 6.84554214 5.03074602
4.26584 6.84399288 5.03068637
4.27185 6.84246887 5.03062650
4.27785 6.84097007 5.03056640
4.28386 6.83949642 5.03050609
4.28986 6.83804787 5.03044555
4.29586 6.83662438 5.03038480
4.30187 6.83522588 5.03032382
4.30787 6.83385236 5.03026263
4.31388 6.83250375 5.03020121
4.31988 6.83118004 5.03013958
4.32588 6.82988119 5.03007773
4.33189 6.82860717 5.03001566
4.33789 6.82735795 5.02995337
4.34390 6.82613350 5.02989086
4.34990 6.82493382 5.02982813
4.35590 6.82375887 5.02976518
4.36191 6.82260865 5.02970202
4.36791 6.82148315 5.02963864
4.37392 6.82038235 5.02957504
4.37992 6.81930625 5.02951122
4.38592 6.81825486 5.02944718
4.39193 6.81722816 5.02938293
4.39793 6.81622617 5.02931845
4.40394 6.81524890 5.02925376
4.40994 6.81429635 5.02918885
4.41594 6.81336853 5.02912372
4.42195 6.81246547 5.02905837
4.42795 6.81158719 5.02899280
4.43396 6.81073370 5.02892701
4.43996 6.80990503 5.02886100
4.44596 6.80910122 5.02879477
4.45197 6.80832230 5.02872833
4.45797 6.80756830 5.02866166
4.46398 6.80683927 5.02859477
4.46998 6.80613524 5.02852766
4.47598 6.80545626 5.02846033
4.48199 6.80480238 5.02839277
4.48799 6.80417366 5.02832500
4.49400 6.80357016 5.02825700
4.50000 6.80299192 5.02818878
