-4.50000 5.23557936 14.96712979
-4.49400 5.26058420 14.96693250
-4.48799 5.28869389 14.96668709
-4.48199 5.32039777 14.96635225
-4.47598 5.35630678 14.96578861
-4.46998 5.39719400 14.96418627
-4.46398 5.44301059 14.93852053
-4.45797 5.49882511 14.95827869
-4.45197 5.56118103 14.96383497
-4.44596 5.63552482 14.96400197
-4.43996 5.72466670 14.96370163
-4.43396 5.83352705 14.96304929
-4.42795 5.96984098 14.96214021
-4.42195 6.14638657 14.96088950
-4.41594 6.38620320 14.95909039
-4.40994 6.73633067 14.95624815
-4.40394 7.31359079 14.95085438
-4.39793 8.53561258 14.93487582
-4.39193 13.43537560 14.48937898
-4.38592 4.40598096 12.99089642
-4.37992 4.06808370 12.97885368
-4.37392 3.98576329 12.97698877
-4.36791 3.94864231 12.97640962
-4.36191 3.92657870 12.97617513
-4.35590 3.91124439 12.97606899
-4.34990 3.89950525 12.97602043
-4.34390 3.88993972 12.97600091
-4.33789 3.88181572 12.97599718
-4.33189 3.87471987 12.97600247
-4.32588 3.86840189 12.97601301
-4.31988 3.86270203 12.97602659
-4.31388 3.85751413 12.97604186
-4.30787 3.85276566 12.97605792
-4.30187 3.84840631 12.97607418
-4.29586 3.84440115 12.97609021
-4.28986 3.84072647 12.97610571
-4.28386 3.83736724 12.97612041
-4.27785 3.83431549 12.97613411
-4.27185 3.83156945 12.97614661
-4.26584 3.82913314 12.97615772
-4.25984 3.82701641 12.97616724
-4.25384 3.82523532 12.97617495
-4.24783 3.82381302 12.97618057
-4.24183 3.82278103 12.97618379
-4.23582 3.82218120 12.97618420
-4.22982 3.82206854 12.97618131
-4.22382 3.82251531 12.97617445
-4.21781 3.82361692 12.97616272
-4.21181 3.82550067 12.97614492
-4.20580 3.82833896 12.97611933
-4.19980 3.83236974 12.97608348
-4.19380 3.83792923 12.97603362
-4.18779 3.84550642 12.97596386
-4.18179 3.85583796 12.97586435
-4.17578 3.87008334 12.97571755
-4.16978 3.89017157 12.97548919
-4.16378 3.91955336 12.97510380
-4.15777 3.96504817 12.97436367
-4.15177 4.04230959 12.97257832
-4.14576 4.19546810 12.96068145
-4.13976 4.60085655 12.65191496
-4.13376 3.85113800 9.52949612
-4.12775 2.82101992 9.01336520
-4.12175 2.75727154 8.99751106
-4.11574 2.74214790 8.99568556
-4.10974 2.74991533 9.00066557
-4.10374 2.83506750 9.04014063
-4.09773 4.71849584 12.56216214
-4.09173 3.99685050 12.92995991
-4.08572 3.41488000 11.15449406
-4.07972 3.90835030 12.94951517
-4.07372 3.78530087 12.97486885
-4.06771 3.75187603 12.97612806
-4.06171 3.73627351 12.97647579
-4.05570 3.72764391 12.97663383
-4.04970 3.72252793 12.97672064
-4.04370 3.71943337 12.97677270
-4.03769 3.71760590 12.97680530
-4.03169 3.71662541 12.97682596
-4.02568 3.71624213 12.97683881
-4.01968 3.71630052 12.97684629
-4.01368 3.71670035 12.97684989
-4.00767 3.71737541 12.97685057
-4.00167 3.71828121 12.97684895
-3.99566 3.71938754 12.97684547
-3.98966 3.72067387 12.97684041
-3.98366 3.72212636 12.97683399
-3.97765 3.72373586 12.97682633
-3.97165 3.72549669 12.97681753
-3.96564 3.72740563 12.97680766
-3.95964 3.72946138 12.97679676
-3.95364 3.73166408 12.97678486
-3.94763 3.73401501 12.97677197
-3.94163 3.73651634 12.97675809
-3.93562 3.73917106 12.97674321
-3.92962 3.74198275 12.97672733
-3.92362 3.74495560 12.97671041
-3.91761 3.74809430 12.97669245
-3.91161 3.75140405 12.97667342
-3.90560 3.75489050 12.97665328
-3.89960 3.75855977 12.97663200
-3.89360 3.76241845 12.97660954
-3.88759 3.76647361 12.97658587
-3.88159 3.77073281 12.97656093
-3.87558 3.77520415 12.97653468
-3.86958 3.77989626 12.97650706
-3.86358 3.78481838 12.97647803
-3.85757 3.78998040 12.97644752
-3.85157 3.79539287 12.97641547
-3.84556 3.80106711 12.97638180
-3.83956 3.80701524 12.97634645
-3.83356 3.81325028 12.97630933
-3.82755 3.81978621 12.97627036
-3.82155 3.82663807 12.97622945
-3.81554 3.83382209 12.97618650
-3.80954 3.84135577 12.97614139
-3.80354 3.84925807 12.97609402
-3.79753 3.85754951 12.97604426
-3.79153 3.86625237 12.97599196
-3.78552 3.87539091 12.97593699
-3.77952 3.88499157 12.97587917
-3.77352 3.89508326 12.97581834
-3.76751 3.90569763 12.97575428
-3.76151 3.91686948 12.97568680
-3.75550 3.92863711 12.97561565
-3.74950 3.94104287 12.97554058
-3.74350 3.95413365 12.97546129
-3.73749 3.96796159 12.97537747
-3.73149 3.98258487 12.97528875
-3.72548 3.99806862 12.97519474
-3.71948 4.01448606 12.97509498
-3.71348 4.03191987 12.97498896
-3.70747 4.05046382 12.97487611
-3.70147 4.07022478 12.97475577
-3.69546 4.09132522 12.97462718
-3.68946 4.11390628 12.97448948
-3.68346 4.13813166 12.97434166
-3.67745 4.16419252 12.97418253
-3.67145 4.19231375 12.97401072
-3.66544 4.22276212 12.97382457
-3.65944 4.25585696 12.97362212
-3.65344 4.29198438 12.97340098
-3.64743 4.33161644 12.97315823
-3.64143 4.37533764 12.97289023
-3.63542 4.42388192 12.97259243
-3.62942 4.47818576 12.97225896
-3.62342 4.53946621 12.97188214
-3.61741 4.60933869 12.97145166
-3.61141 4.69000103 12.97095322
-3.60540 4.78453184 12.97036608
-3.59940 4.89739699 12.96965810
-3.59340 5.03535761 12.96877323
-3.58739 5.20921246 12.96758362
-3.58139 5.43748874 12.96547210
-3.57538 5.74923027 12.93952350
-3.56938 6.23493174 12.96083420
-3.56338 7.07230391 12.95625012
-3.55737 8.99624024 12.94403975
-3.55137 18.94146764 12.84302791
-3.54536 6.34374645 11.00951496
-3.53936 5.13645738 10.97782946
-3.53336 5.10793499 10.97290049
-3.52735 5.24667808 10.97041857
-3.52135 5.46982330 10.96834511
-3.51534 5.77555944 10.96613747
-3.50934 6.18954229 10.96346975
-3.50334 6.76519736 10.95996800
-3.49733 7.59941733 10.95505923
-3.49133 8.83405698 10.94795783
-3.48532 10.32584819 10.93955479
-3.47932 10.13438180 10.94084374
-3.47332 7.80934817 10.95414264
-3.46731 6.06321572 10.96410107
-3.46131 5.07591643 10.96974773
-3.45530 4.49252408 10.97309819
-3.44930 4.12091834 10.97523924
-3.44330 3.86897092 10.97668286
-3.43729 3.68983554 10.97761407
-3.43129 3.55770584 10.97359214
-3.42528 3.45833336 10.97892571
-3.41928 3.38209399 10.97962422
-3.41328 3.32373824 10.98006585
-3.40727 3.28022938 10.98042902
-3.40127 3.25072605 10.98076075
-3.39526 3.23745505 10.98111059
-3.38926 3.24958159 10.98158852
-3.38326 3.32042475 10.98260115
-3.37725 3.63087000 10.98701503
-3.37125 9.02629071 11.16110955
-3.36524 13.44409902 12.89801637
-3.35924 10.00977467 12.93464821
-3.35324 8.61539955 12.94535818
-3.34723 7.81249227 12.95015230
-3.34123 7.27335300 12.95461702
-3.33522 6.87987221 12.95723485
-3.32922 6.57628981 12.95921289
-3.32322 6.33299400 12.96078338
-3.31721 6.13251314 12.96207050
-3.31121 5.96378517 12.96315024
-3.30520 5.81942157 12.96407231
-3.29920 5.69427699 12.96487088
-3.29320 5.58464708 12.96557028
-3.28719 5.48779262 12.96618836
-3.28119 5.40164420 12.96673848
-3.27518 5.32461198 12.96723088
-3.26918 5.25545949 12.96767342
-3.26318 5.19321810 12.96807224
-3.25717 5.13712813 12.96843205
-3.25117 5.08659855 12.96875648
-3.24516 5.04117993 12.96904815
-3.23916 5.00054800 12.96930880
-3.23316 4.96449645 12.96953929
-3.22715 4.93293910 12.96973948
-3.22115 4.90592337 12.96990803
-3.21514 4.88365950 12.97004203
-3.20914 4.86657442 12.97013618
-3.20314 4.85540846 12.97018141
-3.19713 4.85139214 12.97016206
-3.19113 4.85658725 12.97004990
-3.18512 4.87459913 12.96978962
-3.17912 4.91224383 12.96925860
-3.17312 4.98415068 12.96812549
-3.16711 5.12923374 12.96513410
-3.16111 5.50648709 12.95032694
-3.15510 5.65503740 11.49875685
-3.14910 4.15853570 10.98678264
-3.14310 4.08016915 10.97891986
-3.13709 4.04679957 10.97735548
-3.13109 4.02385307 10.97686335
-3.12508 4.00525823 10.97669369
-3.11908 3.98918070 10.97665235
-3.11308 3.97489244 10.97667105
-3.10707 3.96205349 10.97672089
-3.10107 3.95048948 10.97678795
-3.09506 3.94010831 10.97686497
-3.08906 3.93086460 10.97694787
-3.08306 3.92274326 10.97703430
-3.07705 3.91575163 10.97712285
-3.07105 3.90991589 10.97721269
-3.06504 3.90527994 10.97730336
-3.05904 3.90190582 10.97739465
-3.05304 3.89987548 10.97748651
-3.04703 3.89929366 10.97757902
-3.04103 3.90029216 10.97767239
-3.03502 3.90303563 10.97776689
-3.02902 3.90772958 10.97786290
-3.02302 3.91463111 10.97796083
-3.01701 3.92406372 10.97806105
-3.01101 3.93643784 10.97816361
-3.00500 3.95227968 10.97826731
-2.99900 3.97227310 10.97836585
-2.99300 3.99732289 10.97842466
-2.98699 4.02868247 10.97804508
-2.98099 4.06765136 10.97330913
-2.97498 4.11734919 10.97883065
-2.96898 4.18049309 10.97922936
-2.96298 4.26246286 10.97955880
-2.95697 4.37140692 10.97995234
-2.95097 4.52107201 10.98047088
-2.94496 4.73657919 10.98028143
-2.93896 5.06953315 10.98255771
-2.93296 5.64581831 10.98508416
-2.92695 6.88355605 10.99155782
-2.92095 11.71919517 11.02935421
-2.91494 44.18353013 12.30131697
-2.90894 41.01906154 12.76625207
-2.90294 57.45647377 13.77351517
-2.89693 39.76488821 14.63589954
-2.89093 33.06470424 14.74563361
-2.88492 29.24244396 14.79042221
-2.87892 26.64519187 14.81605583
-2.87292 24.71942630 14.83317807
-2.86691 23.21288484 14.84567413
-2.86091 21.99023617 14.85533044
-2.85490 20.97096185 14.86309538
-2.84890 20.10355947 14.86952480
-2.84290 19.35326515 14.87496891
-2.83689 18.69561374 14.87966091
-2.83089 18.11280431 14.88376301
-2.82488 17.59152768 14.88739206
-2.81888 17.12160692 14.89063465
-2.81288 16.69511447 14.89355639
-2.80687 16.30578244 14.89620758
-2.80087 15.94860232 14.89862609
-2.79486 15.61955601 14.90083666
-2.78886 15.31545259 14.90283954
-2.78286 15.03388318 14.90454643
-2.77685 14.77340709 14.90525111
-2.77085 14.53448882 14.88423427
-2.76484 14.32142742 14.90313823
-2.75884 14.16467947 14.91733735
-2.75284 14.60047549 15.00534758
-2.74683 16.21474910 16.82787588
-2.74083 15.13099916 16.88980508
-2.73482 14.62802782 16.90093822
-2.72882 14.28158696 16.90586254
-2.72282 14.00623104 16.90890086
-2.71681 13.77184282 16.91111197
-2.71081 13.56460206 16.91287274
-2.70480 13.37707982 16.91433954
-2.69880 13.20491391 16.91551978
-2.69280 13.04798056 16.91455542
-2.68679 12.89801081 16.91637231
-2.68079 12.75402981 16.91883138
-2.67478 12.62032363 16.91979118
-2.66878 12.49325490 16.91607450
-2.66278 12.37296863 16.92151213
-2.65677 12.25786579 16.92228547
-2.65077 12.14794685 16.92259940
-2.64476 12.03921188 16.91145948
-2.63876 11.94099296 16.92421607
-2.63276 11.84363866 16.92506324
-2.62675 11.74995802 16.92571734
-2.62075 11.65970395 16.92632278
-2.61474 11.57266016 16.92689851
-2.60874 11.48863422 16.92745021
-2.60274 11.40745311 16.92798050
-2.59673 11.32896028 16.92849068
-2.59073 11.25301344 16.92898010
-2.58472 11.17948448 16.92943622
-2.57872 11.10805090 16.92854675
-2.57272 11.03920040 16.93033835
-2.56671 10.97224597 16.93079784
-2.56071 10.90728362 16.93122204
-2.55470 10.84423011 16.93163018
-2.54870 10.78300636 16.93202518
-2.54270 10.72353884 16.93240814
-2.53669 10.66575927 16.93277975
-2.53069 10.60960416 16.93314053
-2.52468 10.55501448 16.93349095
-2.51868 10.50193527 16.93383141
-2.51268 10.45031539 16.93416227
-2.50667 10.40010721 16.93448388
-2.50067 10.35126639 16.93479653
-2.49466 10.30375169 16.93510052
-2.48866 10.25752475 16.93539612
-2.48266 10.21254996 16.93568355
-2.47665 10.16879430 16.93596304
-2.47065 10.12622723 16.93623477
-2.46464 10.08482061 16.93649887
-2.45864 10.04454870 16.93675535
-2.45264 10.00538862 16.93700340
-2.44663 9.96732751 16.93722801
-2.44063 9.93034863 16.93715039
-2.43462 9.89436334 16.93770837
-2.42862 9.85944430 16.93793480
-2.42262 9.82555092 16.93815148
-2.41661 9.79266938 16.93836113
-2.41061 9.76078973 16.93856418
-2.40460 9.72990439 16.93876078
-2.39860 9.70000789 16.93895101
-2.39260 9.67109696 16.93913490
-2.38659 9.64317057 16.93931246
-2.38059 9.61623002 16.93948371
-2.37458 9.59027907 16.93964861
-2.36858 9.56532410 16.93980712
-2.36258 9.54137427 16.93995921
-2.35657 9.51844177 16.94010478
-2.35057 9.49654202 16.94024374
-2.34456 9.47569406 16.94037597
-2.33856 9.45592080 16.94050131
-2.33256 9.43724952 16.94061961
-2.32655 9.41971234 16.94073064
-2.32055 9.40334682 16.94083417
-2.31454 9.38819664 16.94092991
-2.30854 9.37431245 16.94101753
-2.30254 9.36175289 16.94109666
-2.29653 9.35058575 16.94116684
-2.29053 9.34088947 16.94122758
-2.28452 9.33275489 16.94127826
-2.27852 9.32628743 16.94131820
-2.27252 9.32160976 16.94134659
-2.26651 9.31886514 16.94136249
-2.26051 9.31822157 16.94136478
-2.25450 9.31987711 16.94135214
-2.24850 9.32406661 16.94132302
-2.24249 9.33107047 16.94127552
-2.23649 9.34122610 16.94120739
-2.23049 9.35494311 16.94111585
-2.22448 9.37272391 16.94099748
-2.21848 9.39519185 16.94084800
-2.21247 9.42313076 16.94066201
-2.20647 9.45754143 16.94043251
-2.20047 9.49972469 16.94015032
-2.19446 9.55140687 16.93980309
-2.18846 9.61493619 16.93937373
-2.18245 9.69360284 16.93883779
-2.17645 9.79218651 16.93815884
-2.17045 9.91795138 16.93727958
-2.16444 10.08259625 16.93610350
-2.15844 10.30647441 16.93445195
-2.15243 10.62905038 16.93194552
-2.14643 11.14052945 16.92758234
-2.14043 12.11519228 16.91738814
-2.13442 15.15225951 16.85079053
-2.12842 8.94051537 15.01496987
-2.12241 7.89392510 14.95731863
-2.11641 7.74198417 14.95384273
-2.11041 7.67526274 14.95305009
-2.10440 7.63193579 14.95281792
-2.09840 7.59792088 14.95277119
-2.09239 7.56844672 14.95280227
-2.08639 7.54150145 14.95287087
-2.08039 7.51610899 14.95295894
-2.07438 7.49174676 14.95305710
-2.06838 7.46811307 14.95315961
-2.06237 7.44502179 14.95326203
-2.05637 7.42234943 14.95335973
-2.05037 7.40000576 14.95344596
-2.04436 7.37791595 14.95350781
-2.03836 7.35601074 14.95351423
-2.03235 7.33423731 14.95336771
-2.02635 7.31269057 14.95258881
-2.02035 7.29190016 14.94181430
-2.01434 7.31894377 14.83645290
-2.00834 7.41989211 14.59483382
-2.00233 7.28510989 14.95055920
-1.99633 7.24333597 14.95359046
-1.99033 7.21710905 14.95424592
-1.98432 7.19504693 14.95455866
-1.97832 7.17477901 14.95476827
-1.97231 7.15552508 14.95493459
-1.96631 7.13695609 14.95507878
-1.96031 7.11890904 14.95521002
-1.95430 7.10129324 14.95533285
-1.94830 7.08405343 14.95544974
-1.94229 7.06715337 14.95556215
-1.93629 7.05056769 14.95567099
-1.93029 7.03427767 14.95577685
-1.92428 7.01826880 14.95588014
-1.91828 7.00252938 14.95598115
-1.91227 6.98704964 14.95608008
-1.90627 6.97182124 14.95617710
-1.90027 6.95683685 14.95627232
-1.89426 6.94208995 14.95636585
-1.88826 6.92757463 14.95645776
-1.88225 6.91328552 14.95654812
-1.87625 6.89921768 14.95663699
-1.87025 6.88536654 14.95672441
-1.86424 6.87172785 14.95681042
-1.85824 6.85829768 14.95689506
-1.85223 6.84507235 14.95697836
-1.84623 6.83204844 14.95706034
-1.84023 6.81922277 14.95714102
-1.83422 6.80659237 14.95722043
-1.82822 6.79415448 14.95729856
-1.82221 6.78190656 14.95737543
-1.81621 6.76984625 14.95745103
-1.81021 6.75797138 14.95752533
-1.80420 6.74627997 14.95759828
-1.79820 6.73477023 14.95766976
-1.79219 6.72344053 14.95773952
-1.78619 6.71228942 14.95780696
-1.78019 6.70131564 14.95787042
-1.77418 6.69051808 14.95792385
-1.76818 6.67989541 14.95792970
-1.76217 6.66939489 14.95660652
-1.75617 6.65918887 14.95790779
-1.75017 6.64907524 14.95816564
-1.74416 6.63914722 14.95825564
-1.73816 6.62939325 14.95832572
-1.73215 6.61981284 14.95838980
-1.72615 6.61040623 14.95845096
-1.72015 6.60117389 14.95851018
-1.71414 6.59211656 14.95856787
-1.70814 6.58323515 14.95862421
-1.70213 6.57453083 14.95867927
-1.69613 6.56600497 14.95873311
-1.69013 6.55765921 14.95878574
-1.68412 6.54949543 14.95883718
-1.67812 6.54151576 14.95888743
-1.67211 6.53372265 14.95893647
-1.66611 6.52611883 14.95898429
-1.66011 6.51870735 14.95903089
-1.65410 6.51149162 14.95907623
-1.64810 6.50447541 14.95912031
-1.64209 6.49766290 14.95916308
-1.63609 6.49105871 14.95920454
-1.63009 6.48466790 14.95924463
-1.62408 6.47849609 14.95928334
-1.61808 6.47254941 14.95932062
-1.61207 6.46683462 14.95935642
-1.60607 6.46135917 14.95939070
-1.60007 6.45613123 14.95942340
-1.59406 6.45115978 14.95945448
-1.58806 6.44645470 14.95948386
-1.58205 6.44202690 14.95951148
-1.57605 6.43788839 14.95953725
-1.57005 6.43405243 14.95956110
-1.56404 6.43053368 14.95958292
-1.55804 6.42734839 14.95960261
-1.55203 6.42451460 14.95962006
-1.54603 6.42205237 14.95963513
-1.54003 6.41998406 14.95964769
-1.53402 6.41833469 14.95965755
-1.52802 6.41713230 14.95966456
-1.52201 6.41640843 14.95966848
-1.51601 6.41619869 14.95966910
-1.51001 6.41654342 14.95966616
-1.50400 6.41748854 14.95965933
-1.49800 6.41908648 14.95964829
-1.49199 6.42139748 14.95963264
-1.48599 6.42449107 14.95961190
-1.47999 6.42844799 14.95958555
-1.47398 6.43336259 14.95955296
-1.46798 6.43934586 14.95951339
-1.46197 6.44652944 14.95946594
-1.45597 6.45507075 14.95940955
-1.44997 6.46515978 14.95934294
-1.44396 6.47702837 14.95926451
-1.43796 6.49096268 14.95917230
-1.43195 6.50732073 14.95906381
-1.42595 6.52655732 14.95893586
-1.41995 6.54926037 14.95878426
-1.41394 6.57620548 14.95860344
-1.40794 6.60844061 14.95838571
-1.40193 6.64742255 14.95812017
-1.39593 6.69524749 14.95779075
-1.38993 6.75506327 14.95737245
-1.38392 6.83186088 14.95682385
-1.37792 6.93414044 14.95607001
-1.37191 7.07788095 14.95495715
-1.36591 7.29784760 14.95310189
-1.35991 7.69039818 14.94915406
-1.35390 8.69614506 14.93219229
-1.34790 7.00393650 14.03608107
-1.34189 5.82999157 13.96811051
-1.33589 5.73222896 13.96553472
-1.32989 5.69763409 13.96497207
-1.32388 5.67840915 13.96478554
-1.31788 5.66498707 13.96471713
-1.31187 5.65432102 13.96469692
-1.30587 5.64516962 13.96469977
-1.29987 5.63694172 13.96471487
-1.29386 5.62932349 13.96473698
-1.28786 5.62213441 13.96476329
-1.28185 5.61526397 13.96479223
-1.27585 5.60864115 13.96482281
-1.26985 5.60221841 13.96485444
-1.26384 5.59596286 13.96488672
-1.25784 5.58985111 13.96491936
-1.25183 5.58386610 13.96495220
-1.24583 5.57799518 13.96498508
-1.23983 5.57222877 13.96501792
-1.23382 5.56655949 13.96505063
-1.22782 5.56098165 13.96508317
-1.22181 5.55549075 13.96511549
-1.21581 5.55008324 13.96514756
-1.20981 5.54475626 13.96517934
-1.20380 5.53950756 13.96521083
-1.19780 5.53433531 13.96524200
-1.19179 5.52923803 13.96527283
-1.18579 5.52421457 13.96530332
-1.17979 5.51926397 13.96533345
-1.17378 5.51438552 13.96536322
-1.16778 5.50957865 13.96539261
-1.16177 5.50484294 13.96542162
-1.15577 5.50017809 13.96545024
-1.14977 5.49558391 13.96547846
-1.14376 5.49106031 13.96550628
-1.13776 5.48660729 13.96553368
-1.13175 5.48222491 13.96556066
-1.12575 5.47791332 13.96558721
-1.11975 5.47367271 13.96561331
-1.11374 5.46950334 13.96563895
-1.10774 5.46540555 13.96566411
-1.10173 5.46137970 13.96568875
-1.09573 5.45742622 13.96571283
-1.08973 5.45354558 13.96573625
-1.08372 5.44973829 13.96575886
-1.07772 5.44600492 13.96578032
-1.07171 5.44234602 13.96579982
-1.06571 5.43876209 13.96581497
-1.05971 5.43525304 13.96581589
-1.05370 5.43181252 13.96571857
-1.04770 5.42886036 13.96422605
-1.04169 5.42519149 13.96580419
-1.03569 5.42200033 13.96590402
-1.02969 5.41888655 13.96594029
-1.02368 5.41585354 13.96596534
-1.01768 5.41290281 13.96598664
-1.01167 5.41003564 13.96600610
-1.00567 5.40725329 13.96602441
-0.99967 5.40455707 13.96604184
-0.99366 5.40194831 13.96605853
-0.98766 5.39942845 13.96607453
-0.98165 5.39699897 13.96608989
-0.97565 5.39466142 13.96610462
-0.96965 5.39241747 13.96611872
-0.96364 5.39026882 13.96613219
-0.95764 5.38821728 13.96614504
-0.95163 5.38626478 13.96615724
-0.94563 5.38441329 13.96616879
-0.93963 5.38266493 13.96617969
-0.93362 5.38102190 13.96618991
-0.92762 5.37948653 13.96619944
-0.92161 5.37806126 13.96620828
-0.91561 5.37674867 13.96621640
-0.90961 5.37555145 13.96622378
-0.90360 5.37447245 13.96623041
-0.89760 5.37351469 13.96623626
-0.89159 5.37268131 13.96624133
-0.88559 5.37197566 13.96624558
-0.87959 5.37140126 13.96624899
-0.87358 5.37096182 13.96625153
-0.86758 5.37066125 13.96625318
-0.86157 5.37050372 13.96625391
-0.85557 5.37049360 13.96625369
-0.84957 5.37063554 13.96625247
-0.84356 5.37093445 13.96625024
-0.83756 5.37139555 13.96624693
-0.83155 5.37202437 13.96624251
-0.82555 5.37282678 13.96623693
-0.81955 5.37380902 13.96623012
-0.81354 5.37497773 13.96622200
-0.80754 5.37633998 13.96621250
-0.80153 5.37790330 13.96620150
-0.79553 5.37967573 13.96618883
-0.78953 5.38166584 13.96617428
-0.78352 5.38388278 13.96615749
-0.77752 5.38633630 13.96613785
-0.77151 5.38903678 13.96611417
-0.76551 5.39199509 13.96608383
-0.75951 5.39522214 13.96603979
-0.75350 5.39872640 13.96595693
-0.74750 5.40249447 13.96568340
-0.74149 5.40625284 13.96114153
-0.73549 5.41098362 13.96490805
-0.72949 5.41591986 13.96575898
-0.72348 5.42111609 13.96584837
-0.71748 5.42668715 13.96585134
-0.71147 5.43266704 13.96583004
-0.70547 5.43908370 13.96579795
-0.69947 5.44596584 13.96575925
-0.69346 5.45334450 13.96571549
-0.68746 5.46125369 13.96566726
-0.68145 5.46973088 13.96561473
-0.67545 5.47881759 13.96555786
-0.66945 5.48855997 13.96549650
-0.66344 5.49900946 13.96543038
-0.65744 5.51022370 13.96535919
-0.65143 5.52226741 13.96528254
-0.64543 5.53521369 13.96519998
-0.63943 5.54914534 13.96511097
-0.63342 5.56415668 13.96501491
-0.62742 5.58035568 13.96491109
-0.62141 5.59786656 13.96479868
-0.61541 5.61683316 13.96467672
-0.60941 5.63742310 13.96454407
-0.60340 5.65983306 13.96439935
-0.59740 5.68429563 13.96424081
-0.59139 5.71108835 13.96406569
-0.58539 5.74054653 13.96386103
-0.57939 5.77307933 13.96352873
-0.57338 5.80916799 13.96342522
-0.56738 5.84945726 13.96316483
-0.56137 5.89473034 13.96286791
-0.55537 5.94600348 13.96252935
-0.54937 6.00461230 13.96213977
-0.54336 6.07235276 13.96168600
-0.53736 6.15170721 13.96114934
-0.53135 6.24622302 13.96050227
-0.52535 6.36118188 13.95970239
-0.51935 6.50486688 13.95868012
-0.51334 6.69118020 13.95731130
-0.50734 6.94572285 13.95534643
-0.50133 7.32246579 13.95218510
-0.49533 7.96295571 13.94585637
-0.48933 9.43659902 13.92349286
-0.48332 10.42112598 12.51430451
-0.47732 4.86146755 11.98214568
-0.47131 4.63793106 11.97446547
-0.46531 4.57663775 11.97294787
-0.45931 4.54985288 11.97241263
-0.45330 4.53534309 11.97216631
-0.44730 4.52646096 11.97203375
-0.44129 4.52059818 11.97195445
-0.43529 4.51654458 11.97190308
-0.42929 4.51367064 11.97186756
-0.42328 4.51162062 11.97184152
-0.41728 4.51018059 11.97182136
-0.41127 4.50921565 11.97180492
-0.40527 4.50863760 11.97179082
-0.39927 4.50838720 11.97177817
-0.39326 4.50842396 11.97176634
-0.38726 4.50871990 11.97175490
-0.38125 4.50925574 11.97174351
-0.37525 4.51001840 11.97173193
-0.36925 4.51099932 11.97171998
-0.36324 4.51219336 11.97170749
-0.35724 4.51359806 11.97169434
-0.35123 4.51521306 11.97168042
-0.34523 4.51703974 11.97166562
-0.33923 4.51908095 11.97164986
-0.33322 4.52134085 11.97163306
-0.32722 4.52382473 11.97161512
-0.32121 4.52653897 11.97159598
-0.31521 4.52949098 11.97157555
-0.30921 4.53268916 11.97155375
-0.30320 4.53614292 11.97153050
-0.29720 4.53986266 11.97150572
-0.29119 4.54385986 11.97147931
-0.28519 4.54814710 11.97145118
-0.27919 4.55273812 11.97142123
-0.27318 4.55764790 11.97138936
-0.26718 4.56289278 11.97135545
-0.26117 4.56849057 11.97131938
-0.25517 4.57446068 11.97128103
-0.24917 4.58082425 11.97124025
-0.24316 4.58760437 11.97119688
-0.23716 4.59482629 11.97115078
-0.23115 4.60251760 11.97110174
-0.22515 4.61070858 11.97104958
-0.21915 4.61943247 11.97099409
-0.21314 4.62872586 11.97093502
-0.20714 4.63862908 11.97087211
-0.20113 4.64918678 11.97080508
-0.19513 4.66044842 11.97073361
-0.18913 4.67246902 11.97065734
-0.18312 4.68530994 11.97057588
-0.17712 4.69903985 11.97048879
-0.17111 4.71373589 11.97039556
-0.16511 4.72948498 11.97029564
-0.15911 4.74638558 11.97018839
-0.15310 4.76454959 11.97007308
-0.14710 4.78410488 11.96994889
-0.14109 4.80519829 11.96981486
-0.13509 4.82799940 11.96966989
-0.12909 4.85270524 11.96951268
-0.12308 4.87954625 11.96934174
-0.11708 4.90879392 11.96915527
-0.11107 4.94077067 11.96895116
-0.10507 4.97586272 11.96872684
-0.09907 5.01453737 11.96847921
-0.09306 5.05736609 11.96820445
-0.08706 5.10505644 11.96789779
-0.08105 5.15849660 11.96755321
-0.07505 5.21881920 11.96716298
-0.06905 5.28749506 11.96671693
-0.06304 5.36647487 11.96620142
-0.05704 5.45841079 11.96559764
-0.05103 5.56701738 11.96487871
-0.04503 5.69768867 11.96400471
-0.03903 5.85861800 11.96291307
-0.03302 6.06298865 11.96149891
-0.02702 6.33370036 11.95956917
-0.02101 6.71502620 11.95671736
-0.01501 7.30758068 11.95188309
-0.00901 8.41317720 11.94094742
-0.00300 11.71457897 11.87583916
0.00300 4.75292832 10.02367907
0.00901 3.61841419 9.98347191
0.01501 3.46676485 9.98049602
0.02101 3.41272644 9.97974555
0.02702 3.38532501 9.97946521
0.03302 3.36845219 9.97933985
0.03903 3.35666911 9.97927934
0.04503 3.34768366 9.97925042
0.05103 3.34038028 9.97923858
0.05704 3.33415786 9.97923671
0.06304 3.32866684 9.97924102
0.06905 3.32369161 9.97924935
0.07505 3.31909267 9.97926038
0.08105 3.31477622 9.97927328
0.08706 3.31067709 9.97928753
0.09306 3.30674874 9.97930274
0.09907 3.30295714 9.97931867
0.10507 3.29927690 9.97933514
0.11107 3.29568870 9.97935201
0.11708 3.29217764 9.97936919
0.12308 3.28873204 9.97938661
0.12909 3.28534262 9.97940422
0.13509 3.28200196 9.97942196
0.14109 3.27870400 9.97943980
0.14710 3.27544381 9.97945773
0.15310 3.27221729 9.97947572
0.15911 3.26902105 9.97949374
0.16511 3.26585222 9.97951180
0.17111 3.26270839 9.97952987
0.17712 3.25958751 9.97954795
0.18312 3.25648780 9.97956604
0.18913 3.25340776 9.97958411
0.19513 3.25034607 9.97960218
0.20113 3.24730159 9.97962023
0.20714 3.24427332 9.97963826
0.21314 3.24126039 9.97965627
0.21915 3.23826202 9.97967425
0.22515 3.23527752 9.97969221
0.23115 3.23230628 9.97971014
0.23716 3.22934776 9.97972804
0.24316 3.22640148 9.97974590
0.24917 3.22346698 9.97976374
0.25517 3.22054387 9.97978154
0.26117 3.21763180 9.97979930
0.26718 3.21473044 9.97981703
0.27318 3.21183948 9.97983472
0.27919 3.20895867 9.97985238
0.28519 3.20608774 9.97986999
0.29119 3.20322648 9.97988757
0.29720 3.20037466 9.97990511
0.30320 3.19753210 9.97992262
0.30921 3.19469861 9.97994008
0.31521 3.19187403 9.97995751
0.32121 3.18905820 9.97997489
0.32722 3.18625096 9.97999224
0.33322 3.18345220 9.98000955
0.33923 3.18066177 9.98002682
0.34523 3.17787957 9.98004404
0.35123 3.17510546 9.98006123
0.35724 3.17233936 9.98007838
0.36324 3.16958115 9.98009549
0.36925 3.16683075 9.98011256
0.37525 3.16408805 9.98012960
0.38125 3.16135298 9.98014659
0.38726 3.15862546 9.98016354
0.39326 3.15590540 9.98018045
0.39927 3.15319272 9.98019733
0.40527 3.15048737 9.98021416
0.41127 3.14778926 9.98023096
0.41728 3.14509834 9.98024772
0.42328 3.14241454 9.98026444
0.42929 3.13973780 9.98028112
0.43529 3.13706806 9.98029776
0.44129 3.13440526 9.98031436
0.44730 3.13174936 9.98033092
0.45330 3.12910028 9.98034745
0.45931 3.12645800 9.98036394
0.46531 3.12382245 9.98038039
0.47131 3.12119358 9.98039680
0.47732 3.11857136 9.98041317
0.48332 3.11595573 9.98042951
0.48933 3.11334666 9.98044581
0.49533 3.11074409 9.98046207
0.50133 3.10814798 9.98047829
0.50734 3.10555830 9.98049448
0.51334 3.10297501 9.98051062
0.51935 3.10039806 9.98052674
0.52535 3.09782741 9.98054281
0.53135 3.09526304 9.98055885
0.53736 3.09270490 9.98057485
0.54336 3.09015295 9.98059082
0.54937 3.08760717 9.98060675
0.55537 3.08506751 9.98062264
0.56137 3.08253395 9.98063850
0.56738 3.08000645 9.98065432
0.57338 3.07748497 9.98067011
0.57939 3.07496949 9.98068586
0.58539 3.07245997 9.98070157
0.59139 3.06995639 9.98071725
0.59740 3.06745870 9.98073289
0.60340 3.06496689 9.98074850
0.60941 3.06248092 9.98076407
0.61541 3.06000076 9.98077961
0.62141 3.05752639 9.98079512
0.62742 3.05505777 9.98081059
0.63342 3.05259488 9.98082602
0.63943 3.05013769 9.98084142
0.64543 3.04768617 9.98085679
0.65143 3.04524030 9.98087212
0.65744 3.04280004 9.98088742
0.66344 3.04036538 9.98090269
0.66945 3.03793629 9.98091792
0.67545 3.03551273 9.98093312
0.68145 3.03309470 9.98094828
0.68746 3.03068215 9.98096341
0.69346 3.02827507 9.98097851
0.69947 3.02587343 9.98099358
0.70547 3.02347721 9.98100861
0.71147 3.02108639 9.98102361
0.71748 3.01870093 9.98103857
0.72348 3.01632082 9.98105351
0.72949 3.01394603 9.98106841
0.73549 3.01157654 9.98108328
0.74149 3.00921233 9.98109812
0.74750 3.00685338 9.98111292
0.75350 3.00449966 9.98112770
0.75951 3.00215114 9.98114244
0.76551 2.99980782 9.98115715
0.77151 2.99746967 9.98117183
0.77752 2.99513666 9.98118647
0.78352 2.99280877 9.98120109
0.78953 2.99048599 9.98121567
0.79553 2.98816830 9.98123023
0.80153 2.98585566 9.98124475
0.80754 2.98354806 9.98125924
0.81354 2.98124549 9.98127370
0.81955 2.97894792 9.98128813
0.82555 2.97665533 9.98130253
0.83155 2.97436770 9.98131690
0.83756 2.97208501 9.98133124
0.84356 2.96980725 9.98134555
0.84957 2.96753438 9.98135983
0.85557 2.96526641 9.98137408
0.86157 2.96300329 9.98138830
0.86758 2.96074503 9.98140249
0.87358 2.95849159 9.98141665
0.87959 2.95624296 9.98143078
0.88559 2.95399912 9.98144488
0.89159 2.95176005 9.98145895
0.89760 2.94952574 9.98147300
0.90360 2.94729617 9.98148701
0.90961 2.94507131 9.98150099
0.91561 2.94285116 9.98151495
0.92161 2.94063569 9.98152888
0.92762 2.93842489 9.98154278
0.93362 2.93621874 9.98155665
0.93963 2.93401722 9.98157049
0.94563 2.93182031 9.98158430
0.95163 2.92962801 9.98159809
0.95764 2.92744029 9.98161185
0.96364 2.92525713 9.98162558
0.96965 2.92307853 9.98163928
0.97565 2.92090446 9.98165295
0.98165 2.91873490 9.98166660
0.98766 2.91656985 9.98168022
0.99366 2.91440928 9.98169381
0.99967 2.91225319 9.98170737
1.00567 2.91010155 9.98172091
1.01167 2.90795434 9.98173442
1.01768 2.90581157 9.98174790
1.02368 2.90367320 9.98176135
1.02969 2.90153923 9.98177478
1.03569 2.89940963 9.98178818
1.04169 2.89728440 9.98180156
1.04770 2.89516352 9.98181491
1.05370 2.89304698 9.98182823
1.05971 2.89093476 9.98184153
1.06571 2.88882684 9.98185479
1.07171 2.88672322 9.98186804
1.07772 2.88462388 9.98188125
1.08372 2.88252880 9.98189445
1.08973 2.88043797 9.98190761
1.09573 2.87835139 9.98192075
1.10173 2.87626903 9.98193386
1.10774 2.87419088 9.98194695
1.11374 2.87211692 9.98196001
1.11975 2.87004716 9.98197305
1.12575 2.86798157 9.98198606
1.13175 2.86592013 9.98199905
1.13776 2.86386285 9.98201201
1.14376 2.86180970 9.98202494
1.14977 2.85976067 9.98203786
1.15577 2.85771576 9.98205074
1.16177 2.85567494 9.98206360
1.16778 2.85363821 9.98207644
1.17378 2.85160555 9.98208925
1.17979 2.84957696 9.98210204
1.18579 2.84755243 9.98211480
1.19179 2.84553193 9.98212754
1.19780 2.84351547 9.98214025
1.20380 2.84150302 9.98215294
1.20981 2.83949458 9.98216561
1.21581 2.83749014 9.98217825
1.22181 2.83548969 9.98219087
1.22782 2.83349322 9.98220346
1.23382 2.83150071 9.98221603
1.23983 2.82951217 9.98222858
1.24583 2.82752757 9.98224110
1.25183 2.82554691 9.98225360
1.25784 2.82357017 9.98226608
1.26384 2.82159736 9.98227853
1.26985 2.81962846 9.98229096
1.27585 2.81766347 9.98230336
1.28185 2.81570237 9.98231575
1.28786 2.81374515 9.98232811
1.29386 2.81179181 9.98234044
1.29987 2.80984234 9.98235276
1.30587 2.80789674 9.98236505
1.31187 2.80595499 9.98237732
1.31788 2.80401709 9.98238956
1.32388 2.80208303 9.98240179
1.32989 2.80015281 9.98241399
1.33589 2.79822641 9.98242617
1.34189 2.79630384 9.98243832
1.34790 2.79438508 9.98245046
1.35390 2.79247014 9.98246257
1.35991 2.79055900 9.98247466
1.36591 2.78865167 9.98248673
1.37191 2.78674813 9.98249877
1.37792 2.78484838 9.98251080
1.38392 2.78295243 9.98252280
1.38993 2.78106026 9.98253478
1.39593 2.77917188 9.98254674
1.40193 2.77728727 9.98255868
1.40794 2.77540645 9.98257059
1.41394 2.77352940 9.98258249
1.41995 2.77165613 9.98259436
1.42595 2.76978663 9.98260622
1.43195 2.76792091 9.98261805
1.43796 2.76605896 9.98262986
1.44396 2.76420080 9.98264165
1.44997 2.76234640 9.98265342
1.45597 2.76049579 9.98266516
1.46197 2.75864896 9.98267689
1.46798 2.75680592 9.98268860
1.47398 2.75496666 9.98270029
1.47999 2.75313121 9.98271195
1.48599 2.75129955 9.98272360
1.49199 2.74947169 9.98273522
1.49800 2.74764766 9.98274683
1.50400 2.74582744 9.98275841
1.51001 2.74401106 9.98276998
1.51601 2.74219851 9.98278152
1.52201 2.74038983 9.98279305
1.52802 2.73858500 9.98280456
1.53402 2.73678405 9.98281604
1.54003 2.73498700 9.98282751
1.54603 2.73319386 9.98283896
1.55203 2.73140464 9.98285039
1.55804 2.72961937 9.98286179
1.56404 2.72783807 9.98287318
1.57005 2.72606076 9.98288456
1.57605 2.72428746 9.98289591
1.58205 2.72251821 9.98290724
1.58806 2.72075302 9.98291856
1.59406 2.71899193 9.98292985
1.60007 2.71723497 9.98294113
1.60607 2.71548218 9.98295239
1.61207 2.71373360 9.98296363
1.61808 2.71198926 9.98297485
1.62408 2.71024922 9.98298606
1.63009 2.70851351 9.98299725
1.63609 2.70678220 9.98300842
1.64209 2.70505533 9.98301957
1.64810 2.70333297 9.98303070
1.65410 2.70161518 9.98304182
1.66011 2.69990203 9.98305292
1.66611 2.69819360 9.98306400
1.67211 2.69648995 9.98307507
1.67812 2.69479119 9.98308612
1.68412 2.69309741 9.98309716
1.69013 2.69140869 9.98310818
1.69613 2.68972517 9.98311918
1.70213 2.68804694 9.98313017
1.70814 2.68637415 9.98314114
1.71414 2.68470692 9.98315210
1.72015 2.68304541 9.98316304
1.72615 2.68138978 9.98317397
1.73215 2.67974021 9.98318488
1.73816 2.67809688 9.98319578
1.74416 2.67646002 9.98320667
1.75017 2.67482984 9.98321755
1.75617 2.67320659 9.98322841
1.76217 2.67159055 9.98323926
1.76818 2.66998202 9.98325010
1.77418 2.66838131 9.98326093
1.78019 2.66678880 9.98327175
1.78619 2.66520486 9.98328257
1.79219 2.66362995 9.98329337
1.79820 2.66206453 9.98330417
1.80420 2.66050914 9.98331496
1.81021 2.65896437 9.98332574
1.81621 2.65743087 9.98333653
1.82221 2.65590937 9.98334731
1.82822 2.65440069 9.98335809
1.83422 2.65290574 9.98336888
1.84023 2.65142555 9.98337966
1.84623 2.64996128 9.98339046
1.85223 2.64851422 9.98340127
1.85824 2.64708586 9.98341208
1.86424 2.64567788 9.98342292
1.87025 2.64429221 9.98343378
1.87625 2.64293106 9.98344467
1.88225 2.64159698 9.98345559
1.88826 2.64029289 9.98346655
1.89426 2.63902224 9.98347756
1.90027 2.63778901 9.98348864
1.90627 2.63659791 9.98349978
1.91227 2.63545451 9.98351102
1.91828 2.63436541 9.98352237
1.92428 2.63333857 9.98353385
1.93029 2.63238356 9.98354550
1.93629 2.63151208 9.98355735
1.94229 2.63073848 9.98356944
1.94830 2.63008061 9.98358185
1.95430 2.62956087 9.98359464
1.96031 2.62920773 9.98360793
1.96631 2.62905791 9.98362185
1.97231 2.62915944 9.98363660
1.97832 2.62957630 9.98365244
1.98432 2.63039540 9.98366977
1.99033 2.63173752 9.98368913
1.99633 2.63377497 9.98371138
2.00233 2.63676141 9.98373784
2.00834 2.64108428 9.98377066
2.01434 2.64736278 9.98381356
2.02035 2.65664346 9.98387335
2.02635 2.67082673 9.98396355
2.03235 2.69370748 9.98411425
2.03836 2.73393960 9.98440322
2.04436 2.81563268 9.98508418
2.05037 3.03361268 9.98739587
2.05637 4.21906473 10.00729352
2.06237 20.10347877 11.76937324
2.06838 11.92526141 11.91917087
2.07438 9.66514398 11.93764882
2.08039 8.51542819 11.94587469
2.08639 7.79084681 11.95076713
2.09239 7.28098261 11.95412124
2.09840 6.89716918 11.95660924
2.10440 6.59473756 11.95855179
2.11041 6.34842745 11.96012420
2.11641 6.14274118 11.96143161
2.12241 5.96757495 11.96254142
2.12842 5.81602368 11.96349902
2.13442 5.68318746 11.96433600
2.14043 5.56548135 11.96507407
2.14643 5.46021883 11.96572269
2.15243 5.36538784 11.96617829
2.15844 5.27969557 11.96628972
2.16444 5.20048256 11.96734690
2.17045 5.12819504 11.96782315
2.17645 5.06151912 11.96824793
2.18245 4.99973885 11.96863857
2.18846 4.94227038 11.96900101
2.19446 4.88862449 11.96933899
2.20047 4.83838693 11.96965538
2.20647 4.79120411 11.96995253
2.21247 4.74677220 11.97023244
2.21848 4.70482849 11.97049679
2.22448 4.66514468 11.97074708
2.23049 4.62752132 11.97098458
2.23649 4.59178347 11.97121045
2.24249 4.55777712 11.97142568
2.24850 4.52536627 11.97163119
2.25450 4.49443054 11.97182779
2.26051 4.46486327 11.97201621
2.26651 4.43656997 11.97219715
2.27252 4.40946710 11.97237123
2.27852 4.38348119 11.97253908
2.28452 4.35854828 11.97270128
2.29053 4.33461371 11.97285845
2.29653 4.31163242 11.97301121
2.30254 4.28956980 11.97316028
2.30854 4.26840353 11.97330650
2.31454 4.24812695 11.97345096
2.32055 4.22875498 11.97359512
2.32655 4.21033475 11.97374118
2.33256 4.19296541 11.97389260
2.33856 4.17683684 11.97405534
2.34456 4.16231133 11.97424056
2.35057 4.15011361 11.97447143
2.35657 4.14183587 11.97480308
2.36258 4.14156041 11.97539419
2.36858 4.16287533 11.97686643
2.37458 4.28199153 11.98372409
2.38059 7.25669232 12.36732128
2.38659 7.45658626 13.93573395
2.39260 6.38618497 13.95618418
2.39860 5.92619265 13.96124997
2.40460 5.65302600 13.96367631
2.41061 5.46529943 13.96516777
2.41661 5.32498378 13.96620667
2.42262 5.21420541 13.96696878
2.42862 5.12327128 13.96722392
2.43462 5.04659971 13.96791585
2.44063 4.98046070 13.96842436
2.44663 4.92236341 13.96887754
2.45264 4.87066062 13.96932386
2.45864 4.82410954 13.96964042
2.46464 4.78179247 13.96991976
2.47065 4.74301060 13.97017281
2.47665 4.70722088 13.97040475
2.48266 4.67399385 13.97061907
2.48866 4.64298456 13.97081836
2.49466 4.61391222 13.97100468
2.50067 4.58654547 13.97117967
2.50667 4.56069163 13.97134465
2.51268 4.53618868 13.97150077
2.51868 4.51289917 13.97164894
2.52468 4.49070557 13.97178998
2.53069 4.46950663 13.97192456
2.53669 4.44921459 13.97205326
2.54270 4.42975286 13.97217661
2.54870 4.41105425 13.97229504
2.55470 4.39305952 13.97240896
2.56071 4.37571613 13.97251869
2.56671 4.35897735 13.97262456
2.57272 4.34280138 13.97272684
2.57872 4.32715072 13.97282576
2.58472 4.31199159 13.97292157
2.59073 4.29729347 13.97301444
2.59673 4.28302869 13.97310458
2.60274 4.26917209 13.97319213
2.60874 4.25570073 13.97327725
2.61474 4.24259368 13.97336009
2.62075 4.22983173 13.97344075
2.62675 4.21739728 13.97351937
2.63276 4.20527414 13.97359605
2.63876 4.19344743 13.97367089
2.64476 4.18190341 13.97374398
2.65077 4.17062942 13.97381542
2.65677 4.15961379 13.97388527
2.66278 4.14884577 13.97395363
2.66878 4.13831546 13.97402056
2.67478 4.12801375 13.97408614
2.68079 4.11793235 13.97415043
2.68679 4.10806369 13.97421351
2.69280 4.09840098 13.97427543
2.69880 4.08893823 13.97433627
2.70480 4.07967025 13.97439610
2.71081 4.07059276 13.97445499
2.71681 4.06170252 13.97451302
2.72282 4.05299750 13.97457030
2.72882 4.04447720 13.97462693
2.73482 4.03614303 13.97468305
2.74083 4.02799901 13.97473884
2.74683 4.02005274 13.97479454
2.75284 4.01231705 13.97485048
2.75884 4.00481257 13.97490718
2.76484 3.99757225 13.97496539
2.77085 3.99064928 13.97502637
2.77685 3.98413211 13.97509225
2.78286 3.97817487 13.97516701
2.78886 3.97306465 13.97525858
2.79486 3.96938905 13.97538490
2.80087 3.96852650 13.97559329
2.80687 3.97446970 13.97604317
2.81288 4.00402108 13.97756244
2.81888 4.23598353 13.99327697
2.82488 6.35982204 14.92733086
2.83089 5.31813829 14.96322579
2.83689 4.99078800 14.96623691
2.84290 4.81792286 14.96575784
2.84890 4.70243043 14.96972259
2.85490 4.62009877 14.97063014
2.86091 4.55648067 14.97114645
2.86691 4.50505639 14.97146451
2.87292 4.46207188 14.97142386
2.87892 4.42535184 14.97161902
2.88492 4.39334047 14.97227698
2.89093 4.36492824 14.97250958
2.89693 4.33941619 14.97269049
2.90294 4.31626600 14.97284758
2.90894 4.29507022 14.97298851
2.91494 4.27551497 14.97311700
2.92095 4.25735406 14.97323539
2.92695 4.24039133 14.97334534
2.93296 4.22446824 14.97344810
2.93896 4.20945510 14.97354465
2.94496 4.19524455 14.97363578
2.95097 4.18174688 14.97372213
2.95697 4.16888644 14.97380425
2.96298 4.15659888 14.97388257
2.96898 4.14482907 14.97395749
2.97498 4.13352947 14.97402932
2.98099 4.12265879 14.97409834
2.98699 4.11218098 14.97416481
2.99300 4.10206439 14.97422893
2.99900 4.09228111 14.97429089
3.00500 4.08280637 14.97435086
3.01101 4.07361813 14.97440897
3.01701 4.06469669 14.97446537
3.02302 4.05602436 14.97452017
3.02902 4.04758522 14.97457347
3.03502 4.03936487 14.97462536
3.04103 4.03135027 14.97467594
3.04703 4.02352953 14.97472527
3.05304 4.01589185 14.97477344
3.05904 4.00842732 14.97482050
3.06504 4.00112686 14.97486651
3.07105 3.99398215 14.97491154
3.07705 3.98698549 14.97495561
3.08306 3.98012978 14.97499880
3.08906 3.97340848 14.97504112
3.09506 3.96681549 14.97508263
3.10107 3.96034516 14.97512337
3.10707 3.95399223 14.97516335
3.11308 3.94775180 14.97520263
3.11908 3.94161928 14.97524121
3.12508 3.93559040 14.97527914
3.13109 3.92966114 14.97531644
3.13709 3.92382773 14.97535314
3.14310 3.91808665 14.97538924
3.14910 3.91243456 14.97542479
3.15510 3.90686832 14.97545978
3.16111 3.90138498 14.97549426
3.16711 3.89598174 14.97552823
3.17312 3.89065597 14.97556170
3.17912 3.88540515 14.97559470
3.18512 3.88022693 14.97562724
3.19113 3.87511905 14.97565933
3.19713 3.87007937 14.97569098
3.20314 3.86510588 14.97572220
3.20914 3.86019664 14.97575300
3.21514 3.85534983 14.97578339
3.22115 3.85056374 14.97581333
3.22715 3.84583678 14.97584280
3.23316 3.84116768 14.97587161
3.23916 3.83655648 14.97589903
3.24516 3.83202160 14.97591337
3.25117 3.82748608 14.97561088
3.25717 3.82303542 14.97597732
3.26318 3.81862700 14.97601186
3.26918 3.81427019 14.97604061
3.27518 3.80996187 14.97606817
3.28119 3.80570051 14.97609517
3.28719 3.80148488 14.97612177
3.29320 3.79731389 14.97614804
3.29920 3.79318651 14.97617402
3.30520 3.78910173 14.97619970
3.31121 3.78505861 14.97622512
3.31721 3.78105623 14.97625027
3.32322 3.77709370 14.97627516
3.32922 3.77317016 14.97629981
3.33522 3.76928480 14.97632421
3.34123 3.76543680 14.97634838
3.34723 3.76162540 14.97637231
3.35324 3.75784984 14.97639601
3.35924 3.75410940 14.97641950
3.36524 3.75040336 14.97644276
3.37125 3.74673104 14.97646581
3.37725 3.74309177 14.97648866
3.38326 3.73948491 14.97651129
3.38926 3.73590981 14.97653373
3.39526 3.73236587 14.97655596
3.40127 3.72885248 14.97657801
3.40727 3.72536904 14.97659986
3.41328 3.72191499 14.97662153
3.41928 3.71848977 14.97664301
3.42528 3.71509282 14.97666432
3.43129 3.71172359 14.97668544
3.43729 3.70838156 14.97670639
3.44330 3.70506621 14.97672718
3.44930 3.70177701 14.97674779
3.45530 3.69851346 14.97676824
3.46131 3.69527504 14.97678853
3.46731 3.69206127 14.97680866
3.47332 3.68887164 14.97682863
3.47932 3.68570566 14.97684845
3.48532 3.68256282 14.97686812
3.49133 3.67944264 14.97688764
3.49733 3.67634461 14.97690702
3.50334 3.67326823 14.97692625
3.50934 3.67021299 14.97694534
3.51534 3.66717837 14.97696429
3.52135 3.66416384 14.97698310
3.52735 3.66116885 14.97700178
3.53336 3.65819285 14.97702033
3.53936 3.65523525 14.97703875
3.54536 3.65229544 14.97705704
3.55137 3.64937278 14.97707520
3.55737 3.64646662 14.97709323
3.56338 3.64357622 14.97711115
3.56938 3.64070082 14.97712894
3.57538 3.63783960 14.97714660
3.58139 3.63499167 14.97716414
3.58739 3.63215604 14.97718156
3.59340 3.62933163 14.97719886
3.59940 3.62651725 14.97721602
3.60540 3.62371156 14.97723306
3.61141 3.62091303 14.97724995
3.61741 3.61811995 14.97726670
3.62342 3.61533035 14.97728328
3.62942 3.61254196 14.97729967
3.63542 3.60975213 14.97731585
3.64143 3.60695778 14.97733177
3.64743 3.60415528 14.97734737
3.65344 3.60134036 14.97736255
3.65944 3.59850799 14.97737716
3.66544 3.59565228 14.97739097
3.67145 3.59276648 14.97740361
3.67745 3.58984325 14.97741447
3.68346 3.58687552 14.97742246
3.68946 3.58385927 14.97742557
3.69546 3.58080110 14.97741974
3.70147 3.57774017 14.97739598
3.70747 3.57481630 14.97733132
3.71348 3.57251361 14.97715392
3.71948 3.57275242 14.97655168
3.72548 3.58626037 14.97296720
3.73149 3.73954342 14.77728239
3.73749 2.98780279 13.08848465
3.74350 3.90269596 14.90658827
3.74950 3.66440123 14.97445253
3.75550 3.61805801 14.97664269
3.76151 3.59867059 14.97711930
3.76751 3.58757905 14.97730883
3.77352 3.58002758 14.97741086
3.77952 3.57429098 14.97747655
3.78552 3.56960294 14.97752406
3.79153 3.56557438 14.97756126
3.79753 3.56198800 14.97759208
3.80354 3.55871336 14.97761869
3.80954 3.55566765 14.97764237
3.81554 3.55279586 14.97766393
3.82155 3.55006008 14.97768390
3.82755 3.54743335 14.97770265
3.83356 3.54489596 14.97772042
3.83956 3.54243322 14.97773742
3.84556 3.54003391 14.97775378
3.85157 3.53768933 14.97776960
3.85757 3.53539265 14.97778496
3.86358 3.53313838 14.97779994
3.86958 3.53092211 14.97781456
3.87558 3.52874022 14.97782889
3.88159 3.52658971 14.97784295
3.88759 3.52446810 14.97785676
3.89360 3.52237328 14.97787035
3.89960 3.52030347 14.97788375
3.90560 3.51825714 14.97789695
3.91161 3.51623299 14.97790999
3.91761 3.51422988 14.97792286
3.92362 3.51224681 14.97793558
3.92962 3.51028292 14.97794816
3.93562 3.50833744 14.97796061
3.94163 3.50640969 14.97797292
3.94763 3.50449906 14.97798511
3.95364 3.50260503 14.97799719
3.95964 3.50072709 14.97800915
3.96564 3.49886481 14.97802100
3.97165 3.49701780 14.97803275
3.97765 3.49518570 14.97804439
3.98366 3.49336817 14.97805594
3.98966 3.49156491 14.97806739
3.99566 3.48977565 14.97807874
4.00167 3.48800013 14.97809000
4.00767 3.48623813 14.97810117
4.01368 3.48448941 14.97811225
4.01968 3.48275379 14.97812325
4.02568 3.48103107 14.97813416
4.03169 3.47932107 14.97814499
4.03769 3.47762365 14.97815573
4.04370 3.47593863 14.97816639
4.04970 3.47426589 14.97817698
4.05570 3.47260528 14.97818748
4.06171 3.47095668 14.97819791
4.06771 3.46931997 14.97820826
4.07372 3.46769504 14.97821853
4.07972 3.46608178 14.97822873
4.08572 3.46448009 14.97823885
4.09173 3.46288988 14.97824891
4.09773 3.46131106 14.97825888
4.10374 3.45974354 14.97826879
4.10974 3.45818724 14.97827862
4.11574 3.45664209 14.97828839
4.12175 3.45510801 14.97829808
4.12775 3.45358493 14.97830770
4.13376 3.45207279 14.97831726
4.13976 3.45057153 14.97832674
4.14576 3.44908108 14.97833616
4.15177 3.44760138 14.97834551
4.15777 3.44613240 14.97835479
4.16378 3.44467406 14.97836400
4.16978 3.44322633 14.97837315
4.17578 3.44178917 14.97838223
4.18179 3.44036251 14.97839124
4.18779 3.43894633 14.97840019
4.19380 3.43754058 14.97840908
4.19980 3.43614523 14.97841789
4.20580 3.43476024 14.97842665
4.21181 3.43338558 14.97843534
4.21781 3.43202122 14.97844396
4.22382 3.43066712 14.97845252
4.22982 3.42932326 14.97846102
4.23582 3.42798962 14.97846945
4.24183 3.42666617 14.97847782
4.24783 3.42535288 14.97848613
4.25384 3.42404974 14.97849438
4.25984 3.42275672 14.97850256
4.26584 3.42147382 14.97851068
4.27185 3.42020101 14.97851874
4.27785 3.41893828 14.97852673
4.28386 3.41768561 14.97853467
4.28986 3.41644301 14.97854254
4.29586 3.41521045 14.97855035
4.30187 3.41398793 14.97855810
4.30787 3.41277544 14.97856579
4.31388 3.41157299 14.97857342
4.31988 3.41038056 14.97858099
4.32588 3.40919815 14.97858849
4.33189 3.40802578 14.97859594
4.33789 3.40686343 14.97860333
4.34390 3.40571112 14.97861065
4.34990 3.40456885 14.97861792
4.35590 3.40343663 14.97862513
4.36191 3.40231447 14.97863227
4.36791 3.40120238 14.97863936
4.37392 3.40010038 14.97864639
4.37992 3.39900848 14.97865336
4.38592 3.39792670 14.97866027
4.39193 3.39685506 14.97866713
4.39793 3.39579360 14.97867392
4.40394 3.39474233 14.97868066
4.40994 3.39370128 14.97868734
4.41594 3.39267049 14.97869396
4.42195 3.39164999 14.97870053
4.42795 3.39063983 14.97870703
4.43396 3.38964005 14.97871349
4.43996 3.38865069 14.97871989
4.44596 3.38767182 14.97872623
4.45197 3.38670348 14.97873252
4.45797 3.38574574 14.97873875
4.46398 3.38479867 14.97874493
4.46998 3.38386235 14.97875106
4.47598 3.38293686 14.97875714
4.48199 3.38202230 14.97876317
4.48799 3.38111877 14.97876915
4.49400 3.38022637 14.97877509
4.50000 3.37934525 14.97878098
