-0.50000 5.05233267 0.22489668 1.96542071 
-0.49900 5.05253604 0.22612089 1.96539238 
-0.49800 5.05273961 0.22740315 1.96536286 
-0.49700 5.05294335 0.22874478 1.96533212 
-0.49600 5.05314724 0.23014715 1.96530012 
-0.49499 5.05335123 0.23161173 1.96526684 
-0.49399 5.05355529 0.23314006 1.96523225 
-0.49299 5.05375938 0.23473374 1.96519632 
-0.49199 5.05396346 0.23639449 1.96515901 
-0.49099 5.05416749 0.23812409 1.96512030 
-0.48999 5.05437144 0.23992443 1.96508014 
-0.48899 5.05457526 0.24179750 1.96503850 
-0.48799 5.05477891 0.24374539 1.96499534 
-0.48699 5.05498235 0.24577030 1.96495062 
-0.48599 5.05518553 0.24787452 1.96490429 
-0.48498 5.05538840 0.25006051 1.96485631 
-0.48398 5.05559092 0.25233081 1.96480663 
-0.48298 5.05579305 0.25468812 1.96475520 
-0.48198 5.05599472 0.25713527 1.96470198 
-0.48098 5.05619588 0.25967523 1.96464689 
-0.47998 5.05639649 0.26231116 1.96458990 
-0.47898 5.05659649 0.26504634 1.96453093 
-0.47798 5.05679582 0.26788427 1.96446993 
-0.47698 5.05699442 0.27082859 1.96440682 
-0.47598 5.05719224 0.27388318 1.96434154 
-0.47497 5.05738920 0.27705210 1.96427402 
-0.47397 5.05758525 0.28033964 1.96420417 
-0.47297 5.05778031 0.28375032 1.96413192 
-0.47197 5.05797432 0.28728891 1.96405719 
-0.47097 5.05816720 0.29096045 1.96397987 
-0.46997 5.05835889 0.29477026 1.96389988 
-0.46897 5.05854930 0.29872395 1.96381713 
-0.46797 5.05873836 0.30282747 1.96373149 
-0.46697 5.05892597 0.30708708 1.96364288 
-0.46597 5.05911206 0.31150942 1.96355115 
-0.46496 5.05929653 0.31610153 1.96345621 
-0.46396 5.05947930 0.32087084 1.96335791 
-0.46296 5.05966026 0.32582523 1.96325611 
-0.46196 5.05983932 0.33097306 1.96315068 
-0.46096 5.06001637 0.33632321 1.96304145 
-0.45996 5.06019130 0.34188507 1.96292828 
-0.45896 5.06036401 0.34766864 1.96281097 
-0.45796 5.06053436 0.35368453 1.96268936 
-0.45696 5.06070225 0.35994406 1.96256325 
-0.45596 5.06086754 0.36645923 1.96243242 
-0.45495 5.06103010 0.37324284 1.96229667 
-0.45395 5.06118979 0.38030855 1.96215576 
-0.45295 5.06134646 0.38767090 1.96200945 
-0.45195 5.06149998 0.39534543 1.96185745 
-0.45095 5.06165016 0.40334873 1.96169951 
-0.44995 5.06179686 0.41169855 1.96153531 
-0.44895 5.06193990 0.42041388 1.96136454 
-0.44795 5.06207910 0.42951506 1.96118686 
-0.44695 5.06221427 0.43902389 1.96100188 
-0.44595 5.06234520 0.44896377 1.96080923 
-0.44494 5.06247171 0.45935983 1.96060849 
-0.44394 5.06259356 0.47023911 1.96039919 
-0.44294 5.06271052 0.48163067 1.96018086 
-0.44194 5.06282237 0.49356587 1.95995296 
-0.44094 5.06292885 0.50607851 1.95971494 
-0.43994 5.06302970 0.51920509 1.95946620 
-0.43894 5.06312463 0.53298509 1.95920607 
-0.43794 5.06321336 0.54746122 1.95893385 
-0.43694 5.06329559 0.56267978 1.95864877 
-0.43594 5.06337099 0.57869102 1.95835000 
-0.43493 5.06343923 0.59554955 1.95803664 
-0.43393 5.06349995 0.61331477 1.95770771 
-0.43293 5.06355277 0.63205142 1.95736215 
-0.43193 5.06359731 0.65183017 1.95699880 
-0.43093 5.06363315 0.67272823 1.95661639 
-0.42993 5.06365985 0.69483013 1.95621354 
-0.42893 5.06367696 0.71822855 1.95578873 
-0.42793 5.06368399 0.74302531 1.95534029 
-0.42693 5.06368044 0.76933241 1.95486641 
-0.42593 5.06366577 0.79727332 1.95436508 
-0.42492 5.06363942 0.82698437 1.95383406 
-0.42392 5.06360081 0.85861645 1.95327093 
-0.42292 5.06354930 0.89233685 1.95267295 
-0.42192 5.06348426 0.92833145 1.95203713 
-0.42092 5.06340500 0.96680725 1.95136010 
-0.41992 5.06331082 1.00799531 1.95063815 
-0.41892 5.06320097 1.05215415 1.94986710 
-0.41792 5.06307470 1.09957375 1.94904228 
-0.41692 5.06293119 1.15058022 1.94815843 
-0.41592 5.06276965 1.20554135 1.94720966 
-0.41491 5.06258923 1.26487302 1.94618927 
-0.41391 5.06238910 1.32904705 1.94508972 
-0.41291 5.06216842 1.39860024 1.94390240 
-0.41191 5.06192634 1.47414549 1.94261752 
-0.41091 5.06166210 1.55638485 1.94122386 
-0.40991 5.06137494 1.64612555 1.93970855 
-0.40891 5.06106424 1.74429918 1.93805675 
-0.40791 5.06072951 1.85198523 1.93625128 
-0.40691 5.06037046 1.97043983 1.93427219 
-0.40591 5.05998709 2.10113118 1.93209618 
-0.40490 5.05957982 2.24578339 1.92969593 
-0.40390 5.05914959 2.40643112 1.92703922 
-0.40290 5.05869813 2.58548811 1.92408792 
-0.40190 5.05822817 2.78583361 1.92079657 
-0.40090 5.05774387 3.01092226 1.91711071 
-0.39990 5.05725128 3.26492467 1.91296469 
-0.39890 5.05675905 3.55290862 1.90827884 
-0.39790 5.05627940 3.88107446 1.90295583 
-0.39690 5.05582945 4.25706317 1.89687589 
-0.39590 5.05543310 4.69036274 1.88989054 
-0.39489 5.05512368 5.19284810 1.88181421 
-0.39389 5.05494780 5.77950389 1.87241313 
-0.39289 5.05497073 6.46939792 1.86139034 
-0.39189 5.05528450 7.28699830 1.84836550 
-0.39089 5.05601949 8.26395941 1.83284748 
-0.38989 5.05736185 9.44153641 1.81419758 
-0.38889 5.05957915 10.87381287 1.79158052 
-0.38789 5.06305867 12.63189878 1.76390100 
-0.38689 5.06836369 14.80906680 1.72972706 
-0.38589 5.07631426 17.52616977 1.68721092 
-0.38488 5.08809588 20.93498258 1.63404518 
-0.38388 5.10538445 25.21298515 1.56755608 
-0.38288 5.13042670 30.53423728 1.48517230 
-0.38188 5.16589142 36.98568048 1.38574006 
-0.38088 5.21407695 44.38506934 1.27234415 
-0.37988 5.27489534 51.99335531 1.15670004 
-0.37888 5.34277195 58.30379275 1.06223734 
-0.37788 5.40523380 61.39075422 1.01844771 
-0.37688 5.44773253 60.06250205 1.04300652 
-0.37588 5.46292871 54.83951153 1.12703831 
-0.37487 5.45437512 47.50955959 1.24248499 
-0.37387 5.43135796 39.85495131 1.36185927 
-0.37287 5.40249207 32.93403215 1.46910074 
-0.37187 5.37321701 27.12458229 1.55867616 
-0.37087 5.34617210 22.42139512 1.63089092 
-0.36987 5.32228853 18.66968505 1.68827883 
-0.36887 5.30164472 15.68556643 1.73376333 
-0.36787 5.28396146 13.30346537 1.76994718 
-0.36687 5.26884841 11.38868368 1.79893401 
-0.36587 5.25591367 9.83635680 1.82235411 
-0.36486 5.24480590 8.56634453 1.84144898 
-0.36386 5.23522561 7.51774953 1.85715930 
-0.36286 5.22692367 6.64424295 1.87019887 
-0.36186 5.21969507 5.91040565 1.88111221 
-0.36086 5.21337181 5.28897097 1.89031762 
-0.35986 5.20781619 4.75878088 1.89813906 
-0.35886 5.20291508 4.30327945 1.90482957 
-0.35786 5.19857518 3.90940201 1.91058849 
-0.35686 5.19471915 3.56675280 1.91557417 
-0.35586 5.19128261 3.26699286 1.91991342 
-0.35485 5.18821164 3.00338106 1.92370861 
-0.35385 5.18546088 2.77042754 1.92704294 
-0.35285 5.18299194 2.56362991 1.92998459 
-0.35185 5.18077218 2.37927093 1.93258973 
-0.35085 5.17877372 2.21426217 1.93490497 
-0.34985 5.17697262 2.06602225 1.93696922 
-0.34885 5.17534824 1.93238135 1.93881512 
-0.34785 5.17388271 1.81150580 1.94047022 
-0.34685 5.17256047 1.70183816 1.94195789 
-0.34585 5.17136797 1.60204921 1.94329804 
-0.34484 5.17029331 1.51099935 1.94450771 
-0.34384 5.16932604 1.42770730 1.94560156 
-0.34284 5.16845694 1.35132469 1.94659224 
-0.34184 5.16767784 1.28111514 1.94749071 
-0.34084 5.16698151 1.21643712 1.94830650 
-0.33984 5.16636149 1.15672977 1.94904793 
-0.33884 5.16581204 1.10150112 1.94972230 
-0.33784 5.16532800 1.05031820 1.95033599 
-0.33684 5.16490476 1.00279883 1.95089466 
-0.33584 5.16453816 0.95860469 1.95140328 
-0.33483 5.16422448 0.91743539 1.95186626 
-0.33383 5.16396033 0.87902359 1.95228754 
-0.33283 5.16374268 0.84313066 1.95267060 
-0.33183 5.16356876 0.80954316 1.95301855 
-0.33083 5.16343606 0.77806968 1.95333419 
-0.32983 5.16334231 0.74853818 1.95362001 
-0.32883 5.16328544 0.72079372 1.95387825 
-0.32783 5.16326358 0.69469645 1.95411094 
-0.32683 5.16327500 0.67011990 1.95431990 
-0.32583 5.16331813 0.64694947 1.95450677 
-0.32482 5.16339156 0.62508112 1.95467303 
-0.32382 5.16349397 0.60442023 1.95482004 
-0.32282 5.16362418 0.58488061 1.95494902 
-0.32182 5.16378108 0.56638361 1.95506108 
-0.32082 5.16396369 0.54885734 1.95515722 
-0.31982 5.16417110 0.53223599 1.95523836 
-0.31882 5.16440247 0.51645923 1.95530536 
-0.31782 5.16465704 0.50147167 1.95535896 
-0.31682 5.16493412 0.48722238 1.95539987 
-0.31582 5.16523309 0.47366449 1.95542872 
-0.31481 5.16555335 0.46075475 1.95544611 
-0.31381 5.16589440 0.44845329 1.95545256 
-0.31281 5.16625576 0.43672323 1.95544857 
-0.31181 5.16663700 0.42553045 1.95543458 
-0.31081 5.16703773 0.41484336 1.95541100 
-0.30981 5.16745762 0.40463263 1.95537822 
-0.30881 5.16789635 0.39487106 1.95533656 
-0.30781 5.16835366 0.38553336 1.95528636 
-0.30681 5.16882929 0.37659601 1.95522790 
-0.30581 5.16932305 0.36803707 1.95516145 
-0.30480 5.16983475 0.35983614 1.95508724 
-0.30380 5.17036425 0.35197415 1.95500550 
-0.30280 5.17091141 0.34443329 1.95491644 
-0.30180 5.17147615 0.33719693 1.95482022 
-0.30080 5.17205837 0.33024949 1.95471703 
-0.29980 5.17265804 0.32357641 1.95460702 
-0.29880 5.17327513 0.31716400 1.95449031 
-0.29780 5.17390961 0.31099946 1.95436704 
-0.29680 5.17456152 0.30507077 1.95423731 
-0.29580 5.17523087 0.29936661 1.95410123 
-0.29479 5.17591773 0.29387636 1.95395888 
-0.29379 5.17662216 0.28859004 1.95381034 
-0.29279 5.17734426 0.28349822 1.95365568 
-0.29179 5.17808412 0.27859206 1.95349496 
-0.29079 5.17884188 0.27386319 1.95332822 
-0.28979 5.17961768 0.26930372 1.95315551 
-0.28879 5.18041168 0.26490623 1.95297686 
-0.28779 5.18122406 0.26066367 1.95279229 
-0.28679 5.18205500 0.25656941 1.95260182 
-0.28579 5.18290473 0.25261716 1.95240547 
-0.28478 5.18377346 0.24880098 1.95220323 
-0.28378 5.18466144 0.24511525 1.95199511 
-0.28278 5.18556893 0.24155463 1.95178110 
-0.28178 5.18649621 0.23811407 1.95156118 
-0.28078 5.18744357 0.23478878 1.95133532 
-0.27978 5.18841133 0.23157421 1.95110351 
-0.27878 5.18939979 0.22846605 1.95086571 
-0.27778 5.19040932 0.22546019 1.95062189 
-0.27678 5.19144027 0.22255276 1.95037199 
-0.27578 5.19249302 0.21974003 1.95011598 
-0.27477 5.19356797 0.21701850 1.94985379 
-0.27377 5.19466552 0.21438482 1.94958537 
-0.27277 5.19578611 0.21183579 1.94931066 
-0.27177 5.19693019 0.20936838 1.94902958 
-0.27077 5.19809823 0.20697970 1.94874206 
-0.26977 5.19929072 0.20466700 1.94844802 
-0.26877 5.20050816 0.20242764 1.94814738 
-0.26777 5.20175108 0.20025911 1.94784004 
-0.26677 5.20302003 0.19815904 1.94752591 
-0.26577 5.20431557 0.19612514 1.94720489 
-0.26476 5.20563831 0.19415522 1.94687688 
-0.26376 5.20698884 0.19224722 1.94654176 
-0.26276 5.20836781 0.19039913 1.94619941 
-0.26176 5.20977588 0.18860907 1.94584972 
-0.26076 5.21121372 0.18687522 1.94549255 
-0.25976 5.21268204 0.18519584 1.94512777 
-0.25876 5.21418157 0.18356927 1.94475524 
-0.25776 5.21571309 0.18199392 1.94437482 
-0.25676 5.21727736 0.18046829 1.94398635 
-0.25576 5.21887520 0.17899090 1.94358968 
-0.25475 5.22050746 0.17756038 1.94318464 
-0.25375 5.22217501 0.17617538 1.94277105 
-0.25275 5.22387875 0.17483463 1.94234875 
-0.25175 5.22561961 0.17353691 1.94191754 
-0.25075 5.22739857 0.17228106 1.94147723 
-0.24975 5.22921662 0.17106594 1.94102762 
-0.24875 5.23107481 0.16989048 1.94056851 
-0.24775 5.23297420 0.16875365 1.94009966 
-0.24675 5.23491591 0.16765447 1.93962087 
-0.24575 5.23690109 0.16659200 1.93913190 
-0.24474 5.23893093 0.16556531 1.93863250 
-0.24374 5.24100667 0.16457355 1.93812242 
-0.24274 5.24312958 0.16361588 1.93760139 
-0.24174 5.24530100 0.16269150 1.93706916 
-0.24074 5.24752228 0.16179966 1.93652542 
-0.23974 5.24979487 0.16093960 1.93596989 
-0.23874 5.25212022 0.16011064 1.93540227 
-0.23774 5.25449986 0.15931210 1.93482223 
-0.23674 5.25693539 0.15854333 1.93422944 
-0.23574 5.25942844 0.15780372 1.93362356 
-0.23473 5.26198070 0.15709268 1.93300424 
-0.23373 5.26459396 0.15640963 1.93237109 
-0.23273 5.26727004 0.15575404 1.93172374 
-0.23173 5.27001084 0.15512539 1.93106178 
-0.23073 5.27281833 0.15452318 1.93038480 
-0.22973 5.27569456 0.15394693 1.92969234 
-0.22873 5.27864166 0.15339620 1.92898397 
-0.22773 5.28166183 0.15287056 1.92825921 
-0.22673 5.28475737 0.15236958 1.92751755 
-0.22573 5.28793066 0.15189288 1.92675850 
-0.22472 5.29118418 0.15144009 1.92598150 
-0.22372 5.29452050 0.15101083 1.92518601 
-0.22272 5.29794231 0.15060479 1.92437143 
-0.22172 5.30145239 0.15022163 1.92353715 
-0.22072 5.30505364 0.14986104 1.92268254 
-0.21972 5.30874907 0.14952274 1.92180692 
-0.21872 5.31254184 0.14920646 1.92090961 
-0.21772 5.31643521 0.14891194 1.91998986 
-0.21672 5.32043259 0.14863893 1.91904693 
-0.21572 5.32453755 0.14838720 1.91808000 
-0.21471 5.32875378 0.14815655 1.91708823 
-0.21371 5.33308516 0.14794676 1.91607076 
-0.21271 5.33753572 0.14775766 1.91502666 
-0.21171 5.34210968 0.14758908 1.91395495 
-0.21071 5.34681142 0.14744085 1.91285464 
-0.20971 5.35164555 0.14731283 1.91172464 
-0.20871 5.35661686 0.14720489 1.91056384 
-0.20771 5.36173039 0.14711690 1.90937106 
-0.20671 5.36699138 0.14704876 1.90814507 
-0.20571 5.37240534 0.14700039 1.90688454 
-0.20470 5.37797801 0.14697168 1.90558810 
-0.20370 5.38371543 0.14696259 1.90425431 
-0.20270 5.38962391 0.14697305 1.90288162 
-0.20170 5.39571009 0.14700302 1.90146842 
-0.20070 5.40198092 0.14705246 1.90001300 
-0.19970 5.40844369 0.14712137 1.89851353 
-0.19870 5.41510608 0.14720973 1.89696812 
-0.19770 5.42197613 0.14731755 1.89537472 
-0.19670 5.42906231 0.14744486 1.89373117 
-0.19570 5.43637354 0.14759168 1.89203520 
-0.19469 5.44391919 0.14775806 1.89028437 
-0.19369 5.45170916 0.14794407 1.88847609 
-0.19269 5.45975386 0.14814977 1.88660761 
-0.19169 5.46806428 0.14837526 1.88467601 
-0.19069 5.47665201 0.14862063 1.88267815 
-0.18969 5.48552933 0.14888601 1.88061070 
-0.18869 5.49470917 0.14917151 1.87847007 
-0.18769 5.50420526 0.14947729 1.87625246 
-0.18669 5.51403211 0.14980352 1.87395375 
-0.18569 5.52420508 0.15015035 1.87156956 
-0.18468 5.53474051 0.15051800 1.86909515 
-0.18368 5.54565571 0.15090667 1.86652546 
-0.18268 5.55696908 0.15131659 1.86385499 
-0.18168 5.56870020 0.15174801 1.86107783 
-0.18068 5.58086990 0.15220120 1.85818761 
-0.17968 5.59350040 0.15267643 1.85517740 
-0.17868 5.60661538 0.15317402 1.85203970 
-0.17768 5.62024017 0.15369430 1.84876637 
-0.17668 5.63440183 0.15423762 1.84534855 
-0.17568 5.64912934 0.15480435 1.84177656 
-0.17467 5.66445377 0.15539489 1.83803984 
-0.17367 5.68040849 0.15600968 1.83412683 
-0.17267 5.69702935 0.15664916 1.83002485 
-0.17167 5.71435498 0.15731381 1.82571992 
-0.17067 5.73242701 0.15800416 1.82119665 
-0.16967 5.75129042 0.15872074 1.81643804 
-0.16867 5.77099389 0.15946413 1.81142520 
-0.16767 5.79159019 0.16023495 1.80613717 
-0.16667 5.81313664 0.16103385 1.80055054 
-0.16567 5.83569564 0.16186152 1.79463912 
-0.16466 5.85933528 0.16271869 1.78837350 
-0.16366 5.88413001 0.16360615 1.78172054 
-0.16266 5.91016150 0.16452471 1.77464269 
-0.16166 5.93751953 0.16547524 1.76709731 
-0.16066 5.96630317 0.16645867 1.75903567 
-0.15966 5.99662205 0.16747597 1.75040183 
-0.15866 6.02859798 0.16852816 1.74113122 
-0.15766 6.06236684 0.16961634 1.73114887 
-0.15666 6.09808093 0.17074164 1.72036714 
-0.15566 6.13591181 0.17190527 1.70868286 
-0.15465 6.17605394 0.17310847 1.69597358 
-0.15365 6.21872917 0.17435258 1.68209270 
-0.15265 6.26419271 0.17563898 1.66686292 
-0.15165 6.31274089 0.17696911 1.65006744 
-0.15065 6.36472176 0.17834451 1.63143769 
-0.14965 6.42054984 0.17976682 1.61063607 
-0.14865 6.48072761 0.18123784 1.58723080 
-0.14765 6.54587798 0.18275968 1.56065841 
-0.14665 6.61679633 0.18433508 1.53016528 
-0.14565 6.69453950 0.18596810 1.49471296 
-0.14464 6.78059138 0.18766587 1.45281601 
-0.14364 6.87720565 0.18944296 1.40224585 
-0.14264 6.98822079 0.19133416 1.33944778 
-0.14164 7.12138785 0.19343751 1.25831797 
-0.14064 7.29664294 0.19609470 1.14800569 
-0.13964 7.57225558 0.20061634 1.00007649 
-0.13864 7.97996703 0.20823684 0.86481009 
-0.13764 8.41856985 0.21648741 0.76449397 
-0.13664 8.88085905 0.22466112 0.66256712 
-0.13564 9.42624515 0.23462825 0.53412643 
-0.13463 10.11688783 0.25233309 0.40988058 
-0.13363 10.84741644 0.27659685 0.34387862 
-0.13263 11.57625496 0.30309619 0.30990150 
-0.13163 12.32361377 0.33121971 0.29001640 
-0.13063 13.11033883 0.36123232 0.27770853 
-0.12963 13.95643371 0.39358492 0.27024559 
-0.12863 14.88421246 0.42884413 0.26634105 
-0.12763 15.92166778 0.46772813 0.26539044 
-0.12663 17.10698359 0.51118912 0.26719379 
-0.12563 18.49580682 0.56055678 0.27186862 
-0.12462 20.17393754 0.61778921 0.27986585 
-0.12362 22.27845572 0.68588700 0.29203892 
-0.12262 25.01076316 0.76914513 0.30943605 
-0.12162 28.34445314 0.86746462 0.32931568 
-0.12062 28.47246515 0.90730820 0.30972799 
-0.11962 20.01264689 0.78416147 0.21451529 
-0.11862 15.90477909 0.74813860 0.17264178 
-0.11762 14.74966262 0.76807026 0.15848368 
-0.11662 14.10640706 0.78193086 0.14682811 
-0.11562 12.24962962 0.70821811 0.12020382 
-0.11461 7.52255306 0.44873362 0.06571159 
-0.11361 3.83257774 0.24015245 0.02859872 
-0.11261 2.35782764 0.15993280 0.01539899 
-0.11161 1.66983752 0.12461642 0.00979698 
-0.11061 1.28166767 0.10590857 0.00687324 
-0.10961 1.03434255 0.09475865 0.00512993 
-0.10861 0.86374346 0.08760515 0.00399509 
-0.10761 0.73941687 0.08280015 0.00320959 
-0.10661 0.64509984 0.07948657 0.00264078 
-0.10561 0.57132658 0.07717838 0.00221438 
-0.10460 0.51221566 0.07558121 0.00188586 
-0.10360 0.46392132 0.07450739 0.00162705 
-0.10260 0.42382404 0.07383228 0.00141936 
-0.10160 0.39007876 0.07347031 0.00125006 
-0.10060 0.36134928 0.07336120 0.00111019 
-0.09960 0.33664477 0.07346157 0.00099330 
-0.09860 0.31521556 0.07373967 0.00089461 
-0.09760 0.29648439 0.07417199 0.00081053 
-0.09660 0.27999991 0.07474103 0.00073831 
-0.09560 0.26540438 0.07543368 0.00067585 
-0.09459 0.25241084 0.07624021 0.00062147 
-0.09359 0.24078660 0.07715346 0.00057384 
-0.09259 0.23034114 0.07816835 0.00053191 
-0.09159 0.22091707 0.07928139 0.00049481 
-0.09059 0.21238333 0.08049048 0.00046183 
-0.08959 0.20463000 0.08179463 0.00043240 
-0.08859 0.19756423 0.08319384 0.00040604 
-0.08759 0.19110714 0.08468897 0.00038234 
-0.08659 0.18519134 0.08628164 0.00036097 
-0.08559 0.17975890 0.08797418 0.00034164 
-0.08458 0.17475985 0.08976963 0.00032411 
-0.08358 0.17015085 0.09167164 0.00030816 
-0.08258 0.16589415 0.09368455 0.00029363 
-0.08158 0.16195678 0.09581332 0.00028036 
-0.08058 0.15830980 0.09806359 0.00026821 
-0.07958 0.15492775 0.10044170 0.00025707 
-0.07858 0.15178818 0.10295470 0.00024684 
-0.07758 0.14887118 0.10561044 0.00023743 
-0.07658 0.14615914 0.10841759 0.00022877 
-0.07558 0.14363638 0.11138572 0.00022078 
-0.07457 0.14128893 0.11452538 0.00021340 
-0.07357 0.13910436 0.11784818 0.00020659 
-0.07257 0.13707156 0.12136693 0.00020030 
-0.07157 0.13518061 0.12509572 0.00019447 
-0.07057 0.13342266 0.12905009 0.00018909 
-0.06957 0.13178978 0.13324718 0.00018410 
-0.06857 0.13027495 0.13770591 0.00017950 
-0.06757 0.12887188 0.14244722 0.00017523 
-0.06657 0.12757503 0.14749427 0.00017129 
-0.06557 0.12637949 0.15287277 0.00016766 
-0.06456 0.12528098 0.15861129 0.00016430 
-0.06356 0.12427576 0.16474163 0.00016122 
-0.06256 0.12336067 0.17129926 0.00015838 
-0.06156 0.12253305 0.17832386 0.00015578 
-0.06056 0.12179074 0.18585989 0.00015341 
-0.05956 0.12113207 0.19395733 0.00015126 
-0.05856 0.12055590 0.20267247 0.00014931 
-0.05756 0.12006155 0.21206890 0.00014756 
-0.05656 0.11964890 0.22221872 0.00014601 
-0.05556 0.11931835 0.23320383 0.00014464 
-0.05455 0.11907091 0.24511770 0.00014345 
-0.05355 0.11890819 0.25806726 0.00014244 
-0.05255 0.11883254 0.27217538 0.00014161 
-0.05155 0.11884707 0.28758376 0.00014095 
-0.05055 0.11895579 0.30445649 0.00014047 
-0.04955 0.11916373 0.32298445 0.00014016 
-0.04855 0.11947711 0.34339074 0.00014004 
-0.04755 0.11990358 0.36593738 0.00014009 
-0.04655 0.12045244 0.39093382 0.00014032 
-0.04555 0.12113502 0.41874751 0.00014075 
-0.04454 0.12196510 0.44981757 0.00014138 
-0.04354 0.12295951 0.48467213 0.00014222 
-0.04254 0.12413881 0.52395094 0.00014328 
-0.04154 0.12552827 0.56843486 0.00014459 
-0.04054 0.12715917 0.61908493 0.00014614 
-0.03954 0.12907046 0.67709459 0.00014799 
-0.03854 0.13131110 0.74396052 0.00015014 
-0.03754 0.13394319 0.82157988 0.00015263 
-0.03654 0.13704644 0.91238601 0.00015552 
-0.03554 0.14072440 1.01954092 0.00015885 
-0.03453 0.14511352 1.14721324 0.00016270 
-0.03353 0.15039652 1.30098827 0.00016716 
-0.03253 0.15682249 1.48848631 0.00017234 
-0.03153 0.16473809 1.72031990 0.00017840 
-0.03053 0.17463717 2.01161924 0.00018556 
-0.02953 0.18724257 2.38454533 0.00019411 
-0.02853 0.20364617 2.87259289 0.00020449 
-0.02753 0.22555959 3.52829515 0.00021734 
-0.02653 0.25578760 4.43777097 0.00023363 
-0.02553 0.29918037 5.74999130 0.00025500 
-0.02452 0.36470359 7.74039964 0.00028424 
-0.02352 0.47039304 10.96318738 0.00032665 
-0.02252 0.65675215 16.66306993 0.00039325 
-0.02152 1.02911483 28.07735216 0.00051034 
-0.02052 1.91968791 55.41664985 0.00075204 
-0.01952 4.56459224 136.67666002 0.00134497 
-0.01852 9.57665096 290.71028614 0.00205041 
-0.01752 5.18839699 155.80401236 0.00082392 
-0.01652 2.12325845 61.54402580 0.00028555 
-0.01552 1.11087442 30.37657358 0.00015853 
-0.01451 0.70098660 17.72566650 0.00012684 
-0.01351 0.50131251 11.53283490 0.00012231 
-0.01251 0.39090017 8.07967809 0.00012724 
-0.01151 0.32429426 5.96843386 0.00013609 
-0.01051 0.28160516 4.58716276 0.00014688 
-0.00951 0.25308378 3.63557350 0.00015891 
-0.00851 0.23352150 2.95285971 0.00017196 
-0.00751 0.21994426 2.44679403 0.00018605 
-0.00651 0.21056448 2.06148028 0.00020131 
-0.00551 0.20426556 1.76147230 0.00021794 
-0.00450 0.20033190 1.52342678 0.00023622 
-0.00350 0.19830025 1.33147183 0.00025650 
-0.00250 0.19787494 1.17451700 0.00027920 
-0.00150 0.19887887 1.04462869 0.00030487 
-0.00050 0.20122583 0.93601568 0.00033420 
0.00050 0.20490716 0.84437703 0.00036809 
0.00150 0.20998944 0.76647289 0.00040773 
0.00250 0.21662327 0.69983685 0.00045474 
0.00350 0.22506602 0.64258182 0.00051141 
0.00450 0.23572692 0.59327150 0.00058104 
0.00551 0.24925288 0.55084391 0.00066867 
0.00651 0.26669853 0.51458852 0.00078233 
0.00751 0.28989199 0.48420613 0.00093596 
0.00851 0.32232575 0.46006208 0.00115623 
0.00951 0.37173511 0.44405875 0.00150256 
0.01051 0.45913679 0.44294981 0.00213842 
0.01151 0.63885779 0.47519636 0.00350815 
0.01251 0.92321626 0.53272167 0.00583430 
0.01351 1.29541701 0.58150636 0.00918091 
0.01451 1.69191073 0.61792471 0.01307784 
0.01552 2.04477358 0.64630637 0.01687583 
0.01652 2.36264256 0.66975719 0.02064200 
0.01752 2.65790516 0.69012857 0.02451146 
0.01852 2.93871203 0.70865792 0.02860224 
0.01952 3.21060918 0.72625984 0.03303006 
0.02052 3.47774100 0.74368041 0.03792493 
0.02152 3.74354137 0.76159635 0.04344845 
0.02252 4.01117606 0.78069557 0.04981714 
0.02352 4.28389439 0.80176348 0.05733992 
0.02452 4.56539984 0.82580333 0.06648603 
0.02553 4.86036236 0.85424138 0.07802187 
0.02653 5.17528699 0.88933296 0.09332187 
0.02753 5.52019811 0.93507050 0.11519389 
0.02853 5.91178008 0.99926793 0.15053053 
0.02953 6.36919793 1.09346545 0.21860870 
0.03053 6.83336027 1.18503657 0.33543492 
0.03153 7.23996685 1.21774892 0.46745553 
0.03253 7.60208232 1.21229847 0.63207945 
0.03353 7.78735377 1.19204166 0.81012119 
0.03453 7.83569080 1.16566377 0.94696070 
0.03554 7.83266642 1.13534540 1.05076481 
0.03654 7.80766778 1.10271653 1.13336819 
0.03754 7.77166475 1.06893645 1.20154029 
0.03854 7.72970494 1.03479127 1.25926661 
0.03954 7.68446891 1.00081149 1.30907245 
0.04054 7.63752035 0.96735484 1.35266027 
0.04154 7.58983018 0.93466077 1.39123501 
0.04254 7.54202678 0.90288648 1.42568273 
0.04354 7.49452781 0.87213111 1.45667531 
0.04454 7.44761490 0.84245247 1.48473508 
0.04555 7.40147870 0.81387875 1.51027658 
0.04655 7.35624721 0.78641688 1.53363458 
0.04755 7.31200437 0.76005858 1.55508345 
0.04855 7.26880260 0.73478474 1.57485090 
0.04955 7.22667153 0.71056873 1.59312807 
0.05055 7.18562417 0.68737877 1.61007688 
0.05155 7.14566130 0.66517972 1.62583574 
0.05255 7.10677481 0.64393444 1.64052383 
0.05355 7.06895001 0.62360478 1.65424444 
0.05455 7.03216751 0.60415228 1.66708770 
0.05556 6.99640455 0.58553874 1.67913264 
0.05656 6.96163603 0.56772662 1.69044891 
0.05756 6.92783528 0.55067931 1.70109819 
0.05856 6.89497470 0.53436132 1.71113534 
0.05956 6.86302618 0.51873840 1.72060930 
0.06056 6.83196146 0.50377768 1.72956392 
0.06156 6.80175242 0.48944763 1.73803861 
0.06256 6.77237125 0.47571815 1.74606891 
0.06356 6.74379062 0.46256050 1.75368692 
0.06456 6.71598381 0.44994734 1.76092178 
0.06557 6.68892473 0.43785266 1.76779993 
0.06657 6.66258803 0.42625174 1.77434549 
0.06757 6.63694914 0.41512112 1.78058045 
0.06857 6.61198426 0.40443855 1.78652496 
0.06957 6.58767038 0.39418292 1.79219746 
0.07057 6.56398529 0.38433421 1.79761491 
0.07157 6.54090759 0.37487347 1.80279290 
0.07257 6.51841663 0.36578273 1.80774580 
0.07357 6.49649256 0.35704496 1.81248689 
0.07457 6.47511625 0.34864404 1.81702842 
0.07558 6.45426932 0.34056469 1.82138177 
0.07658 6.43393408 0.33279242 1.82555745 
0.07758 6.41409354 0.32531351 1.82956526 
0.07858 6.39473135 0.31811496 1.83341428 
0.07958 6.37583181 0.31118443 1.83711298 
0.08058 6.35737983 0.30451025 1.84066925 
0.08158 6.33936093 0.29808132 1.84409044 
0.08258 6.32176115 0.29188712 1.84738344 
0.08358 6.30456713 0.28591768 1.85055467 
0.08458 6.28776598 0.28016352 1.85361016 
0.08559 6.27134535 0.27461566 1.85655554 
0.08659 6.25529334 0.26926556 1.85939611 
0.08759 6.23959854 0.26410510 1.86213683 
0.08859 6.22424996 0.25912658 1.86478237 
0.08959 6.20923704 0.25432268 1.86733712 
0.09059 6.19454961 0.24968643 1.86980521 
0.09159 6.18017790 0.24521120 1.87219054 
0.09259 6.16611251 0.24089070 1.87449677 
0.09359 6.15234439 0.23671892 1.87672738 
0.09459 6.13886483 0.23269016 1.87888563 
0.09560 6.12566545 0.22879898 1.88097461 
0.09660 6.11273817 0.22504021 1.88299724 
0.09760 6.10007522 0.22140891 1.88495630 
0.09860 6.08766910 0.21790038 1.88685440 
0.09960 6.07551260 0.21451013 1.88869402 
0.10060 6.06359876 0.21123389 1.89047753 
0.10160 6.05192089 0.20806758 1.89220714 
0.10260 6.04047250 0.20500732 1.89388499 
0.10360 6.02924738 0.20204937 1.89551309 
0.10460 6.01823950 0.19919021 1.89709335 
0.10561 6.00744306 0.19642645 1.89862759 
0.10661 5.99685246 0.19375484 1.90011754 
0.10761 5.98646231 0.19117231 1.90156487 
0.10861 5.97626738 0.18867589 1.90297113 
0.10961 5.96626263 0.18626277 1.90433782 
0.11061 5.95644320 0.18393024 1.90566638 
0.11161 5.94680438 0.18167573 1.90695817 
0.11261 5.93734164 0.17949677 1.90821449 
0.11361 5.92805058 0.17739099 1.90943657 
0.11461 5.91892697 0.17535614 1.91062562 
0.11562 5.90996669 0.17339006 1.91178275 
0.11662 5.90116578 0.17149067 1.91290906 
0.11762 5.89252040 0.16965600 1.91400559 
0.11862 5.88402685 0.16788415 1.91507332 
0.11962 5.87568153 0.16617331 1.91611321 
0.12062 5.86748095 0.16452172 1.91712617 
0.12162 5.85942177 0.16292774 1.91811307 
0.12262 5.85150072 0.16138976 1.91907475 
0.12362 5.84371465 0.15990626 1.92001202 
0.12462 5.83606050 0.15847578 1.92092563 
0.12563 5.82853532 0.15709690 1.92181634 
0.12663 5.82113623 0.15576830 1.92268484 
0.12763 5.81386048 0.15448869 1.92353183 
0.12863 5.80670535 0.15325682 1.92435795 
0.12963 5.79966825 0.15207153 1.92516384 
0.13063 5.79274666 0.15093169 1.92595009 
0.13163 5.78593811 0.14983621 1.92671730 
0.13263 5.77924023 0.14878406 1.92746601 
0.13363 5.77265073 0.14777424 1.92819677 
0.13463 5.76616737 0.14680582 1.92891010 
0.13564 5.75978797 0.14587787 1.92960650 
0.13664 5.75351045 0.14498954 1.93028644 
0.13764 5.74733277 0.14414000 1.93095038 
0.13864 5.74125294 0.14332845 1.93159879 
0.13964 5.73526905 0.14255413 1.93223207 
0.14064 5.72937924 0.14181633 1.93285066 
0.14164 5.72358170 0.14111435 1.93345494 
0.14264 5.71787469 0.14044754 1.93404531 
0.14364 5.71225649 0.13981526 1.93462213 
0.14464 5.70672547 0.13921693 1.93518577 
0.14565 5.70128003 0.13865197 1.93573657 
0.14665 5.69591860 0.13811985 1.93627487 
0.14765 5.69063968 0.13762005 1.93680099 
0.14865 5.68544182 0.13715209 1.93731524 
0.14965 5.68032358 0.13671551 1.93781793 
0.15065 5.67528360 0.13630988 1.93830935 
0.15165 5.67032055 0.13593478 1.93878977 
0.15265 5.66543312 0.13558984 1.93925948 
0.15365 5.66062006 0.13527469 1.93971873 
0.15465 5.65588015 0.13498899 1.94016778 
0.15566 5.65121222 0.13473243 1.94060687 
0.15666 5.64661511 0.13450472 1.94103626 
0.15766 5.64208772 0.13430558 1.94145616 
0.15866 5.63762898 0.13413476 1.94186680 
0.15966 5.63323785 0.13399203 1.94226840 
0.16066 5.62891331 0.13387718 1.94266116 
0.16166 5.62465439 0.13379004 1.94304529 
0.16266 5.62046016 0.13373042 1.94342099 
0.16366 5.61632969 0.13369818 1.94378845 
0.16466 5.61226211 0.13369320 1.94414784 
0.16567 5.60825657 0.13371536 1.94449935 
0.16667 5.60431225 0.13376458 1.94484316 
0.16767 5.60042836 0.13384079 1.94517942 
0.16867 5.59660413 0.13394394 1.94550830 
0.16967 5.59283882 0.13407399 1.94582996 
0.17067 5.58913175 0.13423095 1.94614456 
0.17167 5.58548222 0.13441481 1.94645223 
0.17267 5.58188960 0.13462562 1.94675312 
0.17367 5.57835325 0.13486341 1.94704737 
0.17467 5.57487259 0.13512826 1.94733512 
0.17568 5.57144704 0.13542025 1.94761649 
0.17668 5.56807608 0.13573950 1.94789162 
0.17768 5.56475918 0.13608613 1.94816061 
0.17868 5.56149587 0.13646030 1.94842360 
0.17968 5.55828569 0.13686218 1.94868069 
0.18068 5.55512820 0.13729197 1.94893200 
0.18168 5.55202302 0.13774987 1.94917763 
0.18268 5.54896977 0.13823614 1.94941769 
0.18368 5.54596810 0.13875102 1.94965228 
0.18468 5.54301770 0.13929481 1.94988149 
0.18569 5.54011829 0.13986782 1.95010543 
0.18669 5.53726961 0.14047037 1.95032418 
0.18769 5.53447144 0.14110284 1.95053782 
0.18869 5.53172358 0.14176560 1.95074646 
0.18969 5.52902587 0.14245907 1.95095015 
0.19069 5.52637819 0.14318370 1.95114900 
0.19169 5.52378044 0.14393995 1.95134307 
0.19269 5.52123257 0.14472832 1.95153243 
0.19369 5.51873454 0.14554934 1.95171716 
0.19469 5.51628637 0.14640359 1.95189732 
0.19570 5.51388811 0.14729165 1.95207299 
0.19670 5.51153986 0.14821416 1.95224422 
0.19770 5.50924175 0.14917179 1.95241108 
0.19870 5.50699396 0.15016524 1.95257362 
0.19970 5.50479671 0.15119527 1.95273189 
0.20070 5.50265026 0.15226267 1.95288596 
0.20170 5.50055495 0.15336825 1.95303587 
0.20270 5.49851115 0.15451291 1.95318166 
0.20370 5.49651927 0.15569757 1.95332339 
0.20470 5.49457982 0.15692320 1.95346109 
0.20571 5.49269333 0.15819084 1.95359482 
0.20671 5.49086043 0.15950156 1.95372459 
0.20771 5.48908179 0.16085652 1.95385046 
0.20871 5.48735817 0.16225691 1.95397244 
0.20971 5.48569041 0.16370402 1.95409058 
0.21071 5.48407943 0.16519917 1.95420489 
0.21171 5.48252623 0.16674378 1.95431541 
0.21271 5.48103191 0.16833935 1.95442215 
0.21371 5.47959769 0.16998744 1.95452514 
0.21471 5.47822487 0.17168973 1.95462438 
0.21572 5.47691489 0.17344795 1.95471989 
0.21672 5.47566930 0.17526398 1.95481169 
0.21772 5.47448981 0.17713976 1.95489977 
0.21872 5.47337826 0.17907736 1.95498415 
0.21972 5.47233664 0.18107899 1.95506482 
0.22072 5.47136712 0.18314696 1.95514177 
0.22172 5.47047209 0.18528372 1.95521501 
0.22272 5.46965408 0.18749190 1.95528451 
0.22372 5.46891590 0.18977426 1.95535027 
0.22472 5.46826056 0.19213372 1.95541226 
0.22573 5.46769136 0.19457343 1.95547047 
0.22673 5.46721188 0.19709669 1.95552485 
0.22773 5.46682600 0.19970705 1.95557538 
0.22873 5.46653796 0.20240827 1.95562202 
0.22973 5.46635239 0.20520438 1.95566473 
0.23073 5.46627431 0.20809967 1.95570344 
0.23173 5.46630923 0.21109872 1.95573811 
0.23273 5.46646315 0.21420647 1.95576866 
0.23373 5.46674266 0.21742817 1.95579503 
0.23473 5.46715495 0.22076948 1.95581714 
0.23574 5.46770793 0.22423648 1.95583489 
0.23674 5.46841029 0.22783572 1.95584819 
0.23774 5.46927157 0.23157426 1.95585692 
0.23874 5.47030232 0.23545971 1.95586096 
0.23974 5.47151416 0.23950032 1.95586018 
0.24074 5.47291996 0.24370503 1.95585444 
0.24174 5.47453398 0.24808354 1.95584355 
0.24274 5.47637207 0.25264641 1.95582736 
0.24374 5.47845188 0.25740516 1.95580564 
0.24474 5.48079309 0.26237239 1.95577820 
0.24575 5.48341774 0.26756188 1.95574477 
0.24675 5.48635056 0.27298879 1.95570509 
0.24775 5.48961936 0.27866983 1.95565887 
0.24875 5.49325556 0.28462343 1.95560576 
0.24975 5.49729473 0.29087004 1.95554540 
0.25075 5.50177727 0.29743239 1.95547737 
0.25175 5.50674930 0.30433586 1.95540122 
0.25275 5.51226363 0.31160885 1.95531642 
0.25375 5.51838099 0.31928334 1.95522240 
0.25475 5.52517158 0.32739543 1.95511849 
0.25576 5.53271690 0.33598609 1.95500396 
0.25676 5.54111211 0.34510210 1.95487795 
0.25776 5.55046898 0.35479708 1.95473951 
0.25876 5.56091958 0.36513294 1.95458753 
0.25976 5.57262108 0.37618162 1.95442073 
0.26076 5.58576191 0.38802725 1.95423763 
0.26176 5.60056988 0.40076912 1.95403651 
0.26276 5.61732291 0.41452532 1.95381531 
0.26376 5.63636358 0.42943779 1.95357165 
0.26476 5.65811891 0.44567889 1.95330262 
0.26577 5.68312805 0.46346060 1.95300476 
0.26677 5.71208169 0.48304722 1.95267380 
0.26777 5.74587932 0.50477359 1.95230448 
0.26877 5.78571501 0.52907175 1.95189020 
0.26977 5.83320956 0.55651128 1.95142254 
0.27077 5.89062182 0.58786235 1.95089054 
0.27177 5.96120120 0.62419865 1.95027962 
0.27277 6.04980709 0.66707405 1.94956986 
0.27377 6.16406808 0.71884516 1.94873316 
0.27477 6.31673211 0.78330794 1.94772827 
0.27578 6.53094462 0.86708641 1.94649187 
0.27678 6.85381143 0.98308350 1.94492186 
0.27778 7.39783382 1.16059621 1.94285136 
0.27878 8.48578633 1.47845356 1.94010132 
0.27978 10.75703384 2.07526693 1.93756768 
0.28078 13.37171842 2.73211292 1.93742816 
0.28178 15.29564939 3.22515782 1.93865417 
0.28278 16.65841844 3.59357903 1.94033461 
0.28378 17.63769574 3.87875627 1.94222565 
0.28478 18.34155868 4.10433895 1.94426063 
0.28579 18.83769435 4.28449855 1.94642628 
0.28679 19.17159316 4.42840621 1.94873188 
0.28779 19.37572333 4.54238191 1.95120109 
0.28879 19.47436102 4.63098623 1.95387132 
0.28979 19.48630158 4.69760965 1.95679703 
0.29079 19.42647012 4.74480239 1.96005699 
0.29179 19.30691814 4.77445450 1.96376752 
0.29279 19.13744645 4.78787352 1.96810676 
0.29379 18.92596225 4.78576741 1.97336202 
0.29479 18.67857384 4.76809713 1.98002997 
0.29580 18.39925055 4.73367363 1.98905473 
0.29680 18.08831413 4.67911693 2.00248468 
0.29780 17.73655818 4.59600281 2.02564136 
0.29880 17.30319235 4.46608741 2.07387921 
0.29980 16.74645972 4.30308890 2.15638273 
0.30080 16.20071694 4.17966373 2.22850105 
0.30180 15.72389651 4.09578175 2.27985331 
0.30280 15.30331780 4.03680093 2.31763054 
0.30380 14.92594363 3.99497719 2.34655935 
0.30480 14.58287915 3.96612114 2.36933978 
0.30581 14.26795718 3.94773126 2.38760925 
0.30681 13.97670311 3.93819786 2.40242626 
0.30781 13.70573661 3.93643161 2.41451132 
0.30881 13.45242006 3.94167223 2.42437521 
0.30981 13.21464193 3.95338141 2.43239171 
0.31081 12.99067701 3.97117900 2.43884140 
0.31181 12.77909224 3.99480297 2.44393910 
0.31281 12.57868116 4.02408337 2.44785196 
0.31381 12.38841673 4.05892490 2.45071158 
0.31481 12.20741663 4.09929502 2.45262254 
0.31582 12.03491715 4.14521594 2.45366838 
0.31682 11.87025315 4.19675918 2.45391605 
0.31782 11.71284255 4.25404203 2.45341907 
0.31882 11.56217410 4.31722564 2.45222005 
0.31982 11.41779770 4.38651409 2.45035246 
0.32082 11.27931664 4.46215452 2.44784211 
0.32182 11.14638146 4.54443813 2.44470821 
0.32282 11.01868500 4.63370188 2.44096423 
0.32382 10.89595850 4.73033086 2.43661858 
0.32482 10.77796860 4.83476146 2.43167516 
0.32583 10.66451501 4.94748511 2.42613374 
0.32683 10.55542892 5.06905281 2.41999030 
0.32783 10.45057200 5.20008033 2.41323735 
0.32883 10.34983590 5.34125415 2.40586411 
0.32983 10.25314242 5.49333825 2.39785671 
0.33083 10.16044412 5.65718166 2.38919841 
0.33183 10.07172558 5.83372686 2.37986977 
0.33283 9.98700523 6.02401903 2.36984884 
0.33383 9.90633774 6.22921609 2.35911145 
0.33483 9.82981724 6.45059947 2.34763151 
0.33584 9.75758118 6.68958544 2.33538142 
0.33684 9.68981503 6.94773674 2.32233266 
0.33784 9.62675785 7.22677404 2.30845652 
0.33884 9.56870888 7.52858659 2.29372509 
0.33984 9.51603497 7.85524113 2.27811263 
0.34084 9.46917917 8.20898753 2.26159731 
0.34184 9.42867013 8.59225911 2.24416355 
0.34284 9.39513227 9.00766497 2.22580508 
0.34384 9.36929641 9.45797022 2.20652889 
0.34484 9.35201012 9.94605879 2.18636028 
0.34585 9.34424696 10.47487197 2.16534934 
0.34685 9.34711289 11.04731319 2.14357903 
0.34785 9.36184774 11.66610786 2.12117518 
0.34885 9.38981836 12.33360390 2.09831854 
0.34985 9.43249904 13.05149737 2.07525900 
0.35085 9.49143314 13.82046644 2.05233160 
0.35185 9.56816871 14.63969968 2.02997369 
0.35285 9.66415958 15.50631222 2.00874159 
0.35385 9.78062346 16.41465919 1.98932423 
0.35485 9.91835089 17.35558380 1.97254969 
0.35586 10.07746446 18.31567924 1.95937915 
0.35686 10.25713888 19.27669843 1.95088162 
0.35786 10.45530910 20.21530501 1.94818258 
0.35886 10.66841499 21.10340288 1.95238174 
0.35986 10.89125212 21.90927741 1.96444041 
0.36086 11.11700861 22.59969318 1.98504715 
0.36186 11.33755634 23.14289717 2.01448142 
0.36286 11.54402182 23.51219511 2.05250361 
0.36386 11.72759002 23.68948429 2.09830258 
0.36486 11.88041461 23.66797081 2.15052381 
0.36587 11.99645401 23.45338614 2.20738229 
0.36687 12.07205419 23.06336448 2.26684154 
0.36787 12.10616358 22.52513156 2.32682146 
0.36887 12.10016665 21.87208651 2.38539221 
0.36987 12.05741900 21.14006359 2.44092004 
0.37087 11.98262196 20.36399407 2.49214813 
0.37187 11.88117817 19.57543231 2.53821408 
0.37287 11.75863443 18.80110120 2.57861826 
0.37387 11.62026721 18.06236443 2.61316238 
0.37487 11.47082160 17.37539737 2.64187621 
0.37588 11.31438429 16.75179450 2.66494581 
0.37688 11.15435791 16.19938559 2.68265117 
0.37788 10.99350270 15.72309457 2.69531633 
0.37888 10.83401675 15.32573847 2.70327238 
0.37988 10.67763362 15.00871460 2.70683176 
0.38088 10.52572357 14.77255877 2.70627161 
0.38188 10.37939063 14.61737775 2.70182408 
0.38288 10.23956194 14.54316852 2.69367171 
0.38388 10.10706833 14.55003913 2.68194647 
0.38488 9.98271712 14.63834401 2.66673144 
0.38589 9.86735835 14.80874149 2.64806478 
0.38689 9.76194582 15.06217576 2.62594577 
0.38789 9.66759421 15.39977772 2.60034333 
0.38889 9.58563197 15.82267239 2.57120772 
0.38989 9.51764868 16.33167235 2.53848642 
0.39089 9.46553309 16.92683013 2.50214569 
0.39189 9.43149483 17.60681853 2.46219927 
0.39289 9.41805882 18.36810947 2.41874608 
0.39389 9.42801638 19.20393572 2.37201768 
0.39489 9.46431225 20.10305307 2.32243548 
0.39590 9.52984342 21.04838184 2.27067460 
0.39690 9.62714798 22.01570419 2.21772728 
0.39790 9.75797394 22.97272309 2.16495261 
0.39890 9.92274528 23.87892350 2.11409322 
0.39990 10.11998682 24.68675611 2.06723491 
0.40090 10.34582482 25.34459155 2.02668770 
0.40190 10.59372654 25.80157458 1.99477926 
0.40290 10.85464613 26.01392437 1.97357752 
0.40390 11.11767631 25.95152785 1.96459078 
0.40490 11.37116316 25.60318393 1.96851766 
0.40591 11.60407357 24.97893308 1.98511935 
0.40691 11.80729193 24.10867015 2.01325517 
0.40791 11.97453417 23.03740394 2.05107172 
0.40891 12.10270083 21.81853729 2.09628910 
0.40991 12.19167780 20.50693455 2.14650696 
0.41091 12.24374265 19.15324228 2.19946348 
0.41191 12.26279361 17.80022315 2.25321004 
0.41291 12.25359276 16.48114578 2.30619587 
0.41391 12.22114403 15.21980412 2.35727915 
0.41491 12.17025233 14.03157091 2.40568952 
0.41592 12.10525703 12.92493911 2.45096594 
0.41692 12.02990531 11.90315437 2.49288795 
0.41792 11.94732350 10.96570334 2.53141129 
0.41892 11.86004905 10.10955052 2.56661332 
0.41992 11.77009433 9.33010050 2.59864985 
0.42092 11.67902280 8.62190829 2.62772268 
0.42192 11.58802546 7.97917994 2.65405626 
0.42292 11.49799134 7.39610936 2.67788168 
0.42392 11.40956874 6.86709303 2.69942607 
0.42492 11.32321693 6.38685712 2.71890608 
0.42593 11.23924848 5.95052384 2.73652413 
0.42693 11.15786337 5.55363705 2.75246665 
0.42793 11.07917610 5.19216153 2.76690359 
0.42893 11.00323701 4.86246615 2.77998867 
0.42993 10.93004892 4.56129783 2.79186027 
0.43093 10.85957998 4.28575103 2.80264241 
0.43193 10.79177358 4.03323576 2.81244604 
0.43293 10.72655589 3.80144597 2.82137019 
0.43393 10.66384165 3.58832954 2.82950318 
0.43493 10.60353847 3.39206038 2.83692375 
0.43594 10.54555012 3.21101299 2.84370212 
0.43694 10.48977891 3.04373949 2.84990090 
0.43794 10.43612747 2.88894910 2.85557594 
0.43894 10.38450003 2.74548985 2.86077715 
0.43994 10.33480328 2.61233249 2.86554912 
0.44094 10.28694705 2.48855614 2.86993176 
0.44194 10.24084464 2.37333582 2.87396083 
0.44294 10.19641309 2.26593134 2.87766840 
0.44394 10.15357328 2.16567767 2.88108326 
0.44494 10.11224998 2.07197635 2.88423132 
0.44595 10.07237176 1.98428804 2.88713591 
0.44695 10.03387098 1.90212596 2.88981804 
0.44795 9.99668359 1.82505006 2.89229672 
0.44895 9.96074905 1.75266195 2.89458909 
0.44995 9.92601017 1.68460043 2.89671071 
0.45095 9.89241291 1.62053752 2.89867565 
0.45195 9.85990630 1.56017497 2.90049670 
0.45295 9.82844218 1.50324118 2.90218547 
0.45395 9.79797514 1.44948845 2.90375254 
0.45495 9.76846229 1.39869061 2.90520753 
0.45596 9.73986316 1.35064081 2.90655923 
0.45696 9.71213953 1.30514965 2.90781565 
0.45796 9.68525535 1.26204348 2.90898413 
0.45896 9.65917652 1.22116287 2.91007138 
0.45996 9.63387088 1.18236129 2.91108353 
0.46096 9.60930801 1.14550387 2.91202624 
0.46196 9.58545919 1.11046635 2.91290468 
0.46296 9.56229724 1.07713408 2.91372359 
0.46396 9.53979650 1.04540119 2.91448737 
0.46496 9.51793267 1.01516979 2.91520003 
0.46597 9.49668280 0.98634928 2.91586530 
0.46697 9.47602517 0.95885571 2.91648659 
0.46797 9.45593922 0.93261119 2.91706708 
0.46897 9.43640553 0.90754343 2.91760967 
0.46997 9.41740571 0.88358524 2.91811708 
0.47097 9.39892238 0.86067409 2.91859181 
0.47197 9.38093911 0.83875177 2.91903617 
0.47297 9.36344036 0.81776403 2.91945231 
0.47397 9.34641147 0.79766025 2.91984222 
0.47497 9.32983857 0.77839316 2.92020776 
0.47598 9.31370860 0.75991862 2.92055063 
0.47698 9.29800925 0.74219531 2.92087244 
0.47798 9.28272892 0.72518456 2.92117468 
0.47898 9.26785673 0.70885015 2.92145871 
0.47998 9.25338245 0.69315814 2.92172584 
0.48098 9.23929652 0.67807664 2.92197726 
0.48198 9.22559002 0.66357576 2.92221408 
0.48298 9.21225465 0.64962738 2.92243736 
0.48398 9.19928271 0.63620507 2.92264805 
0.48498 9.18666713 0.62328396 2.92284708 
0.48599 9.17440141 0.61084065 2.92303529 
0.48699 9.16247967 0.59885306 2.92321347 
0.48799 9.15089661 0.58730041 2.92338237 
0.48899 9.13964754 0.57616307 2.92354268 
0.48999 9.12872838 0.56542252 2.92369504 
0.49099 9.11813566 0.55506128 2.92384008 
0.49199 9.10786657 0.54506282 2.92397835 
0.49299 9.09791894 0.53541151 2.92411039 
0.49399 9.08829129 0.52609258 2.92423669 
0.49499 9.07898288 0.51709203 2.92435774 
0.49600 9.06999369 0.50839662 2.92447397 
0.49700 9.06132455 0.49999380 2.92458579 
0.49800 9.05297710 0.49187169 2.92469359 
0.49900 9.04495397 0.48401900 2.92479774 
0.50000 9.03725873 0.47642505 2.92489857 
