-0.50000 5.05523603 0.20774415 1.96599116 
-0.49900 5.05546265 0.20904978 1.96597237 
-0.49800 5.05568966 0.21040466 1.96595272 
-0.49700 5.05591706 0.21181003 1.96593219 
-0.49600 5.05614481 0.21326719 1.96591074 
-0.49499 5.05637288 0.21477751 1.96588837 
-0.49399 5.05660125 0.21634243 1.96586504 
-0.49299 5.05682989 0.21796345 1.96584073 
-0.49199 5.05705877 0.21964215 1.96581542 
-0.49099 5.05728785 0.22138017 1.96578906 
-0.48999 5.05751710 0.22317923 1.96576165 
-0.48899 5.05774649 0.22504117 1.96573314 
-0.48799 5.05797598 0.22696787 1.96570350 
-0.48699 5.05820555 0.22896132 1.96567270 
-0.48599 5.05843514 0.23102362 1.96564071 
-0.48498 5.05866472 0.23315695 1.96560748 
-0.48398 5.05889426 0.23536360 1.96557299 
-0.48298 5.05912371 0.23764600 1.96553719 
-0.48198 5.05935303 0.24000666 1.96550004 
-0.48098 5.05958218 0.24244825 1.96546149 
-0.47998 5.05981110 0.24497354 1.96542150 
-0.47898 5.06003976 0.24758546 1.96538002 
-0.47798 5.06026810 0.25028709 1.96533701 
-0.47698 5.06049607 0.25308167 1.96529240 
-0.47598 5.06072363 0.25597258 1.96524615 
-0.47497 5.06095070 0.25896340 1.96519819 
-0.47397 5.06117725 0.26205789 1.96514846 
-0.47297 5.06140320 0.26526000 1.96509691 
-0.47197 5.06162850 0.26857391 1.96504345 
-0.47097 5.06185308 0.27200400 1.96498803 
-0.46997 5.06207688 0.27555490 1.96493057 
-0.46897 5.06229983 0.27923148 1.96487098 
-0.46797 5.06252186 0.28303889 1.96480919 
-0.46697 5.06274289 0.28698255 1.96474510 
-0.46597 5.06296284 0.29106820 1.96467864 
-0.46496 5.06318163 0.29530190 1.96460969 
-0.46396 5.06339919 0.29969005 1.96453817 
-0.46296 5.06361542 0.30423941 1.96446395 
-0.46196 5.06383022 0.30895716 1.96438693 
-0.46096 5.06404351 0.31385088 1.96430698 
-0.45996 5.06425519 0.31892860 1.96422399 
-0.45896 5.06446515 0.32419886 1.96413780 
-0.45796 5.06467328 0.32967069 1.96404829 
-0.45696 5.06487947 0.33535369 1.96395530 
-0.45596 5.06508360 0.34125806 1.96385866 
-0.45495 5.06528554 0.34739463 1.96375822 
-0.45395 5.06548518 0.35377493 1.96365378 
-0.45295 5.06568236 0.36041123 1.96354515 
-0.45195 5.06587696 0.36731661 1.96343213 
-0.45095 5.06606882 0.37450502 1.96331451 
-0.44995 5.06625779 0.38199132 1.96319204 
-0.44895 5.06644370 0.38979141 1.96306449 
-0.44795 5.06662638 0.39792226 1.96293157 
-0.44695 5.06680566 0.40640205 1.96279303 
-0.44595 5.06698134 0.41525023 1.96264854 
-0.44494 5.06715324 0.42448763 1.96249778 
-0.44394 5.06732114 0.43413664 1.96234042 
-0.44294 5.06748483 0.44422125 1.96217607 
-0.44194 5.06764407 0.45476729 1.96200434 
-0.44094 5.06779863 0.46580253 1.96182479 
-0.43994 5.06794826 0.47735689 1.96163697 
-0.43894 5.06809270 0.48946263 1.96144038 
-0.43794 5.06823165 0.50215459 1.96123447 
-0.43694 5.06836483 0.51547041 1.96101867 
-0.43594 5.06849193 0.52945083 1.96079234 
-0.43493 5.06861263 0.54413999 1.96055482 
-0.43393 5.06872657 0.55958579 1.96030536 
-0.43293 5.06883340 0.57584024 1.96004317 
-0.43193 5.06893274 0.59295994 1.95976738 
-0.43093 5.06902418 0.61100653 1.95947703 
-0.42993 5.06910730 0.63004730 1.95917110 
-0.42893 5.06918166 0.65015571 1.95884847 
-0.42793 5.06924677 0.67141220 1.95850790 
-0.42693 5.06930214 0.69390494 1.95814804 
-0.42593 5.06934725 0.71773072 1.95776743 
-0.42492 5.06938154 0.74299602 1.95736442 
-0.42392 5.06940442 0.76981816 1.95693723 
-0.42292 5.06941528 0.79832666 1.95648388 
-0.42192 5.06941347 0.82866482 1.95600220 
-0.42092 5.06939830 0.86099145 1.95548976 
-0.41992 5.06936906 0.89548296 1.95494388 
-0.41892 5.06932498 0.93233574 1.95436157 
-0.41792 5.06926529 0.97176892 1.95373950 
-0.41692 5.06918914 1.01402758 1.95307395 
-0.41592 5.06909568 1.05938654 1.95236075 
-0.41491 5.06898400 1.10815473 1.95159520 
-0.41391 5.06885318 1.16068043 1.95077204 
-0.41291 5.06870225 1.21735735 1.94988529 
-0.41191 5.06853024 1.27863188 1.94892819 
-0.41091 5.06833617 1.34501180 1.94789306 
-0.40991 5.06811903 1.41707653 1.94677113 
-0.40891 5.06787788 1.49548958 1.94555237 
-0.40791 5.06761178 1.58101348 1.94422526 
-0.40691 5.06731990 1.67452787 1.94277652 
-0.40591 5.06700152 1.77705163 1.94119076 
-0.40490 5.06665612 1.88976982 1.93945011 
-0.40390 5.06628343 2.01406697 1.93753369 
-0.40290 5.06588359 2.15156825 1.93541702 
-0.40190 5.06545723 2.30419078 1.93307122 
-0.40090 5.06500575 2.47420795 1.93046208 
-0.39990 5.06453154 2.66433059 1.92754880 
-0.39890 5.06403835 2.87781019 1.92428251 
-0.39790 5.06353184 3.11857096 1.92060423 
-0.39690 5.06302025 3.39138031 1.91644237 
-0.39590 5.06251536 3.70207034 1.91170939 
-0.39489 5.06203386 4.05782831 1.90629747 
-0.39389 5.06159926 4.46758033 1.90007280 
-0.39289 5.06124455 4.94250263 1.89286794 
-0.39189 5.06101612 5.49670823 1.88447156 
-0.39089 5.06097931 6.14817608 1.87461468 
-0.38989 5.06122659 6.92001652 1.86295173 
-0.38889 5.06188964 7.84220243 1.84903492 
-0.38789 5.06315723 8.95393998 1.83227896 
-0.38689 5.06530220 10.30689851 1.81191321 
-0.38589 5.06872186 11.96953861 1.78691760 
-0.38488 5.07399877 14.03268915 1.75594038 
-0.38388 5.08199034 16.61610762 1.71720182 
-0.38288 5.09395571 19.87446558 1.66840770 
-0.38188 5.11171747 23.99776163 1.60674768 
-0.38088 5.13781382 29.19303090 1.52917523 
-0.37988 5.17547364 35.61793580 1.43340746 
-0.37888 5.22797404 43.21483817 1.32040655 
-0.37788 5.29658959 51.40298000 1.19895866 
-0.37688 5.37671562 58.74460056 1.09059317 
-0.37588 5.45464692 63.08756506 1.02734161 
-0.37487 5.51145955 62.72543887 1.03437123 
-0.37387 5.53508540 57.80142656 1.10917896 
-0.37287 5.52786194 50.18100340 1.22372657 
-0.37187 5.50121291 41.97086348 1.34660177 
-0.37087 5.46654179 34.48718384 1.45830159 
-0.36987 5.43115422 28.21757909 1.55168881 
-0.36887 5.39855728 23.17306383 1.62669787 
-0.36787 5.36994830 19.17945467 1.68598728 
-0.36687 5.34539735 16.02723763 1.73271556 
-0.36587 5.32451981 13.52906375 1.76969428 
-0.36486 5.30680153 11.53412027 1.79918083 
-0.36386 5.29173773 9.92627303 1.82291041 
-0.36286 5.27888315 8.61767971 1.84219370 
-0.36186 5.26786317 7.54221472 1.85801619 
-0.36086 5.25836948 6.64999463 1.87112058 
-0.35986 5.25015075 5.90316943 1.88206991 
-0.35886 5.24300264 5.27279651 1.89129435 
-0.35786 5.23675887 4.73655196 1.89912546 
-0.35686 5.23128362 4.27706134 1.90582109 
-0.35586 5.22646551 3.88068011 1.91158361 
-0.35485 5.22221269 3.53659831 1.91657323 
-0.35385 5.21844901 3.23617873 1.92091787 
-0.35285 5.21511094 2.97246404 1.92472052 
-0.35185 5.21214525 2.73980668 1.92806473 
-0.35085 5.20950702 2.53358863 1.93101875 
-0.34985 5.20715820 2.35000757 1.93363877 
-0.34885 5.20506636 2.18591221 1.93597131 
-0.34785 5.20320374 2.03867470 1.93805514 
-0.34685 5.20154646 1.90609086 1.93992278 
-0.34585 5.20007389 1.78630164 1.94160162 
-0.34484 5.19876814 1.67773091 1.94311487 
-0.34384 5.19761362 1.57903581 1.94448228 
-0.34284 5.19659670 1.48906687 1.94572077 
-0.34184 5.19570543 1.40683577 1.94684486 
-0.34084 5.19492928 1.33148925 1.94786708 
-0.33984 5.19425895 1.26228764 1.94879828 
-0.33884 5.19368623 1.19858735 1.94964790 
-0.33784 5.19320380 1.13982637 1.95042417 
-0.33684 5.19280515 1.08551223 1.95113429 
-0.33584 5.19248447 1.03521201 1.95178460 
-0.33483 5.19223657 0.98854393 1.95238067 
-0.33383 5.19205680 0.94517032 1.95292743 
-0.33283 5.19194097 0.90479166 1.95342924 
-0.33183 5.19188532 0.86714157 1.95388998 
-0.33083 5.19188645 0.83198253 1.95431310 
-0.32983 5.19194132 0.79910218 1.95470168 
-0.32883 5.19204716 0.76831025 1.95505848 
-0.32783 5.19220147 0.73943587 1.95538597 
-0.32683 5.19240199 0.71232522 1.95568637 
-0.32583 5.19264666 0.68683957 1.95596167 
-0.32482 5.19293364 0.66285351 1.95621369 
-0.32382 5.19326125 0.64025350 1.95644404 
-0.32282 5.19362794 0.61893650 1.95665421 
-0.32182 5.19403236 0.59880888 1.95684552 
-0.32082 5.19447323 0.57978537 1.95701919 
-0.31982 5.19494943 0.56178819 1.95717632 
-0.31882 5.19545994 0.54474631 1.95731791 
-0.31782 5.19600382 0.52859472 1.95744488 
-0.31682 5.19658025 0.51327387 1.95755806 
-0.31582 5.19718848 0.49872907 1.95765821 
-0.31481 5.19782783 0.48491011 1.95774602 
-0.31381 5.19849771 0.47177075 1.95782213 
-0.31281 5.19919759 0.45926840 1.95788713 
-0.31181 5.19992701 0.44736374 1.95794154 
-0.31081 5.20068554 0.43602047 1.95798586 
-0.30981 5.20147283 0.42520501 1.95802054 
-0.30881 5.20228859 0.41488626 1.95804598 
-0.30781 5.20313255 0.40503539 1.95806256 
-0.30681 5.20400451 0.39562564 1.95807063 
-0.30581 5.20490430 0.38663216 1.95807050 
-0.30480 5.20583180 0.37803183 1.95806247 
-0.30380 5.20678691 0.36980313 1.95804681 
-0.30280 5.20776959 0.36192599 1.95802375 
-0.30180 5.20877982 0.35438173 1.95799353 
-0.30080 5.20981763 0.34715287 1.95795634 
-0.29980 5.21088306 0.34022309 1.95791238 
-0.29880 5.21197621 0.33357713 1.95786181 
-0.29780 5.21309719 0.32720071 1.95780478 
-0.29680 5.21424615 0.32108044 1.95774145 
-0.29580 5.21542326 0.31520377 1.95767193 
-0.29479 5.21662872 0.30955893 1.95759634 
-0.29379 5.21786277 0.30413486 1.95751478 
-0.29279 5.21912566 0.29892118 1.95742735 
-0.29179 5.22041769 0.29390812 1.95733412 
-0.29079 5.22173917 0.28908648 1.95723517 
-0.28979 5.22309043 0.28444760 1.95713055 
-0.28879 5.22447184 0.27998333 1.95702032 
-0.28779 5.22588380 0.27568598 1.95690452 
-0.28679 5.22732672 0.27154830 1.95678320 
-0.28579 5.22880105 0.26756342 1.95665637 
-0.28478 5.23030727 0.26372488 1.95652405 
-0.28378 5.23184586 0.26002657 1.95638627 
-0.28278 5.23341736 0.25646270 1.95624303 
-0.28178 5.23502231 0.25302780 1.95609433 
-0.28078 5.23666130 0.24971669 1.95594016 
-0.27978 5.23833493 0.24652446 1.95578051 
-0.27878 5.24004384 0.24344647 1.95561535 
-0.27778 5.24178869 0.24047830 1.95544468 
-0.27678 5.24357017 0.23761578 1.95526845 
-0.27578 5.24538901 0.23485494 1.95508663 
-0.27477 5.24724596 0.23219202 1.95489917 
-0.27377 5.24914180 0.22962343 1.95470603 
-0.27277 5.25107734 0.22714579 1.95450716 
-0.27177 5.25305344 0.22475586 1.95430250 
-0.27077 5.25507098 0.22245057 1.95409198 
-0.26977 5.25713087 0.22022700 1.95387553 
-0.26877 5.25923405 0.21808238 1.95365307 
-0.26777 5.26138152 0.21601406 1.95342453 
-0.26677 5.26357430 0.21401953 1.95318982 
-0.26577 5.26581346 0.21209638 1.95294885 
-0.26476 5.26810008 0.21024234 1.95270151 
-0.26376 5.27043533 0.20845524 1.95244770 
-0.26276 5.27282037 0.20673299 1.95218732 
-0.26176 5.27525644 0.20507364 1.95192024 
-0.26076 5.27774482 0.20347528 1.95164634 
-0.25976 5.28028682 0.20193614 1.95136550 
-0.25876 5.28288380 0.20045450 1.95107758 
-0.25776 5.28553720 0.19902873 1.95078243 
-0.25676 5.28824849 0.19765726 1.95047990 
-0.25576 5.29101918 0.19633863 1.95016985 
-0.25475 5.29385086 0.19507142 1.94985210 
-0.25375 5.29674517 0.19385427 1.94952649 
-0.25275 5.29970381 0.19268589 1.94919282 
-0.25175 5.30272854 0.19156507 1.94885093 
-0.25075 5.30582120 0.19049064 1.94850060 
-0.24975 5.30898367 0.18946147 1.94814164 
-0.24875 5.31221794 0.18847650 1.94777383 
-0.24775 5.31552605 0.18753473 1.94739695 
-0.24675 5.31891010 0.18663519 1.94701075 
-0.24575 5.32237232 0.18577696 1.94661501 
-0.24474 5.32591498 0.18495917 1.94620945 
-0.24374 5.32954046 0.18418098 1.94579382 
-0.24274 5.33325122 0.18344162 1.94536784 
-0.24174 5.33704982 0.18274031 1.94493120 
-0.24074 5.34093894 0.18207637 1.94448362 
-0.23974 5.34492133 0.18144910 1.94402477 
-0.23874 5.34899988 0.18085787 1.94355432 
-0.23774 5.35317758 0.18030207 1.94307191 
-0.23674 5.35745755 0.17978114 1.94257720 
-0.23574 5.36184302 0.17929452 1.94206978 
-0.23473 5.36633737 0.17884172 1.94154927 
-0.23373 5.37094411 0.17842226 1.94101524 
-0.23273 5.37566691 0.17803568 1.94046726 
-0.23173 5.38050958 0.17768156 1.93990486 
-0.23073 5.38547610 0.17735952 1.93932758 
-0.22973 5.39057061 0.17706919 1.93873489 
-0.22873 5.39579744 0.17681022 1.93812627 
-0.22773 5.40116111 0.17658232 1.93750117 
-0.22673 5.40666632 0.17638520 1.93685900 
-0.22573 5.41231800 0.17621858 1.93619914 
-0.22472 5.41812130 0.17608225 1.93552094 
-0.22372 5.42408159 0.17597599 1.93482373 
-0.22272 5.43020450 0.17589961 1.93410679 
-0.22172 5.43649591 0.17585295 1.93336937 
-0.22072 5.44296198 0.17583588 1.93261066 
-0.21972 5.44960916 0.17584828 1.93182983 
-0.21872 5.45644422 0.17589006 1.93102598 
-0.21772 5.46347424 0.17596115 1.93019819 
-0.21672 5.47070666 0.17606152 1.92934546 
-0.21572 5.47814928 0.17619114 1.92846673 
-0.21471 5.48581029 0.17635003 1.92756090 
-0.21371 5.49369832 0.17653821 1.92662680 
-0.21271 5.50182241 0.17675573 1.92566316 
-0.21171 5.51019209 0.17700268 1.92466866 
-0.21071 5.51881739 0.17727917 1.92364189 
-0.20971 5.52770888 0.17758532 1.92258134 
-0.20871 5.53687770 0.17792129 1.92148543 
-0.20771 5.54633559 0.17828726 1.92035243 
-0.20671 5.55609498 0.17868346 1.91918053 
-0.20571 5.56616896 0.17911011 1.91796778 
-0.20470 5.57657139 0.17956750 1.91671210 
-0.20370 5.58731696 0.18005592 1.91541127 
-0.20270 5.59842120 0.18057570 1.91406288 
-0.20170 5.60990059 0.18112721 1.91266437 
-0.20070 5.62177260 0.18171085 1.91121298 
-0.19970 5.63405581 0.18232706 1.90970573 
-0.19870 5.64676996 0.18297631 1.90813942 
-0.19770 5.65993606 0.18365911 1.90651057 
-0.19670 5.67357651 0.18437602 1.90481544 
-0.19570 5.68771518 0.18512764 1.90304996 
-0.19469 5.70237757 0.18591461 1.90120972 
-0.19369 5.71759097 0.18673763 1.89928993 
-0.19269 5.73338457 0.18759746 1.89728535 
-0.19169 5.74978968 0.18849489 1.89519027 
-0.19069 5.76683990 0.18943079 1.89299844 
-0.18969 5.78457138 0.19040610 1.89070301 
-0.18869 5.80302304 0.19142181 1.88829644 
-0.18769 5.82223687 0.19247902 1.88577043 
-0.18669 5.84225824 0.19357887 1.88311581 
-0.18569 5.86313627 0.19472262 1.88032240 
-0.18468 5.88492426 0.19591162 1.87737892 
-0.18368 5.90768013 0.19714733 1.87427276 
-0.18268 5.93146701 0.19843133 1.87098986 
-0.18168 5.95635384 0.19976532 1.86751439 
-0.18068 5.98241609 0.20115116 1.86382856 
-0.17968 6.00973666 0.20259087 1.85991223 
-0.17868 6.03840682 0.20408665 1.85574252 
-0.17768 6.06852742 0.20564089 1.85129332 
-0.17668 6.10021029 0.20725624 1.84653469 
-0.17568 6.13357990 0.20893559 1.84143211 
-0.17467 6.16877538 0.21068215 1.83594551 
-0.17367 6.20595297 0.21249946 1.83002816 
-0.17267 6.24528907 0.21439150 1.82362507 
-0.17167 6.28698399 0.21636269 1.81667113 
-0.17067 6.33126668 0.21841805 1.80908853 
-0.16967 6.37840085 0.22056328 1.80078344 
-0.16867 6.42869281 0.22280490 1.79164144 
-0.16767 6.48250200 0.22515047 1.78152140 
-0.16667 6.54025518 0.22760888 1.77024683 
-0.16567 6.60246627 0.23019069 1.75759361 
-0.16466 6.66976471 0.23290871 1.74327194 
-0.16366 6.74293785 0.23577885 1.72689916 
-0.16266 6.82299677 0.23882142 1.70795729 
-0.16166 6.91128435 0.24206338 1.68572370 
-0.16066 7.00966474 0.24554238 1.65915255 
-0.15966 7.12088421 0.24931470 1.62665881 
-0.15866 7.24933599 0.25347294 1.58569568 
-0.15766 7.40292344 0.25819165 1.53185817 
-0.15666 7.59847441 0.26387097 1.45689839 
-0.15566 7.87944685 0.27167701 1.34628374 
-0.15465 8.31955324 0.28420547 1.20888087 
-0.15365 8.81786530 0.29958018 1.11958959 
-0.15265 9.27509187 0.31443406 1.07128082 
-0.15165 9.70581815 0.32874242 1.03920478 
-0.15065 10.12717730 0.34285147 1.01396335 
-0.14965 10.55002584 0.35700883 0.99156612 
-0.14865 10.98192883 0.37138829 0.96981695 
-0.14765 11.42891183 0.38611990 0.94711881 
-0.14665 11.89638773 0.40130513 0.92193698 
-0.14565 12.38976584 0.41702293 0.89240352 
-0.14464 12.91510438 0.43333258 0.85580752 
-0.14364 13.48043314 0.45029073 0.80764879 
-0.14264 14.09989510 0.46807723 0.73958203 
-0.14164 14.80889142 0.48786227 0.63623242 
-0.14064 15.66943979 0.51552725 0.49921038 
-0.13964 16.53284104 0.55294013 0.40547358 
-0.13864 17.15341339 0.58801278 0.35581070 
-0.13764 17.26463001 0.60959513 0.32036531 
-0.13664 16.21948314 0.59841293 0.28222388 
-0.13564 13.19141163 0.53431220 0.23120924 
-0.13463 10.49760111 0.48881167 0.19174469 
-0.13363 9.57086086 0.49681209 0.17326904 
-0.13263 9.31951939 0.52504542 0.16262331 
-0.13163 9.30317820 0.56109042 0.15502113 
-0.13063 9.37581671 0.60076236 0.14882703 
-0.12963 9.47376686 0.64191836 0.14327216 
-0.12863 9.55907925 0.68279737 0.13786992 
-0.12763 9.60069856 0.72137075 0.13222183 
-0.12663 9.56572231 0.75488868 0.12592643 
-0.12563 9.41297451 0.77935457 0.11851309 
-0.12462 9.08553577 0.78873491 0.10936801 
-0.12362 8.49922420 0.77362495 0.09762570 
-0.12262 7.52302230 0.71892372 0.08199974 
-0.12162 5.95801849 0.60109301 0.06069599 
-0.12062 3.73950832 0.40799810 0.03408048 
-0.11962 2.01154232 0.25144018 0.01550914 
-0.11862 1.27865725 0.18750075 0.00844580 
-0.11762 0.93580278 0.15977766 0.00544152 
-0.11662 0.74127513 0.14555372 0.00386968 
-0.11562 0.61623403 0.13753778 0.00292850 
-0.11461 0.52907219 0.13286227 0.00231273 
-0.11361 0.46481685 0.13019607 0.00188408 
-0.11261 0.41547871 0.12884417 0.00157174 
-0.11161 0.37640663 0.12841152 0.00133603 
-0.11061 0.34470778 0.12865917 0.00115313 
-0.10961 0.31848725 0.12943566 0.00100797 
-0.10861 0.29645107 0.13064182 0.00089059 
-0.10761 0.27768495 0.13221122 0.00079417 
-0.10661 0.26152418 0.13409894 0.00071388 
-0.10561 0.24747370 0.13627472 0.00064626 
-0.10460 0.23515708 0.13871868 0.00058872 
-0.10360 0.22428293 0.14141857 0.00053933 
-0.10260 0.21462210 0.14436790 0.00049659 
-0.10160 0.20599194 0.14756481 0.00045934 
-0.10060 0.19824501 0.15101118 0.00042668 
-0.09960 0.19126107 0.15471213 0.00039788 
-0.09860 0.18494103 0.15867565 0.00037235 
-0.09760 0.17920257 0.16291241 0.00034962 
-0.09660 0.17397676 0.16743568 0.00032929 
-0.09560 0.16920545 0.17226127 0.00031104 
-0.09459 0.16483931 0.17740764 0.00029460 
-0.09359 0.16083626 0.18289600 0.00027974 
-0.09259 0.15716019 0.18875052 0.00026627 
-0.09159 0.15378004 0.19499857 0.00025404 
-0.09059 0.15066896 0.20167106 0.00024289 
-0.08959 0.14780369 0.20880283 0.00023272 
-0.08859 0.14516404 0.21643309 0.00022342 
-0.08759 0.14273248 0.22460605 0.00021490 
-0.08659 0.14049378 0.23337154 0.00020708 
-0.08559 0.13843473 0.24278583 0.00019989 
-0.08458 0.13654391 0.25291261 0.00019329 
-0.08358 0.13481155 0.26382407 0.00018721 
-0.08258 0.13322930 0.27560233 0.00018161 
-0.08158 0.13179022 0.28834099 0.00017645 
-0.08058 0.13048861 0.30214716 0.00017170 
-0.07958 0.12932000 0.31714377 0.00016733 
-0.07858 0.12828115 0.33347244 0.00016330 
-0.07758 0.12737001 0.35129704 0.00015960 
-0.07658 0.12658576 0.37080790 0.00015620 
-0.07558 0.12592891 0.39222719 0.00015308 
-0.07457 0.12540142 0.41581547 0.00015024 
-0.07357 0.12500679 0.44187995 0.00014764 
-0.07257 0.12475037 0.47078488 0.00014529 
-0.07157 0.12463959 0.50296476 0.00014318 
-0.07057 0.12468438 0.53894126 0.00014128 
-0.06957 0.12489768 0.57934511 0.00013961 
-0.06857 0.12529614 0.62494467 0.00013814 
-0.06757 0.12590106 0.67668362 0.00013689 
-0.06657 0.12673958 0.73573128 0.00013585 
-0.06557 0.12784644 0.80355068 0.00013503 
-0.06456 0.12926623 0.88199171 0.00013442 
-0.06356 0.13105670 0.97342073 0.00013404 
-0.06256 0.13329328 1.08090378 0.00013390 
-0.06156 0.13607573 1.20847017 0.00013402 
-0.06056 0.13953779 1.36149962 0.00013442 
-0.05956 0.14386180 1.54730343 0.00013513 
-0.05856 0.14930110 1.77601939 0.00013620 
-0.05756 0.15621560 2.06202924 0.00013769 
-0.05656 0.16512993 2.42627803 0.00013970 
-0.05556 0.17683224 2.90021356 0.00014234 
-0.05455 0.19254946 3.53277467 0.00014580 
-0.05355 0.21427456 4.40343970 0.00015037 
-0.05255 0.24541616 5.64812846 0.00015650 
-0.05155 0.29218764 7.51458999 0.00016496 
-0.05055 0.36686414 10.49226915 0.00017716 
-0.04955 0.49636139 15.65437355 0.00019588 
-0.04855 0.74846587 25.70375708 0.00022740 
-0.04755 1.32840949 48.82371505 0.00028809 
-0.04655 2.99024348 115.08116723 0.00042460 
-0.04555 7.10625172 279.19664314 0.00062307 
-0.04454 4.94321545 192.94400445 0.00029848 
-0.04354 1.96471172 74.16939258 0.00012290 
-0.04254 0.98704330 35.17380708 0.00009090 
-0.04154 0.60756125 20.02884291 0.00008716 
-0.04054 0.42788330 12.84935711 0.00008971 
-0.03954 0.33015081 8.93576347 0.00009379 
-0.03854 0.27160629 6.58306865 0.00009818 
-0.03754 0.23402136 5.06435645 0.00010256 
-0.03654 0.20862929 4.02998383 0.00010688 
-0.03554 0.19080898 3.29560634 0.00011116 
-0.03453 0.17794400 2.75680594 0.00011544 
-0.03353 0.16846593 2.35094622 0.00011977 
-0.03253 0.16139008 2.03865486 0.00012421 
-0.03153 0.15607427 1.79420554 0.00012880 
-0.03053 0.15208633 1.60023417 0.00013358 
-0.02953 0.14912790 1.44469609 0.00013861 
-0.02853 0.14698870 1.31904196 0.00014392 
-0.02753 0.14551818 1.21708593 0.00014958 
-0.02653 0.14460750 1.13428221 0.00015564 
-0.02553 0.14417768 1.06725067 0.00016214 
-0.02452 0.14417172 1.01345908 0.00016916 
-0.02352 0.14454932 0.97100644 0.00017677 
-0.02252 0.14528327 0.93847357 0.00018506 
-0.02152 0.14635702 0.91481928 0.00019411 
-0.02052 0.14776311 0.89930895 0.00020405 
-0.01952 0.14950230 0.89146628 0.00021500 
-0.01852 0.15158311 0.89104321 0.00022713 
-0.01752 0.15402202 0.89800423 0.00024062 
-0.01652 0.15684395 0.91252379 0.00025570 
-0.01552 0.16008348 0.93499621 0.00027267 
-0.01451 0.16378662 0.96605931 0.00029187 
-0.01351 0.16801355 1.00663415 0.00031375 
-0.01251 0.17284266 1.05798523 0.00033888 
-0.01151 0.17837654 1.12180832 0.00036802 
-0.01051 0.18475100 1.20035669 0.00040216 
-0.00951 0.19214905 1.29662301 0.00044266 
-0.00851 0.20082339 1.41460387 0.00049143 
-0.00751 0.21113408 1.55969049 0.00055125 
-0.00651 0.22361553 1.73925719 0.00062634 
-0.00551 0.23910403 1.96356971 0.00072347 
-0.00450 0.25900332 2.24722801 0.00085429 
-0.00350 0.28590628 2.61153918 0.00104095 
-0.00250 0.32529427 3.08859373 0.00133161 
-0.00150 0.39119778 3.72869669 0.00185342 
-0.00050 0.52657537 4.61504122 0.00301203 
0.00050 0.78990073 5.88995565 0.00543808 
0.00150 1.07967499 7.79809399 0.00829911 
0.00250 1.33912288 10.82169300 0.01104765 
0.00350 1.58151219 16.00904384 0.01378403 
0.00450 1.82595499 25.94109499 0.01665782 
0.00551 2.10274755 48.17304836 0.01983318 
0.00651 2.48656428 109.32381786 0.02338791 
0.00751 3.04979659 268.62683028 0.02540533 
0.00851 2.93449893 224.91271290 0.02380167 
0.00951 2.87265657 89.18738874 0.02824182 
0.01051 3.17812754 42.07960274 0.03497561 
0.01151 3.55491187 23.93888496 0.04232071 
0.01251 3.92611756 15.40418676 0.05025724 
0.01351 4.28974030 10.77560272 0.05923607 
0.01451 4.65185183 8.00334648 0.06987139 
0.01552 5.01940083 6.21942308 0.08309201 
0.01652 5.40018249 5.00868380 0.10052160 
0.01752 5.80388408 4.15358511 0.12544761 
0.01852 6.24255373 3.53217110 0.16580796 
0.01952 6.71543570 3.07192951 0.24378035 
0.02052 7.09811396 2.71615493 0.38410450 
0.02152 7.28367975 2.42013099 0.51530695 
0.02252 7.40131499 2.17724505 0.60772276 
0.02352 7.51291741 1.98178172 0.67684558 
0.02452 7.63841471 1.82656183 0.73376796 
0.02553 7.78979078 1.70625672 0.78625260 
0.02653 7.98042089 1.61845136 0.84328114 
0.02753 8.22209424 1.56342269 0.92375600 
0.02853 8.44091918 1.52516239 1.05532137 
0.02953 8.49519561 1.46330816 1.18788832 
0.03053 8.45951098 1.38800078 1.28640818 
0.03153 8.39360370 1.31239348 1.36109181 
0.03253 8.31682289 1.24057705 1.42039849 
0.03353 8.23645364 1.17365199 1.46912905 
0.03453 8.15572324 1.11173587 1.51015742 
0.03554 8.07620597 1.05459662 1.54533097 
0.03654 7.99870295 1.00188234 1.57590842 
0.03754 7.92361763 0.95321318 1.60278737 
0.03854 7.85113525 0.90821950 1.62663120 
0.03954 7.78131616 0.86655722 1.64794441 
0.04054 7.71414755 0.82791295 1.66711971 
0.04154 7.64957348 0.79200442 1.68446877 
0.04254 7.58751295 0.75857885 1.70024293 
0.04354 7.52787109 0.72741047 1.71464778 
0.04454 7.47054622 0.69829779 1.72785344 
0.04555 7.41543429 0.67106095 1.74000220 
0.04655 7.36243174 0.64553921 1.75121415 
0.04755 7.31143727 0.62158873 1.76159148 
0.04855 7.26235294 0.59908056 1.77122178 
0.04955 7.21508482 0.57789889 1.78018062 
0.05055 7.16954332 0.55793950 1.78853361 
0.05155 7.12564333 0.53910840 1.79633800 
0.05255 7.08330422 0.52132069 1.80364398 
0.05355 7.04244973 0.50449949 1.81049580 
0.05455 7.00300788 0.48857505 1.81693261 
0.05556 6.96491075 0.47348399 1.82298916 
0.05656 6.92809427 0.45916857 1.82869645 
0.05756 6.89249808 0.44557612 1.83408222 
0.05856 6.85806526 0.43265852 1.83917134 
0.05956 6.82474216 0.42037169 1.84398621 
0.06056 6.79247820 0.40867521 1.84854705 
0.06156 6.76122567 0.39753195 1.85287214 
0.06256 6.73093955 0.38690775 1.85697808 
0.06356 6.70157736 0.37677114 1.86087996 
0.06456 6.67309897 0.36709307 1.86459154 
0.06557 6.64546648 0.35784669 1.86812538 
0.06657 6.61864406 0.34900717 1.87149297 
0.06757 6.59259781 0.34055149 1.87470486 
0.06857 6.56729565 0.33245829 1.87777072 
0.06957 6.54270722 0.32470775 1.88069948 
0.07057 6.51880375 0.31728140 1.88349934 
0.07157 6.49555797 0.31016208 1.88617788 
0.07257 6.47294399 0.30333376 1.88874211 
0.07357 6.45093727 0.29678151 1.89119854 
0.07457 6.42951451 0.29049136 1.89355316 
0.07558 6.40865354 0.28445026 1.89581159 
0.07658 6.38833331 0.27864599 1.89797901 
0.07758 6.36853379 0.27306711 1.90006025 
0.07858 6.34923593 0.26770287 1.90205984 
0.07958 6.33042157 0.26254322 1.90398197 
0.08058 6.31207343 0.25757867 1.90583058 
0.08158 6.29417503 0.25280033 1.90760934 
0.08258 6.27671065 0.24819983 1.90932170 
0.08358 6.25966529 0.24376928 1.91097087 
0.08458 6.24302464 0.23950126 1.91255988 
0.08559 6.22677503 0.23538876 1.91409158 
0.08659 6.21090341 0.23142515 1.91556863 
0.08759 6.19539727 0.22760421 1.91699354 
0.08859 6.18024467 0.22392002 1.91836867 
0.08959 6.16543420 0.22036701 1.91969626 
0.09059 6.15095491 0.21693989 1.92097840 
0.09159 6.13679632 0.21363367 1.92221707 
0.09259 6.12294841 0.21044362 1.92341414 
0.09359 6.10940154 0.20736523 1.92457139 
0.09459 6.09614650 0.20439426 1.92569048 
0.09560 6.08317443 0.20152667 1.92677301 
0.09660 6.07047686 0.19875862 1.92782046 
0.09760 6.05804563 0.19608647 1.92883427 
0.09860 6.04587291 0.19350676 1.92981577 
0.09960 6.03395118 0.19101620 1.93076626 
0.10060 6.02227322 0.18861165 1.93168693 
0.10160 6.01083207 0.18629016 1.93257896 
0.10260 5.99962107 0.18404887 1.93344343 
0.10360 5.98863378 0.18188509 1.93428139 
0.10460 5.97786402 0.17979626 1.93509383 
0.10561 5.96730584 0.17777991 1.93588170 
0.10661 5.95695349 0.17583373 1.93664591 
0.10761 5.94680147 0.17395548 1.93738730 
0.10861 5.93684444 0.17214304 1.93810671 
0.10961 5.92707728 0.17039438 1.93880491 
0.11061 5.91749504 0.16870758 1.93948265 
0.11161 5.90809296 0.16708079 1.94014064 
0.11261 5.89886644 0.16551224 1.94077956 
0.11361 5.88981103 0.16400026 1.94140008 
0.11461 5.88092246 0.16254324 1.94200280 
0.11562 5.87219659 0.16113966 1.94258833 
0.11662 5.86362943 0.15978804 1.94315724 
0.11762 5.85521711 0.15848698 1.94371007 
0.11862 5.84695592 0.15723516 1.94424736 
0.11962 5.83884226 0.15603129 1.94476959 
0.12062 5.83087263 0.15487415 1.94527726 
0.12162 5.82304369 0.15376258 1.94577082 
0.12262 5.81535217 0.15269547 1.94625072 
0.12362 5.80779494 0.15167176 1.94671738 
0.12462 5.80036894 0.15069042 1.94717121 
0.12563 5.79307124 0.14975049 1.94761261 
0.12663 5.78589898 0.14885105 1.94804195 
0.12763 5.77884941 0.14799120 1.94845960 
0.12863 5.77191986 0.14717012 1.94886589 
0.12963 5.76510775 0.14638699 1.94926117 
0.13063 5.75841058 0.14564106 1.94964577 
0.13163 5.75182592 0.14493158 1.95001998 
0.13263 5.74535143 0.14425787 1.95038411 
0.13363 5.73898484 0.14361927 1.95073845 
0.13463 5.73272394 0.14301514 1.95108327 
0.13564 5.72656660 0.14244489 1.95141885 
0.13664 5.72051076 0.14190796 1.95174543 
0.13764 5.71455442 0.14140380 1.95206326 
0.13864 5.70869564 0.14093191 1.95237259 
0.13964 5.70293254 0.14049181 1.95267365 
0.14064 5.69726329 0.14008304 1.95296665 
0.14164 5.69168614 0.13970518 1.95325182 
0.14264 5.68619937 0.13935782 1.95352935 
0.14364 5.68080134 0.13904059 1.95379946 
0.14464 5.67549042 0.13875313 1.95406233 
0.14565 5.67026508 0.13849512 1.95431814 
0.14665 5.66512379 0.13826624 1.95456709 
0.14765 5.66006512 0.13806623 1.95480934 
0.14865 5.65508763 0.13789481 1.95504505 
0.14965 5.65018996 0.13775174 1.95527440 
0.15065 5.64537080 0.13763682 1.95549754 
0.15165 5.64062885 0.13754984 1.95571463 
0.15265 5.63596287 0.13749063 1.95592579 
0.15365 5.63137167 0.13745903 1.95613119 
0.15465 5.62685409 0.13745492 1.95633096 
0.15566 5.62240901 0.13747817 1.95652522 
0.15666 5.61803533 0.13752871 1.95671411 
0.15766 5.61373202 0.13760645 1.95689775 
0.15866 5.60949807 0.13771134 1.95707626 
0.15966 5.60533250 0.13784335 1.95724976 
0.16066 5.60123437 0.13800248 1.95741835 
0.16166 5.59720278 0.13818872 1.95758215 
0.16266 5.59323687 0.13840210 1.95774126 
0.16366 5.58933579 0.13864269 1.95789578 
0.16466 5.58549876 0.13891053 1.95804581 
0.16567 5.58172498 0.13920573 1.95819145 
0.16667 5.57801375 0.13952840 1.95833278 
0.16767 5.57436434 0.13987867 1.95846990 
0.16867 5.57077609 0.14025669 1.95860288 
0.16967 5.56724837 0.14066263 1.95873182 
0.17067 5.56378057 0.14109670 1.95885679 
0.17167 5.56037212 0.14155912 1.95897787 
0.17267 5.55702248 0.14205012 1.95909513 
0.17367 5.55373114 0.14256998 1.95920865 
0.17467 5.55049763 0.14311898 1.95931849 
0.17568 5.54732151 0.14369744 1.95942472 
0.17668 5.54420237 0.14430571 1.95952740 
0.17768 5.54113984 0.14494414 1.95962660 
0.17868 5.53813359 0.14561314 1.95972238 
0.17968 5.53518331 0.14631312 1.95981479 
0.18068 5.53228873 0.14704453 1.95990388 
0.18168 5.52944962 0.14780786 1.95998972 
0.18268 5.52666580 0.14860362 1.96007235 
0.18368 5.52393711 0.14943234 1.96015182 
0.18468 5.52126344 0.15029461 1.96022817 
0.18569 5.51864470 0.15119103 1.96030145 
0.18669 5.51608088 0.15212224 1.96037170 
0.18769 5.51357199 0.15308894 1.96043897 
0.18869 5.51111808 0.15409184 1.96050328 
0.18969 5.50871926 0.15513171 1.96056468 
0.19069 5.50637568 0.15620934 1.96062319 
0.19169 5.50408757 0.15732560 1.96067886 
0.19269 5.50185516 0.15848137 1.96073170 
0.19369 5.49967879 0.15967760 1.96078175 
0.19469 5.49755883 0.16091529 1.96082903 
0.19570 5.49549573 0.16219549 1.96087357 
0.19670 5.49348998 0.16351930 1.96091538 
0.19770 5.49154216 0.16488789 1.96095449 
0.19870 5.48965293 0.16630249 1.96099090 
0.19970 5.48782301 0.16776441 1.96102465 
0.20070 5.48605323 0.16927500 1.96105573 
0.20170 5.48434447 0.17083572 1.96108416 
0.20270 5.48269774 0.17244808 1.96110994 
0.20370 5.48111414 0.17411370 1.96113309 
0.20470 5.47959487 0.17583426 1.96115360 
0.20571 5.47814127 0.17761157 1.96117146 
0.20671 5.47675477 0.17944752 1.96118669 
0.20771 5.47543698 0.18134410 1.96119927 
0.20871 5.47418961 0.18330343 1.96120920 
0.20971 5.47301456 0.18532776 1.96121645 
0.21071 5.47191389 0.18741945 1.96122103 
0.21171 5.47088983 0.18958103 1.96122290 
0.21271 5.46994484 0.19181515 1.96122204 
0.21371 5.46908158 0.19412464 1.96121844 
0.21471 5.46830294 0.19651251 1.96121206 
0.21572 5.46761207 0.19898195 1.96120286 
0.21672 5.46701243 0.20153634 1.96119082 
0.21772 5.46650775 0.20417932 1.96117587 
0.21872 5.46610212 0.20691472 1.96115798 
0.21972 5.46580001 0.20974667 1.96113710 
0.22072 5.46560629 0.21267954 1.96111315 
0.22172 5.46552627 0.21571803 1.96108608 
0.22272 5.46556579 0.21886718 1.96105581 
0.22372 5.46573121 0.22213236 1.96102227 
0.22472 5.46602954 0.22551936 1.96098536 
0.22573 5.46646844 0.22903438 1.96094499 
0.22673 5.46705637 0.23268413 1.96090104 
0.22773 5.46780261 0.23647581 1.96085342 
0.22873 5.46871741 0.24041721 1.96080198 
0.22973 5.46981209 0.24451676 1.96074658 
0.23073 5.47109918 0.24878359 1.96068708 
0.23173 5.47259257 0.25322761 1.96062331 
0.23273 5.47430771 0.25785962 1.96055508 
0.23373 5.47626177 0.26269138 1.96048218 
0.23473 5.47847397 0.26773575 1.96040439 
0.23574 5.48096577 0.27300682 1.96032147 
0.23674 5.48376128 0.27852005 1.96023315 
0.23774 5.48688764 0.28429250 1.96013912 
0.23874 5.49037546 0.29034300 1.96003904 
0.23974 5.49425943 0.29669239 1.95993256 
0.24074 5.49857896 0.30336387 1.95981926 
0.24174 5.50337901 0.31038332 1.95969867 
0.24274 5.50871109 0.31777970 1.95957030 
0.24374 5.51463441 0.32558559 1.95943355 
0.24474 5.52121743 0.33383777 1.95928777 
0.24575 5.52853961 0.34257799 1.95913225 
0.24675 5.53669374 0.35185386 1.95896613 
0.24775 5.54578880 0.36171996 1.95878848 
0.24875 5.55595353 0.37223927 1.95859819 
0.24975 5.56734117 0.38348493 1.95839402 
0.25075 5.58013541 0.39554249 1.95817452 
0.25175 5.59455834 0.40851279 1.95793798 
0.25275 5.61088093 0.42251579 1.95768241 
0.25375 5.62943715 0.43769556 1.95740546 
0.25475 5.65064339 0.45422701 1.95710430 
0.25576 5.67502548 0.47232515 1.95677554 
0.25676 5.70325719 0.49225799 1.95641503 
0.25776 5.73621633 0.51436495 1.95601764 
0.25876 5.77506882 0.53908395 1.95557697 
0.25976 5.82139842 0.56699229 1.95508483 
0.26076 5.87741462 0.59887080 1.95453062 
0.26176 5.94630033 0.63580863 1.95390025 
0.26276 6.03282472 0.67938368 1.95317453 
0.26376 6.14449528 0.73199317 1.95232646 
0.26476 6.29390654 0.79750955 1.95131662 
0.26577 6.50405595 0.88272096 1.95008486 
0.26677 6.82214787 1.00094580 1.94853560 
0.26777 7.36232280 1.18275350 1.94651867 
0.26877 8.45478990 1.51089415 1.94392048 
0.26977 10.69230220 2.11578259 1.94183035 
0.27077 13.16014241 2.75742899 1.94208262 
0.27177 14.97694607 3.24202912 1.94346016 
0.27277 16.28124502 3.61044184 1.94518255 
0.27377 17.23275259 3.90070259 1.94705849 
0.27477 17.92841650 4.13450288 1.94904198 
0.27578 18.42925562 4.32487623 1.95112952 
0.27678 18.77649240 4.48027282 1.95333540 
0.27778 18.99970349 4.60652206 1.95568562 
0.27878 19.12112830 4.70783397 1.95821807 
0.27978 19.15809496 4.78734129 1.96098593 
0.28078 19.12446422 4.84740277 1.96406467 
0.28178 19.03152429 4.88976791 1.96756439 
0.28278 18.88855168 4.91564619 1.97165232 
0.28378 18.70313662 4.92568731 1.97659622 
0.28478 18.48128052 4.91983861 1.98285563 
0.28579 18.22712351 4.89696237 1.99129622 
0.28679 17.94168750 4.85385522 2.00377409 
0.28779 17.61792679 4.78254478 2.02504109 
0.28879 17.22090895 4.66480951 2.06896797 
0.28979 16.69895444 4.50596779 2.14788318 
0.29079 16.16804479 4.38075648 2.22009636 
0.29179 15.69889616 4.29605448 2.27173175 
0.29279 15.28305794 4.23719419 2.30964452 
0.29379 14.90863726 4.19611436 2.33861816 
0.29479 14.56727238 4.16846480 2.36138770 
0.29580 14.25311633 4.15166305 2.37960669 
0.29680 13.96190966 4.14405701 2.39434121 
0.29780 13.69042571 4.14453526 2.40631555 
0.29880 13.43614094 4.15232722 2.41604247 
0.29980 13.19703094 4.16689181 2.42389684 
0.30080 12.97143845 4.18785139 2.43015981 
0.30180 12.75798447 4.21495045 2.43504650 
0.30280 12.55550616 4.24802888 2.43872414 
0.30380 12.36301228 4.28700410 2.44132428 
0.30480 12.17965033 4.33185906 2.44295130 
0.30581 12.00468180 4.38263413 2.44368848 
0.30681 11.83746325 4.43942162 2.44360235 
0.30781 11.67743164 4.50236248 2.44274598 
0.30881 11.52409272 4.57164437 2.44116139 
0.30981 11.37701200 4.64750103 2.43888145 
0.31081 11.23580742 4.73021266 2.43593121 
0.31181 11.10014363 4.82010713 2.43232910 
0.31281 10.96972747 4.91756199 2.42808774 
0.31381 10.84430439 5.02300728 2.42321466 
0.31481 10.72365585 5.13692900 2.41771278 
0.31582 10.60759730 5.25987332 2.41158093 
0.31682 10.49597703 5.39245154 2.40481414 
0.31782 10.38867552 5.53534574 2.39740397 
0.31882 10.28560544 5.68931526 2.38933879 
0.31982 10.18671223 5.85520390 2.38060401 
0.32082 10.09197533 6.03394794 2.37118233 
0.32182 10.00141000 6.22658490 2.36105403 
0.32282 9.91506986 6.43426304 2.35019728 
0.32382 9.83305009 6.65825143 2.33858854 
0.32482 9.75549145 6.89995043 2.32620303 
0.32583 9.68258517 7.16090233 2.31301544 
0.32683 9.61457871 7.44280151 2.29900071 
0.32783 9.55178250 7.74750362 2.28413520 
0.32883 9.49457770 8.07703255 2.26839812 
0.32983 9.44342495 8.43358379 2.25177347 
0.33083 9.39887401 8.81952215 2.23425254 
0.33183 9.36157415 9.23737070 2.21583710 
0.33283 9.33228482 9.68978734 2.19654357 
0.33383 9.31188601 10.17952332 2.17640826 
0.33483 9.30138720 10.70935714 2.15549400 
0.33584 9.30193320 11.28199459 2.13389833 
0.33684 9.31480464 11.89992415 2.11176349 
0.33784 9.34140957 12.56521448 2.08928840 
0.33884 9.38326158 13.27923948 2.06674240 
0.33984 9.44193839 14.04231650 2.04448054 
0.34084 9.51901363 14.85324625 2.02295951 
0.34184 9.61595333 15.70875180 2.00275235 
0.34284 9.73396931 16.60283011 1.98455951 
0.34384 9.87382376 17.52605729 1.96921192 
0.34484 10.03558597 18.46492851 1.95766098 
0.34585 10.21835278 19.40136384 1.95094912 
0.34685 10.41996174 20.31256287 1.95015508 
0.34785 10.63674580 21.17142402 1.95631018 
0.34885 10.86339809 21.94773041 1.97028758 
0.34985 11.09302353 22.61021093 1.99267413 
0.35085 11.31744044 23.12939815 2.02364470 
0.35185 11.52775186 23.48094928 2.06286583 
0.35285 11.71513740 23.64885191 2.10945688 
0.35385 11.87174124 23.62781806 2.16202791 
0.35485 11.99148348 23.42427110 2.21879563 
0.35586 12.07062596 23.05565433 2.27775780 
0.35686 12.10798495 22.54822674 2.33689056 
0.35786 12.10477884 21.93388541 2.39432941 
0.35886 12.06418797 21.24672410 2.44850316 
0.35986 11.99075644 20.51997071 2.49820651 
0.36086 11.88976967 19.78371549 2.54261347 
0.36186 11.76670974 19.06356767 2.58124525 
0.36286 11.62684381 18.38015836 2.61391061 
0.36386 11.47495860 17.74928507 2.64063549 
0.36486 11.31522488 17.18246193 2.66159422 
0.36587 11.15116235 16.68766805 2.67704955 
0.36687 10.98567304 16.27014077 2.68730478 
0.36787 10.82111558 15.93311732 2.69266810 
0.36887 10.65939958 15.67847387 2.69342782 
0.36987 10.50208650 15.50724300 2.68983650 
0.37087 10.35048860 15.42000898 2.68210204 
0.37187 10.20576218 15.41718886 2.67038405 
0.37287 10.06899372 15.49920903 2.65479424 
0.37387 9.94127899 15.66658443 2.63540020 
0.37487 9.82379590 15.91990217 2.61223234 
0.37588 9.71787137 16.25970467 2.58529411 
0.37688 9.62504184 16.68626057 2.55457636 
0.37788 9.54710480 17.19920461 2.52007668 
0.37888 9.48615674 17.79702343 2.48182519 
0.37988 9.44460890 18.47636425 2.43991807 
0.38088 9.42516805 19.23115211 2.39456000 
0.38188 9.43076470 20.05152557 2.34611544 
0.38288 9.46440716 20.92264652 2.29516713 
0.38388 9.52893929 21.82351433 2.24257634 
0.38488 9.62668598 22.72601717 2.18953492 
0.38589 9.75898870 23.59456826 2.13759361 
0.38689 9.92566657 24.38676080 2.08864616 
0.38789 10.12448543 25.05546128 2.04484850 
0.38889 10.35076584 25.55256527 2.00845970 
0.38989 10.59728672 25.83422033 1.98160974 
0.39089 10.85461577 25.86674377 1.96602558 
0.39189 11.11190320 25.63194934 1.96277259 
0.39289 11.35803233 25.13044494 1.97207837 
0.39389 11.58288654 24.38187476 1.99329114 
0.39489 11.77843671 23.42196108 2.02498636 
0.39590 11.93941142 22.29717049 2.06519015 
0.39690 12.06345452 21.05843529 2.11165772 
0.39790 12.15082980 19.75537988 2.16214009 
0.39890 12.20383491 18.43204028 2.21459070 
0.39990 12.22610983 17.12442909 2.26729161 
0.40090 12.22198850 15.85977249 2.31890362 
0.40190 12.19597907 14.65696342 2.36845839 
0.40290 12.15240040 13.52772041 2.41531525 
0.40390 12.09516327 12.47802692 2.45910171 
0.40490 12.02766584 11.50956275 2.49965168 
0.40591 11.95276907 10.62096713 2.53694925 
0.40691 11.87282192 9.80886905 2.57108171 
0.40791 11.78971316 9.06867981 2.60220270 
0.40891 11.70493428 8.39517405 2.63050446 
0.40991 11.61964337 7.78289722 2.65619801 
0.41091 11.53472471 7.22643864 2.67949939 
0.41191 11.45084136 6.72060463 2.70062055 
0.41291 11.36848002 6.26051996 2.71976370 
0.41391 11.28798829 5.84167968 2.73711807 
0.41491 11.20960509 5.45996734 2.75285832 
0.41592 11.13348527 5.11165184 2.76714408 
0.41692 11.05971913 4.79337084 2.78012019 
0.41792 10.98834791 4.50210670 2.79191739 
0.41892 10.91937602 4.23515883 2.80265328 
0.41992 10.85278051 3.99011478 2.81243337 
0.42092 10.78851852 3.76482188 2.82135213 
0.42192 10.72653300 3.55736017 2.82949409 
0.42292 10.66675713 3.36601736 2.83693485 
0.42392 10.60911773 3.18926584 2.84374200 
0.42492 10.55353780 3.02574193 2.84997599 
0.42593 10.49993853 2.87422731 2.85569092 
0.42693 10.44824071 2.73363238 2.86093524 
0.42793 10.39836585 2.60298163 2.86575236 
0.42893 10.35023695 2.48140052 2.87018124 
0.42993 10.30377905 2.36810408 2.87425684 
0.43093 10.25891964 2.26238672 2.87801062 
0.43193 10.21558888 2.16361330 2.88147089 
0.43293 10.17371980 2.07121133 2.88466317 
0.43393 10.13324831 1.98466396 2.88761047 
0.43493 10.09411327 1.90350397 2.89033360 
0.43594 10.05625644 1.82730831 2.89285137 
0.43694 10.01962241 1.75569344 2.89518084 
0.43794 9.98415855 1.68831109 2.89733745 
0.43894 9.94981488 1.62484458 2.89933525 
0.43994 9.91654401 1.56500554 2.90118700 
0.44094 9.88430097 1.50853103 2.90290430 
0.44194 9.85304316 1.45518097 2.90449776 
0.44294 9.82273020 1.40473583 2.90597703 
0.44394 9.79332382 1.35699465 2.90735094 
0.44494 9.76478777 1.31177318 2.90862754 
0.44595 9.73708768 1.26890232 2.90981423 
0.44695 9.71019100 1.22822666 2.91091778 
0.44795 9.68406688 1.18960321 2.91194440 
0.44895 9.65868607 1.15290023 2.91289979 
0.44995 9.63402086 1.11799622 2.91378919 
0.45095 9.61004495 1.08477901 2.91461744 
0.45195 9.58673344 1.05314489 2.91538896 
0.45295 9.56406270 1.02299792 2.91610786 
0.45395 9.54201031 0.99424918 2.91677792 
0.45495 9.52055501 0.96681626 2.91740263 
0.45596 9.49967665 0.94062263 2.91798521 
0.45696 9.47935611 0.91559719 2.91852864 
0.45796 9.45957524 0.89167382 2.91903570 
0.45896 9.44031685 0.86879096 2.91950894 
0.45996 9.42156463 0.84689124 2.91995072 
0.46096 9.40330313 0.82592117 2.92036327 
0.46196 9.38551768 0.80583080 2.92074860 
0.46296 9.36819443 0.78657347 2.92110864 
0.46396 9.35132024 0.76810557 2.92144514 
0.46496 9.33488269 0.75038626 2.92175974 
0.46597 9.31887005 0.73337731 2.92205398 
0.46697 9.30327125 0.71704287 2.92232928 
0.46797 9.28807585 0.70134933 2.92258697 
0.46897 9.27327403 0.68626514 2.92282828 
0.46997 9.25885658 0.67176064 2.92305437 
0.47097 9.24481488 0.65780798 2.92326633 
0.47197 9.23114086 0.64438093 2.92346514 
0.47297 9.21782704 0.63145482 2.92365177 
0.47397 9.20486649 0.61900641 2.92382708 
0.47497 9.19225283 0.60701378 2.92399190 
0.47598 9.17998024 0.59545629 2.92414700 
0.47698 9.16804343 0.58431441 2.92429310 
0.47798 9.15643771 0.57356975 2.92443088 
0.47898 9.14515890 0.56320491 2.92456096 
0.47998 9.13420344 0.55320343 2.92468395 
0.48098 9.12356834 0.54354978 2.92480039 
0.48198 9.11325123 0.53422922 2.92491081 
0.48298 9.10325036 0.52522782 2.92501569 
0.48398 9.09356465 0.51653239 2.92511550 
0.48498 9.08419372 0.50813041 2.92521067 
0.48599 9.07513793 0.50001003 2.92530160 
0.48699 9.06639843 0.49215999 2.92538867 
0.48799 9.05797720 0.48456963 2.92547224 
0.48899 9.04987717 0.47722882 2.92555265 
0.48999 9.04210224 0.47012795 2.92563020 
0.49099 9.03465741 0.46325788 2.92570521 
0.49199 9.02754889 0.45660994 2.92577794 
0.49299 9.02078421 0.45017590 2.92584867 
0.49399 9.01437240 0.44394794 2.92591764 
0.49499 9.00832415 0.43791861 2.92598509 
0.49600 9.00265204 0.43208087 2.92605123 
0.49700 8.99737077 0.42642801 2.92611629 
0.49800 8.99249749 0.42095367 2.92618045 
0.49900 8.98805214 0.41565181 2.92624390 
0.50000 8.98405791 0.41051673 2.92630683 
