-0.50000 5.14514915 1.96841227
-0.49900 5.14425422 1.96841740
-0.49800 5.14337490 1.96842242
-0.49700 5.14251093 1.96842732
-0.49600 5.14166204 1.96843211
-0.49499 5.14082798 1.96843679
-0.49399 5.14000851 1.96844136
-0.49299 5.13920338 1.96844582
-0.49199 5.13841236 1.96845018
-0.49099 5.13763521 1.96845443
-0.48999 5.13687172 1.96845858
-0.48899 5.13612166 1.96846262
-0.48799 5.13538482 1.96846657
-0.48699 5.13466099 1.96847041
-0.48599 5.13394996 1.96847416
-0.48498 5.13325153 1.96847780
-0.48398 5.13256552 1.96848135
-0.48298 5.13189172 1.96848481
-0.48198 5.13122995 1.96848816
-0.48098 5.13058003 1.96849143
-0.47998 5.12994177 1.96849460
-0.47898 5.12931502 1.96849767
-0.47798 5.12869958 1.96850066
-0.47698 5.12809531 1.96850355
-0.47598 5.12750203 1.96850635
-0.47497 5.12691958 1.96850905
-0.47397 5.12634781 1.96851167
-0.47297 5.12578657 1.96851420
-0.47197 5.12523571 1.96851663
-0.47097 5.12469508 1.96851898
-0.46997 5.12416453 1.96852123
-0.46897 5.12364394 1.96852340
-0.46797 5.12313316 1.96852548
-0.46697 5.12263206 1.96852746
-0.46597 5.12214050 1.96852936
-0.46496 5.12165837 1.96853117
-0.46396 5.12118553 1.96853289
-0.46296 5.12072186 1.96853451
-0.46196 5.12026724 1.96853605
-0.46096 5.11982156 1.96853750
-0.45996 5.11938470 1.96853886
-0.45896 5.11895655 1.96854012
-0.45796 5.11853699 1.96854130
-0.45696 5.11812593 1.96854238
-0.45596 5.11772324 1.96854338
-0.45495 5.11732884 1.96854428
-0.45395 5.11694262 1.96854509
-0.45295 5.11656448 1.96854580
-0.45195 5.11619433 1.96854642
-0.45095 5.11583206 1.96854695
-0.44995 5.11547759 1.96854738
-0.44895 5.11513082 1.96854772
-0.44795 5.11479167 1.96854796
-0.44695 5.11446005 1.96854811
-0.44595 5.11413588 1.96854815
-0.44494 5.11381906 1.96854810
-0.44394 5.11350952 1.96854795
-0.44294 5.11320718 1.96854770
-0.44194 5.11291196 1.96854735
-0.44094 5.11262378 1.96854690
-0.43994 5.11234257 1.96854634
-0.43894 5.11206825 1.96854568
-0.43794 5.11180076 1.96854492
-0.43694 5.11154001 1.96854405
-0.43594 5.11128595 1.96854307
-0.43493 5.11103850 1.96854199
-0.43393 5.11079760 1.96854079
-0.43293 5.11056318 1.96853949
-0.43193 5.11033518 1.96853807
-0.43093 5.11011354 1.96853654
-0.42993 5.10989819 1.96853490
-0.42893 5.10968908 1.96853314
-0.42793 5.10948615 1.96853127
-0.42693 5.10928934 1.96852928
-0.42593 5.10909860 1.96852716
-0.42492 5.10891386 1.96852493
-0.42392 5.10873509 1.96852257
-0.42292 5.10856221 1.96852009
-0.42192 5.10839519 1.96851748
-0.42092 5.10823398 1.96851475
-0.41992 5.10807851 1.96851189
-0.41892 5.10792876 1.96850889
-0.41792 5.10778466 1.96850577
-0.41692 5.10764618 1.96850250
-0.41592 5.10751326 1.96849911
-0.41491 5.10738587 1.96849557
-0.41391 5.10726397 1.96849190
-0.41291 5.10714750 1.96848808
-0.41191 5.10703643 1.96848413
-0.41091 5.10693072 1.96848002
-0.40991 5.10683034 1.96847577
-0.40891 5.10673523 1.96847137
-0.40791 5.10664537 1.96846681
-0.40691 5.10656072 1.96846211
-0.40591 5.10648125 1.96845724
-0.40490 5.10640691 1.96845222
-0.40390 5.10633768 1.96844704
-0.40290 5.10627352 1.96844170
-0.40190 5.10621441 1.96843619
-0.40090 5.10616030 1.96843051
-0.39990 5.10611118 1.96842466
-0.39890 5.10606700 1.96841864
-0.39790 5.10602775 1.96841245
-0.39690 5.10599339 1.96840608
-0.39590 5.10596390 1.96839953
-0.39489 5.10593926 1.96839280
-0.39389 5.10591942 1.96838588
-0.39289 5.10590438 1.96837877
-0.39189 5.10589411 1.96837147
-0.39089 5.10588857 1.96836398
-0.38989 5.10588777 1.96835630
-0.38889 5.10589166 1.96834841
-0.38789 5.10590023 1.96834032
-0.38689 5.10591346 1.96833203
-0.38589 5.10593133 1.96832353
-0.38488 5.10595382 1.96831481
-0.38388 5.10598091 1.96830589
-0.38288 5.10601259 1.96829674
-0.38188 5.10604884 1.96828738
-0.38088 5.10608964 1.96827778
-0.37988 5.10613498 1.96826797
-0.37888 5.10618485 1.96825792
-0.37788 5.10623922 1.96824763
-0.37688 5.10629810 1.96823711
-0.37588 5.10636146 1.96822635
-0.37487 5.10642929 1.96821534
-0.37387 5.10650158 1.96820409
-0.37287 5.10657833 1.96819258
-0.37187 5.10665952 1.96818081
-0.37087 5.10674515 1.96816878
-0.36987 5.10683520 1.96815649
-0.36887 5.10692967 1.96814394
-0.36787 5.10702856 1.96813110
-0.36687 5.10713185 1.96811800
-0.36587 5.10723954 1.96810461
-0.36486 5.10735163 1.96809094
-0.36386 5.10746811 1.96807698
-0.36286 5.10758899 1.96806272
-0.36186 5.10771425 1.96804817
-0.36086 5.10784389 1.96803332
-0.35986 5.10797793 1.96801815
-0.35886 5.10811635 1.96800268
-0.35786 5.10825915 1.96798689
-0.35686 5.10840634 1.96797078
-0.35586 5.10855792 1.96795434
-0.35485 5.10871389 1.96793758
-0.35385 5.10887426 1.96792047
-0.35285 5.10903902 1.96790303
-0.35185 5.10920819 1.96788524
-0.35085 5.10938177 1.96786710
-0.34985 5.10955977 1.96784860
-0.34885 5.10974220 1.96782974
-0.34785 5.10992905 1.96781051
-0.34685 5.11012035 1.96779090
-0.34585 5.11031610 1.96777092
-0.34484 5.11051631 1.96775056
-0.34384 5.11072099 1.96772980
-0.34284 5.11093016 1.96770865
-0.34184 5.11114383 1.96768709
-0.34084 5.11136201 1.96766512
-0.33984 5.11158472 1.96764274
-0.33884 5.11181198 1.96761994
-0.33784 5.11204379 1.96759671
-0.33684 5.11228018 1.96757304
-0.33584 5.11252116 1.96754894
-0.33483 5.11276676 1.96752438
-0.33383 5.11301700 1.96749938
-0.33283 5.11327189 1.96747390
-0.33183 5.11353146 1.96744796
-0.33083 5.11379573 1.96742155
-0.32983 5.11406473 1.96739465
-0.32883 5.11433848 1.96736726
-0.32783 5.11461700 1.96733937
-0.32683 5.11490033 1.96731097
-0.32583 5.11518849 1.96728206
-0.32482 5.11548152 1.96725263
-0.32382 5.11577943 1.96722267
-0.32282 5.11608227 1.96719217
-0.32182 5.11639006 1.96716112
-0.32082 5.11670285 1.96712952
-0.31982 5.11702066 1.96709735
-0.31882 5.11734353 1.96706462
-0.31782 5.11767150 1.96703129
-0.31682 5.11800460 1.96699738
-0.31582 5.11834289 1.96696287
-0.31481 5.11868639 1.96692775
-0.31381 5.11903515 1.96689201
-0.31281 5.11938921 1.96685565
-0.31181 5.11974863 1.96681864
-0.31081 5.12011343 1.96678099
-0.30981 5.12048369 1.96674267
-0.30881 5.12085943 1.96670369
-0.30781 5.12124072 1.96666403
-0.30681 5.12162760 1.96662368
-0.30581 5.12202013 1.96658263
-0.30480 5.12241837 1.96654086
-0.30380 5.12282237 1.96649837
-0.30280 5.12323219 1.96645515
-0.30180 5.12364788 1.96641118
-0.30080 5.12406952 1.96636645
-0.29980 5.12449717 1.96632095
-0.29880 5.12493088 1.96627466
-0.29780 5.12537074 1.96622758
-0.29680 5.12581680 1.96617969
-0.29580 5.12626914 1.96613098
-0.29479 5.12672782 1.96608144
-0.29379 5.12719294 1.96603104
-0.29279 5.12766455 1.96597979
-0.29179 5.12814275 1.96592766
-0.29079 5.12862760 1.96587463
-0.28979 5.12911920 1.96582070
-0.28879 5.12961763 1.96576586
-0.28779 5.13012298 1.96571007
-0.28679 5.13063533 1.96565334
-0.28579 5.13115478 1.96559564
-0.28478 5.13168142 1.96553696
-0.28378 5.13221535 1.96547728
-0.28278 5.13275668 1.96541659
-0.28178 5.13330549 1.96535487
-0.28078 5.13386189 1.96529209
-0.27978 5.13442600 1.96522826
-0.27878 5.13499793 1.96516333
-0.27778 5.13557777 1.96509731
-0.27678 5.13616566 1.96503016
-0.27578 5.13676171 1.96496188
-0.27477 5.13736604 1.96489244
-0.27377 5.13797878 1.96482181
-0.27277 5.13860005 1.96475000
-0.27177 5.13922999 1.96467696
-0.27077 5.13986873 1.96460268
-0.26977 5.14051641 1.96452714
-0.26877 5.14117317 1.96445032
-0.26777 5.14183915 1.96437219
-0.26677 5.14251451 1.96429274
-0.26577 5.14319940 1.96421194
-0.26476 5.14389397 1.96412976
-0.26376 5.14459839 1.96404619
-0.26276 5.14531281 1.96396119
-0.26176 5.14603742 1.96387475
-0.26076 5.14677238 1.96378683
-0.25976 5.14751787 1.96369742
-0.25876 5.14827407 1.96360648
-0.25776 5.14904118 1.96351399
-0.25676 5.14981937 1.96341992
-0.25576 5.15060886 1.96332424
-0.25475 5.15140983 1.96322692
-0.25375 5.15222251 1.96312794
-0.25275 5.15304710 1.96302726
-0.25175 5.15388381 1.96292485
-0.25075 5.15473288 1.96282068
-0.24975 5.15559453 1.96271472
-0.24875 5.15646900 1.96260694
-0.24775 5.15735653 1.96249730
-0.24675 5.15825737 1.96238577
-0.24575 5.15917177 1.96227230
-0.24474 5.16010000 1.96215688
-0.24374 5.16104232 1.96203945
-0.24274 5.16199901 1.96191999
-0.24174 5.16297034 1.96179844
-0.24074 5.16395663 1.96167479
-0.23974 5.16495815 1.96154897
-0.23874 5.16597521 1.96142096
-0.23774 5.16700814 1.96129071
-0.23674 5.16805725 1.96115817
-0.23574 5.16912287 1.96102330
-0.23473 5.17020535 1.96088607
-0.23373 5.17130503 1.96074641
-0.23273 5.17242227 1.96060429
-0.23173 5.17355745 1.96045965
-0.23073 5.17471094 1.96031244
-0.22973 5.17588313 1.96016262
-0.22873 5.17707442 1.96001012
-0.22773 5.17828523 1.95985491
-0.22673 5.17951597 1.95969691
-0.22573 5.18076708 1.95953608
-0.22472 5.18203901 1.95937236
-0.22372 5.18333222 1.95920569
-0.22272 5.18464718 1.95903600
-0.22172 5.18598438 1.95886323
-0.22072 5.18734432 1.95868733
-0.21972 5.18872750 1.95850822
-0.21872 5.19013447 1.95832584
-0.21772 5.19156576 1.95814011
-0.21672 5.19302194 1.95795097
-0.21572 5.19450358 1.95775835
-0.21471 5.19601128 1.95756216
-0.21371 5.19754564 1.95736233
-0.21271 5.19910730 1.95715878
-0.21171 5.20069690 1.95695143
-0.21071 5.20231512 1.95674020
-0.20971 5.20396263 1.95652499
-0.20871 5.20564015 1.95630573
-0.20771 5.20734841 1.95608232
-0.20671 5.20908815 1.95585467
-0.20571 5.21086016 1.95562267
-0.20470 5.21266523 1.95538624
-0.20370 5.21450418 1.95514526
-0.20270 5.21637787 1.95489964
-0.20170 5.21828716 1.95464926
-0.20070 5.22023297 1.95439402
-0.19970 5.22221623 1.95413379
-0.19870 5.22423789 1.95386847
-0.19770 5.22629894 1.95359792
-0.19670 5.22840042 1.95332203
-0.19570 5.23054338 1.95304067
-0.19469 5.23272891 1.95275369
-0.19369 5.23495814 1.95246096
-0.19269 5.23723224 1.95216235
-0.19169 5.23955240 1.95185770
-0.19069 5.24191987 1.95154686
-0.18969 5.24433594 1.95122968
-0.18869 5.24680194 1.95090599
-0.18769 5.24931924 1.95057563
-0.18669 5.25188926 1.95023842
-0.18569 5.25451347 1.94989419
-0.18468 5.25719340 1.94954275
-0.18368 5.25993063 1.94918392
-0.18268 5.26272677 1.94881749
-0.18168 5.26558352 1.94844326
-0.18068 5.26850263 1.94806102
-0.17968 5.27148591 1.94767055
-0.17868 5.27453524 1.94727163
-0.17768 5.27765256 1.94686401
-0.17668 5.28083989 1.94644747
-0.17568 5.28409933 1.94602174
-0.17467 5.28743305 1.94558657
-0.17367 5.29084330 1.94514168
-0.17267 5.29433241 1.94468679
-0.17167 5.29790282 1.94422161
-0.17067 5.30155704 1.94374584
-0.16967 5.30529771 1.94325916
-0.16867 5.30912753 1.94276125
-0.16767 5.31304934 1.94225176
-0.16667 5.31706608 1.94173034
-0.16567 5.32118082 1.94119662
-0.16466 5.32539675 1.94065022
-0.16366 5.32971716 1.94009074
-0.16266 5.33414553 1.93951777
-0.16166 5.33868545 1.93893087
-0.16066 5.34334067 1.93832958
-0.15966 5.34811509 1.93771345
-0.15866 5.35301279 1.93708196
-0.15766 5.35803804 1.93643462
-0.15666 5.36319525 1.93577089
-0.15566 5.36848908 1.93509020
-0.15465 5.37392435 1.93439197
-0.15365 5.37950614 1.93367558
-0.15265 5.38523973 1.93294039
-0.15165 5.39113066 1.93218573
-0.15065 5.39718472 1.93141089
-0.14965 5.40340796 1.93061514
-0.14865 5.40980676 1.92979769
-0.14765 5.41638775 1.92895774
-0.14665 5.42315793 1.92809442
-0.14565 5.43012462 1.92720683
-0.14464 5.43729551 1.92629403
-0.14364 5.44467868 1.92535503
-0.14264 5.45228261 1.92438876
-0.14164 5.46011624 1.92339412
-0.14064 5.46818896 1.92236995
-0.13964 5.47651066 1.92131500
-0.13864 5.48509177 1.92022797
-0.13764 5.49394327 1.91910749
-0.13664 5.50307676 1.91795209
-0.13564 5.51250447 1.91676022
-0.13463 5.52223936 1.91553023
-0.13363 5.53229509 1.91426039
-0.13263 5.54268614 1.91294885
-0.13163 5.55342785 1.91159361
-0.13063 5.56453647 1.91019260
-0.12963 5.57602925 1.90874356
-0.12863 5.58792450 1.90724411
-0.12763 5.60024168 1.90569169
-0.12663 5.61300152 1.90408356
-0.12563 5.62622607 1.90241680
-0.12462 5.63993886 1.90068825
-0.12362 5.65416499 1.89889455
-0.12262 5.66893129 1.89703205
-0.12162 5.68426648 1.89509683
-0.12062 5.70020130 1.89308467
-0.11962 5.71676872 1.89099098
-0.11862 5.73400417 1.88881081
-0.11762 5.75194575 1.88653879
-0.11662 5.77063449 1.88416905
-0.11562 5.79011465 1.88169523
-0.11461 5.81043406 1.87911037
-0.11361 5.83164449 1.87640685
-0.11261 5.85380205 1.87357632
-0.11161 5.87696771 1.87060958
-0.11061 5.90120782 1.86749650
-0.10961 5.92659472 1.86422589
-0.10861 5.95320752 1.86078530
-0.10761 5.98113282 1.85716093
-0.10661 6.01046576 1.85333734
-0.10561 6.04131107 1.84929724
-0.10460 6.07378433 1.84502122
-0.10360 6.10801353 1.84048732
-0.10260 6.14414076 1.83567068
-0.10160 6.18232433 1.83054296
-0.10060 6.22274120 1.82507173
-0.09960 6.26558994 1.81921964
-0.09860 6.31109420 1.81294348
-0.09760 6.35950701 1.80619290
-0.09660 6.41111590 1.79890881
-0.09560 6.46624923 1.79102140
-0.09459 6.52528394 1.78244745
-0.09359 6.58865523 1.77308686
-0.09259 6.65686866 1.76281803
-0.09159 6.73051544 1.75149153
-0.09059 6.81029193 1.73892144
-0.08959 6.89702483 1.72487302
-0.08859 6.99170389 1.70904517
-0.08759 7.09552516 1.69104428
-0.08659 7.20994877 1.67034465
-0.08559 7.33677795 1.64622613
-0.08458 7.47827111 1.61767235
-0.08358 7.63731509 1.58319674
-0.08258 7.81775150 1.54053118
-0.08158 8.02527359 1.48604742
-0.08058 8.27142949 1.41374604
-0.07958 8.60109387 1.31523827
-0.07858 9.28128080 1.20333292
-0.07758 11.27325697 1.15352587
-0.07658 18.41304786 1.24483534
-0.07558 38.28024684 1.55122236
-0.07457 31.88338123 1.31289502
-0.07357 15.53337838 0.99687757
-0.07257 9.99742703 0.88951211
-0.07157 7.98139664 0.83805494
-0.07057 7.17905529 0.80012916
-0.06957 6.92185302 0.76228533
-0.06857 6.99981783 0.71693777
-0.06757 7.39712716 0.65589035
-0.06657 8.35387503 0.57063818
-0.06557 11.05786419 0.50399852
-0.06456 20.32277572 0.62121960
-0.06356 31.75207994 0.70317707
-0.06256 14.59844827 0.24949768
-0.06156 6.62407543 0.08993997
-0.06056 3.87037733 0.04236658
-0.05956 2.68595428 0.02393318
-0.05856 2.08353716 0.01523016
-0.05756 1.74251355 0.01052109
-0.05656 1.53686034 0.00771278
-0.05556 1.40943009 0.00591258
-0.05455 1.33145021 0.00469286
-0.05355 1.28729918 0.00382956
-0.05255 1.26805751 0.00319670
-0.05155 1.26851073 0.00271924
-0.05055 1.28565505 0.00235037
-0.04955 1.31791527 0.00205968
-0.04855 1.36472784 0.00182675
-0.04755 1.42632713 0.00163747
-0.04655 1.50365719 0.00148185
-0.04555 1.59837301 0.00135269
-0.04454 1.71291901 0.00124468
-0.04354 1.85068907 0.00115386
-0.04254 2.01628770 0.00107726
-0.04154 2.21593166 0.00101264
-0.04054 2.45806047 0.00095831
-0.03954 2.75427316 0.00091305
-0.03854 3.12079562 0.00087604
-0.03754 3.58084511 0.00084681
-0.03654 4.16857628 0.00082530
-0.03554 4.93594875 0.00081194
-0.03453 5.96529422 0.00080785
-0.03353 7.39374204 0.00081524
-0.03253 9.46430875 0.00083831
-0.03153 12.64292415 0.00088514
-0.03053 17.91903936 0.00097242
-0.02953 27.69978173 0.00113874
-0.02853 49.00771826 0.00148803
-0.02753 107.00851054 0.00234553
-0.02653 263.18336537 0.00413840
-0.02553 223.53450409 0.00260726
-0.02452 102.88653311 0.00094015
-0.02352 78.48268090 0.00052904
-0.02252 112.14197267 0.00043651
-0.02152 252.37574359 0.00047373
-0.02052 271.41213532 0.00044349
-0.01952 108.36574032 0.00034595
-0.01852 50.04959932 0.00031743
-0.01752 28.39071455 0.00030989
-0.01652 18.37027622 0.00030884
-0.01552 12.94275099 0.00031042
-0.01451 9.66648758 0.00031337
-0.01351 7.53027430 0.00031720
-0.01251 6.05564372 0.00032175
-0.01151 4.99229366 0.00032694
-0.01051 4.19872395 0.00033279
-0.00951 3.58987900 0.00033934
-0.00851 3.11203140 0.00034665
-0.00751 2.72982820 0.00035478
-0.00651 2.41919892 0.00036383
-0.00551 2.16327408 0.00037391
-0.00450 1.94993454 0.00038513
-0.00350 1.77028565 0.00039763
-0.00250 1.61767691 0.00041157
-0.00150 1.48705446 0.00042716
-0.00050 1.37452317 0.00044460
0.00050 1.27704394 0.00046418
0.00150 1.19222072 0.00048620
0.00250 1.11814817 0.00051106
0.00350 1.05330124 0.00053923
0.00450 0.99645432 0.00057127
0.00551 0.94662178 0.00060792
0.00651 0.90301428 0.00065005
0.00751 0.86500717 0.00069879
0.00851 0.83211860 0.00075561
0.00951 0.80399614 0.00082240
0.01051 0.78041138 0.00090165
0.01151 0.76126341 0.00099675
0.01251 0.74659333 0.00111237
0.01351 0.73661437 0.00125509
0.01451 0.73176658 0.00143454
0.01552 0.73281314 0.00166525
0.01652 0.74101350 0.00197024
0.01752 0.75844886 0.00238795
0.01852 0.78867923 0.00298761
0.01952 0.83820607 0.00390682
0.02052 0.92019382 0.00546027
0.02152 1.06579633 0.00853584
0.02252 1.36575958 0.01655143
0.02352 2.05619034 0.04486608
0.02452 3.02246647 0.10941888
0.02553 3.88582359 0.18831537
0.02653 4.89282761 0.28642140
0.02753 6.23025866 0.44519672
0.02853 7.19408770 0.62216204
0.02953 7.71483896 0.77060798
0.03053 7.99042985 0.89074604
0.03153 8.13231341 0.98935700
0.03253 8.19693068 1.07190272
0.03353 8.21453294 1.14223487
0.03453 8.20242312 1.20305403
0.03554 8.17106768 1.25629173
0.03654 8.12709441 1.30336441
0.03754 8.07485764 1.34533671
0.03854 8.01730305 1.38302702
0.03954 7.95646943 1.41707719
0.04054 7.89379255 1.44799959
0.04154 7.83029617 1.47620961
0.04254 7.76671602 1.50204860
0.04354 7.70358260 1.52580047
0.04454 7.64127779 1.54770382
0.04555 7.58007447 1.56796102
0.04655 7.52016469 1.58674520
0.04755 7.46168012 1.60420548
0.04855 7.40470698 1.62047121
0.04955 7.34929721 1.63565524
0.05055 7.29547676 1.64985655
0.05155 7.24325202 1.66316235
0.05255 7.19261453 1.67564987
0.05355 7.14354477 1.68738776
0.05455 7.09601500 1.69843725
0.05556 7.04999146 1.70885318
0.05656 7.00543612 1.71868477
0.05756 6.96230798 1.72797639
0.05856 6.92056416 1.73676811
0.05956 6.88016068 1.74509620
0.06056 6.84105311 1.75299361
0.06156 6.80319702 1.76049031
0.06256 6.76654840 1.76761363
0.06356 6.73106391 1.77438854
0.06456 6.69670112 1.78083791
0.06557 6.66341862 1.78698270
0.06657 6.63117618 1.79284218
0.06757 6.59993482 1.79843407
0.06857 6.56965682 1.80377473
0.06957 6.54030578 1.80887922
0.07057 6.51184663 1.81376150
0.07157 6.48424561 1.81843449
0.07257 6.45747026 1.82291013
0.07357 6.43148941 1.82719956
0.07457 6.40627311 1.83131308
0.07558 6.38179266 1.83526030
0.07658 6.35802053 1.83905017
0.07758 6.33493031 1.84269102
0.07858 6.31249672 1.84619066
0.07958 6.29069552 1.84955636
0.08058 6.26950349 1.85279491
0.08158 6.24889841 1.85591271
0.08258 6.22885896 1.85891571
0.08358 6.20936475 1.86180953
0.08458 6.19039625 1.86459942
0.08559 6.17193473 1.86729033
0.08659 6.15396226 1.86988690
0.08759 6.13646167 1.87239351
0.08859 6.11941649 1.87481428
0.08959 6.10281095 1.87715310
0.09059 6.08662993 1.87941362
0.09159 6.07085894 1.88159932
0.09259 6.05548409 1.88371344
0.09359 6.04049203 1.88575909
0.09459 6.02586999 1.88773919
0.09560 6.01160570 1.88965650
0.09660 5.99768740 1.89151363
0.09760 5.98410378 1.89331309
0.09860 5.97084400 1.89505721
0.09960 5.95789764 1.89674823
0.10060 5.94525470 1.89838827
0.10160 5.93290557 1.89997936
0.10260 5.92084101 1.90152340
0.10360 5.90905214 1.90302221
0.10460 5.89753043 1.90447753
0.10561 5.88626767 1.90589100
0.10661 5.87525596 1.90726421
0.10761 5.86448772 1.90859864
0.10861 5.85395561 1.90989573
0.10961 5.84365262 1.91115683
0.11061 5.83357196 1.91238325
0.11161 5.82370710 1.91357623
0.11261 5.81405176 1.91473695
0.11361 5.80459989 1.91586654
0.11461 5.79534563 1.91696609
0.11562 5.78628338 1.91803663
0.11662 5.77740769 1.91907915
0.11762 5.76871333 1.92009460
0.11862 5.76019526 1.92108390
0.11962 5.75184861 1.92204790
0.12062 5.74366866 1.92298745
0.12162 5.73565089 1.92390334
0.12262 5.72779091 1.92479634
0.12362 5.72008448 1.92566718
0.12462 5.71252752 1.92651658
0.12563 5.70511607 1.92734520
0.12663 5.69784632 1.92815369
0.12763 5.69071457 1.92894270
0.12863 5.68371726 1.92971280
0.12963 5.67685094 1.93046459
0.13063 5.67011226 1.93119862
0.13163 5.66349799 1.93191541
0.13263 5.65700502 1.93261550
0.13363 5.65063031 1.93329936
0.13463 5.64437095 1.93396748
0.13564 5.63822408 1.93462032
0.13664 5.63218697 1.93525831
0.13764 5.62625695 1.93588189
0.13864 5.62043145 1.93649147
0.13964 5.61470798 1.93708743
0.14064 5.60908410 1.93767018
0.14164 5.60355748 1.93824006
0.14264 5.59812584 1.93879744
0.14364 5.59278697 1.93934267
0.14464 5.58753873 1.93987606
0.14565 5.58237905 1.94039795
0.14665 5.57730592 1.94090865
0.14765 5.57231737 1.94140845
0.14865 5.56741152 1.94189763
0.14965 5.56258651 1.94237649
0.15065 5.55784056 1.94284529
0.15165 5.55317194 1.94330429
0.15265 5.54857895 1.94375375
0.15365 5.54405996 1.94419390
0.15465 5.53961337 1.94462500
0.15566 5.53523764 1.94504725
0.15666 5.53093126 1.94546090
0.15766 5.52669278 1.94586615
0.15866 5.52252076 1.94626321
0.15966 5.51841383 1.94665228
0.16066 5.51437064 1.94703357
0.16166 5.51038989 1.94740725
0.16266 5.50647029 1.94777351
0.16366 5.50261062 1.94813253
0.16466 5.49880967 1.94848449
0.16567 5.49506626 1.94882955
0.16667 5.49137925 1.94916787
0.16767 5.48774754 1.94949962
0.16867 5.48417004 1.94982494
0.16967 5.48064569 1.95014399
0.17067 5.47717347 1.95045691
0.17167 5.47375238 1.95076383
0.17267 5.47038144 1.95106491
0.17367 5.46705971 1.95136026
0.17467 5.46378625 1.95165002
0.17568 5.46056018 1.95193431
0.17668 5.45738059 1.95221326
0.17768 5.45424665 1.95248699
0.17868 5.45115751 1.95275560
0.17968 5.44811235 1.95301922
0.18068 5.44511039 1.95327794
0.18168 5.44215085 1.95353188
0.18268 5.43923296 1.95378114
0.18368 5.43635599 1.95402582
0.18468 5.43351923 1.95426602
0.18569 5.43072195 1.95450182
0.18669 5.42796349 1.95473334
0.18769 5.42524317 1.95496065
0.18869 5.42256032 1.95518385
0.18969 5.41991433 1.95540301
0.19069 5.41730455 1.95561823
0.19169 5.41473038 1.95582958
0.19269 5.41219123 1.95603714
0.19369 5.40968651 1.95624100
0.19469 5.40721565 1.95644122
0.19570 5.40477810 1.95663788
0.19670 5.40237332 1.95683105
0.19770 5.40000077 1.95702081
0.19870 5.39765993 1.95720721
0.19970 5.39535030 1.95739033
0.20070 5.39307139 1.95757023
0.20170 5.39082270 1.95774698
0.20270 5.38860376 1.95792063
0.20370 5.38641410 1.95809124
0.20470 5.38425328 1.95825889
0.20571 5.38212085 1.95842361
0.20671 5.38001638 1.95858548
0.20771 5.37793943 1.95874454
0.20871 5.37588960 1.95890084
0.20971 5.37386647 1.95905445
0.21071 5.37186965 1.95920541
0.21171 5.36989875 1.95935377
0.21271 5.36795338 1.95949958
0.21371 5.36603317 1.95964288
0.21471 5.36413775 1.95978373
0.21572 5.36226677 1.95992217
0.21672 5.36041987 1.96005825
0.21772 5.35859671 1.96019200
0.21872 5.35679695 1.96032348
0.21972 5.35502026 1.96045272
0.22072 5.35326632 1.96057976
0.22172 5.35153480 1.96070464
0.22272 5.34982541 1.96082741
0.22372 5.34813782 1.96094810
0.22472 5.34647175 1.96106675
0.22573 5.34482689 1.96118339
0.22673 5.34320297 1.96129806
0.22773 5.34159970 1.96141080
0.22873 5.34001680 1.96152164
0.22973 5.33845401 1.96163061
0.23073 5.33691105 1.96173775
0.23173 5.33538767 1.96184308
0.23273 5.33388361 1.96194665
0.23373 5.33239861 1.96204848
0.23473 5.33093244 1.96214860
0.23574 5.32948485 1.96224705
0.23674 5.32805560 1.96234384
0.23774 5.32664446 1.96243901
0.23874 5.32525120 1.96253260
0.23974 5.32387559 1.96262461
0.24074 5.32251742 1.96271509
0.24174 5.32117647 1.96280405
0.24274 5.31985253 1.96289153
0.24374 5.31854538 1.96297755
0.24474 5.31725482 1.96306213
0.24575 5.31598065 1.96314530
0.24675 5.31472268 1.96322708
0.24775 5.31348070 1.96330749
0.24875 5.31225453 1.96338657
0.24975 5.31104398 1.96346432
0.25075 5.30984886 1.96354078
0.25175 5.30866899 1.96361596
0.25275 5.30750420 1.96368989
0.25375 5.30635431 1.96376258
0.25475 5.30521914 1.96383407
0.25576 5.30409853 1.96390436
0.25676 5.30299231 1.96397347
0.25776 5.30190032 1.96404144
0.25876 5.30082239 1.96410827
0.25976 5.29975836 1.96417398
0.26076 5.29870809 1.96423859
0.26176 5.29767142 1.96430213
0.26276 5.29664819 1.96436460
0.26376 5.29563825 1.96442603
0.26476 5.29464147 1.96448643
0.26577 5.29365770 1.96454582
0.26677 5.29268679 1.96460422
0.26777 5.29172861 1.96466164
0.26877 5.29078302 1.96471810
0.26977 5.28984989 1.96477361
0.27077 5.28892907 1.96482819
0.27177 5.28802045 1.96488185
0.27277 5.28712389 1.96493461
0.27377 5.28623926 1.96498648
0.27477 5.28536645 1.96503749
0.27578 5.28450532 1.96508763
0.27678 5.28365576 1.96513693
0.27778 5.28281764 1.96518539
0.27878 5.28199086 1.96523304
0.27978 5.28117529 1.96527989
0.28078 5.28037081 1.96532594
0.28178 5.27957733 1.96537121
0.28278 5.27879471 1.96541572
0.28378 5.27802287 1.96545947
0.28478 5.27726168 1.96550248
0.28579 5.27651105 1.96554476
0.28679 5.27577087 1.96558632
0.28779 5.27504103 1.96562718
0.28879 5.27432143 1.96566733
0.28979 5.27361198 1.96570681
0.29079 5.27291257 1.96574560
0.29179 5.27222311 1.96578374
0.29279 5.27154350 1.96582122
0.29379 5.27087365 1.96585806
0.29479 5.27021346 1.96589427
0.29580 5.26956284 1.96592985
0.29680 5.26892170 1.96596482
0.29780 5.26828995 1.96599919
0.29880 5.26766750 1.96603297
0.29980 5.26705426 1.96606617
0.30080 5.26645015 1.96609879
0.30180 5.26585509 1.96613084
0.30280 5.26526899 1.96616234
0.30380 5.26469176 1.96619329
0.30480 5.26412333 1.96622370
0.30581 5.26356361 1.96625358
0.30681 5.26301252 1.96628294
0.30781 5.26247000 1.96631179
0.30881 5.26193595 1.96634014
0.30981 5.26141030 1.96636798
0.31081 5.26089298 1.96639534
0.31181 5.26038392 1.96642221
0.31281 5.25988303 1.96644861
0.31381 5.25939024 1.96647455
0.31481 5.25890550 1.96650003
0.31582 5.25842871 1.96652505
0.31682 5.25795982 1.96654963
0.31782 5.25749875 1.96657378
0.31882 5.25704544 1.96659749
0.31982 5.25659982 1.96662078
0.32082 5.25616182 1.96664366
0.32182 5.25573137 1.96666612
0.32282 5.25530842 1.96668818
0.32382 5.25489289 1.96670985
0.32482 5.25448473 1.96673112
0.32583 5.25408387 1.96675201
0.32683 5.25369025 1.96677253
0.32783 5.25330380 1.96679267
0.32883 5.25292448 1.96681244
0.32983 5.25255221 1.96683186
0.33083 5.25218694 1.96685092
0.33183 5.25182862 1.96686964
0.33283 5.25147718 1.96688801
0.33383 5.25113256 1.96690604
0.33483 5.25079472 1.96692375
0.33584 5.25046359 1.96694112
0.33684 5.25013912 1.96695818
0.33784 5.24982126 1.96697492
0.33884 5.24950995 1.96699135
0.33984 5.24920514 1.96700747
0.34084 5.24890678 1.96702330
0.34184 5.24861482 1.96703882
0.34284 5.24832920 1.96705406
0.34384 5.24804988 1.96706901
0.34484 5.24777680 1.96708368
0.34585 5.24750991 1.96709808
0.34685 5.24724918 1.96711220
0.34785 5.24699454 1.96712606
0.34885 5.24674595 1.96713965
0.34985 5.24650337 1.96715298
0.35085 5.24626675 1.96716606
0.35185 5.24603604 1.96717889
0.35285 5.24581119 1.96719147
0.35385 5.24559217 1.96720381
0.35485 5.24537893 1.96721592
0.35586 5.24517142 1.96722778
0.35686 5.24496960 1.96723942
0.35786 5.24477343 1.96725084
0.35886 5.24458287 1.96726203
0.35986 5.24439787 1.96727300
0.36086 5.24421839 1.96728376
0.36186 5.24404440 1.96729430
0.36286 5.24387585 1.96730464
0.36386 5.24371270 1.96731478
0.36486 5.24355492 1.96732471
0.36587 5.24340246 1.96733445
0.36687 5.24325529 1.96734399
0.36787 5.24311336 1.96735334
0.36887 5.24297665 1.96736250
0.36987 5.24284512 1.96737148
0.37087 5.24271872 1.96738028
0.37187 5.24259742 1.96738890
0.37287 5.24248120 1.96739735
0.37387 5.24237000 1.96740563
0.37487 5.24226380 1.96741373
0.37588 5.24216257 1.96742167
0.37688 5.24206626 1.96742945
0.37788 5.24197485 1.96743706
0.37888 5.24188831 1.96744452
0.37988 5.24180659 1.96745183
0.38088 5.24172968 1.96745898
0.38188 5.24165753 1.96746598
0.38288 5.24159012 1.96747284
0.38388 5.24152741 1.96747955
0.38488 5.24146938 1.96748612
0.38589 5.24141600 1.96749255
0.38689 5.24136723 1.96749884
0.38789 5.24132305 1.96750500
0.38889 5.24128342 1.96751103
0.38989 5.24124833 1.96751693
0.39089 5.24121774 1.96752270
0.39189 5.24119163 1.96752834
0.39289 5.24116996 1.96753386
0.39389 5.24115272 1.96753926
0.39489 5.24113987 1.96754455
0.39590 5.24113139 1.96754971
0.39690 5.24112725 1.96755476
0.39790 5.24112744 1.96755970
0.39890 5.24113192 1.96756453
0.39990 5.24114067 1.96756925
0.40090 5.24115366 1.96757386
0.40190 5.24117088 1.96757837
0.40290 5.24119230 1.96758277
0.40390 5.24121790 1.96758708
0.40490 5.24124765 1.96759128
0.40591 5.24128154 1.96759539
0.40691 5.24131954 1.96759940
0.40791 5.24136163 1.96760332
0.40891 5.24140779 1.96760714
0.40991 5.24145800 1.96761088
0.41091 5.24151224 1.96761452
0.41191 5.24157049 1.96761808
0.41291 5.24163273 1.96762155
0.41391 5.24169895 1.96762494
0.41491 5.24176912 1.96762824
0.41592 5.24184323 1.96763146
0.41692 5.24192125 1.96763460
0.41792 5.24200318 1.96763766
0.41892 5.24208900 1.96764065
0.41992 5.24217868 1.96764356
0.42092 5.24227222 1.96764639
0.42192 5.24236959 1.96764915
0.42292 5.24247078 1.96765184
0.42392 5.24257579 1.96765446
0.42492 5.24268458 1.96765701
0.42593 5.24279716 1.96765949
0.42693 5.24291350 1.96766190
0.42793 5.24303359 1.96766425
0.42893 5.24315742 1.96766653
0.42993 5.24328497 1.96766874
0.43093 5.24341624 1.96767090
0.43193 5.24355122 1.96767299
0.43293 5.24368988 1.96767502
0.43393 5.24383223 1.96767699
0.43493 5.24397825 1.96767890
0.43594 5.24412792 1.96768076
0.43694 5.24428125 1.96768255
0.43794 5.24443822 1.96768429
0.43894 5.24459882 1.96768598
0.43994 5.24476305 1.96768761
0.44094 5.24493089 1.96768919
0.44194 5.24510234 1.96769071
0.44294 5.24527739 1.96769219
0.44394 5.24545603 1.96769361
0.44494 5.24563827 1.96769498
0.44595 5.24582408 1.96769630
0.44695 5.24601347 1.96769758
0.44795 5.24620644 1.96769880
0.44895 5.24640297 1.96769998
0.44995 5.24660306 1.96770111
0.45095 5.24680671 1.96770219
0.45195 5.24701392 1.96770323
0.45295 5.24722468 1.96770423
0.45395 5.24743899 1.96770518
0.45495 5.24765685 1.96770608
0.45596 5.24787825 1.96770695
0.45696 5.24810320 1.96770777
0.45796 5.24833169 1.96770854
0.45896 5.24856373 1.96770928
0.45996 5.24879931 1.96770998
0.46096 5.24903844 1.96771063
0.46196 5.24928112 1.96771124
0.46296 5.24952734 1.96771182
0.46396 5.24977711 1.96771235
0.46496 5.25003043 1.96771285
0.46597 5.25028731 1.96771331
0.46697 5.25054775 1.96771372
0.46797 5.25081176 1.96771411
0.46897 5.25107932 1.96771445
0.46997 5.25135047 1.96771475
0.47097 5.25162519 1.96771502
0.47197 5.25190349 1.96771526
0.47297 5.25218539 1.96771545
0.47397 5.25247088 1.96771561
0.47497 5.25275997 1.96771574
0.47598 5.25305268 1.96771582
0.47698 5.25334902 1.96771588
0.47798 5.25364898 1.96771590
0.47898 5.25395258 1.96771588
0.47998 5.25425984 1.96771583
0.48098 5.25457075 1.96771574
0.48198 5.25488534 1.96771562
0.48298 5.25520361 1.96771546
0.48398 5.25552559 1.96771527
0.48498 5.25585127 1.96771505
0.48599 5.25618067 1.96771479
0.48699 5.25651381 1.96771450
0.48799 5.25685071 1.96771417
0.48899 5.25719137 1.96771381
0.48999 5.25753582 1.96771342
0.49099 5.25788407 1.96771299
0.49199 5.25823614 1.96771253
0.49299 5.25859204 1.96771204
0.49399 5.25895180 1.96771151
0.49499 5.25931543 1.96771094
0.49600 5.25968296 1.96771035
0.49700 5.26005440 1.96770972
0.49800 5.26042977 1.96770905
0.49900 5.26080911 1.96770836
0.50000 5.26119242 1.96770763
