-1.50000 18.432222876105 3.930256328362
-1.49700 18.442363350861 3.930117332181
-1.49399 18.453399646583 3.929976221366
-1.49099 18.465298357540 3.929832988353
-1.48799 18.478031093343 3.929687624399
-1.48498 18.491573880609 3.929540119545
-1.48198 18.505906656434 3.929390462544
-1.47898 18.521012837707 3.929238640731
-1.47598 18.536878954624 3.929084639874
-1.47297 18.553494338094 3.928928443984
-1.46997 18.570850852871 3.928770035094
-1.46697 18.588942669683 3.928609393017
-1.46396 18.607766070682 3.928446495064
-1.46096 18.627319283652 3.928281315739
-1.45796 18.647602341100 3.928113826403
-1.45495 18.668616961073 3.927943994897
-1.45195 18.690366446765 3.927771785139
-1.44895 18.712855603593 3.927597156681
-1.44595 18.736090670377 3.927420064222
-1.44294 18.760079264697 3.927240457082
-1.43994 18.784830340182 3.927058278629
-1.43694 18.810354155095 3.926873465655
-1.43393 18.836662251288 3.926685947693
-1.43093 18.863767443019 3.926495646282
-1.42793 18.891683814890 3.926302474158
-1.42492 18.920426728971 3.926106334385
-1.42192 18.950012840448 3.925907119394
-1.41892 18.980460122115 3.925704709949
-1.41592 19.011787897387 3.925498974012
-1.41291 19.044016882208 3.925289765512
-1.40991 19.077169236011 3.925076922995
-1.40691 19.111268622011 3.924860268150
-1.40390 19.146340277543 3.924639604202
-1.40090 19.182411094637 3.924414714149
-1.39790 19.219509711930 3.924185358834
-1.39489 19.257666618548 3.923951274830
-1.39189 19.296914271020 3.923712172116
-1.38889 19.337287224394 3.923467731524
-1.38589 19.378822278881 3.923217601934
-1.38288 19.421558643657 3.922961397173
-1.37988 19.465538119519 3.922698692604
-1.37688 19.510805302600 3.922429021350
-1.37387 19.557407811390 3.922151870113
-1.37087 19.605396539904 3.921866674545
-1.36787 19.654825940114 3.921572814105
-1.36486 19.705754337244 3.921269606332
-1.36186 19.758244282223 3.920956300466
-1.35886 19.812362946040 3.920632070329
-1.35586 19.868182561652 3.920296006348
-1.35285 19.925780920061 3.919947106614
-1.34985 19.985241927953 3.919584266834
-1.34685 20.046656236109 3.919206269005
-1.34384 20.110121948552 3.918811768632
-1.34084 20.175745425108 3.918399280241
-1.33784 20.243642191316 3.917967160940
-1.33483 20.313937973142 3.917513591701
-1.33183 20.386769876181 3.917036555981
-1.32883 20.462287734250 3.916533815231
-1.32583 20.540655655274 3.916002880754
-1.32282 20.622053799422 3.915440981244
-1.31982 20.706680431897 3.914845025215
-1.31682 20.794754300029 3.914211557356
-1.31381 20.886517397431 3.913536707600
-1.31081 20.982238190228 3.912816131480
-1.30781 21.082215399652 3.912044939917
-1.30480 21.186782455164 3.911217616213
-1.30180 21.296312764863 3.910327917397
-1.29880 21.411225982187 3.909368756349
-1.29580 21.531995499812 3.908332060152
-1.29279 21.659157462646 3.907208598820
-1.28979 21.793321675727 3.905987776867
-1.28679 21.935184893573 3.904657377855
-1.28378 22.085547128273 3.903203248960
-1.28078 22.245331818183 3.901608908291
-1.27778 22.415610979197 3.899855051732
-1.27477 22.597636859798 3.897918927717
-1.27177 22.792882175040 3.895773536287
-1.26877 23.003091803943 3.893386591450
-1.26577 23.230350009802 3.890719160116
-1.26276 23.477168997322 3.887723852378
-1.25976 23.746607286376 3.884342378575
-1.25676 24.042430522412 3.880502195960
-1.25375 24.369333937490 3.876111818223
-1.25075 24.733256472294 3.871054114285
-1.24775 25.141834802615 3.865176500924
-1.24474 25.605077439183 3.858276187198
-1.24174 26.136397308179 3.850077250947
-1.23874 26.754252704587 3.840193659761
-1.23574 27.484872439003 3.828066879517
-1.23273 28.367031462448 3.812854708107
-1.22973 29.461002449697 3.793219314614
-1.22673 30.866862026346 3.766886433768
-1.22372 32.766620069790 3.729616010579
-1.22072 35.539350411085 3.672369824882
-1.21772 40.178723406917 3.571253362739
-1.21471 51.106354275025 3.331764313331
-1.21171 139.395450860603 3.035646052028
-1.20871 33.837066569810 2.027288603585
-1.20571 17.783274249457 1.976981201279
-1.20270 14.723842164753 1.971201068708
-1.19970 13.618003208686 1.969749827061
-1.19670 13.086555772189 1.969232571829
-1.19369 12.786393219296 1.969007357369
-1.19069 12.598198781735 1.968895730333
-1.18769 12.471225664400 1.968835178643
-1.18468 12.380756405433 1.968800105990
-1.18168 12.313512534708 1.968778775893
-1.17868 12.261810721853 1.968765322677
-1.17568 12.220938139968 1.968756608573
-1.17267 12.187864749608 1.968750859954
-1.16967 12.160565402569 1.968747027426
-1.16667 12.137641833464 1.968744465698
-1.16366 12.118101519739 1.968742764649
-1.16066 12.101222950687 1.968741656046
-1.15766 12.086470631192 1.968740959975
-1.15465 12.073439815185 1.968740553038
-1.15165 12.061819605317 1.968740348881
-1.14865 12.051367731793 1.968740285971
-1.14565 12.041892950835 1.968740319727
-1.14264 12.033242529394 1.968740417357
-1.13964 12.025293195252 1.968740554398
-1.13664 12.017944492507 1.968740712364
-1.13363 12.011113834959 1.968740877110
-1.13063 12.004732776512 1.968741037696
-1.12763 11.998744166237 1.968741185568
-1.12462 11.993099954891 1.968741313972
-1.12162 11.987759486866 1.968741417531
-1.11862 11.982688157890 1.968741491929
-1.11562 11.977856351057 1.968741533679
-1.11261 11.973238586904 1.968741539946
-1.10961 11.968812839142 1.968741508419
-1.10661 11.964559980221 1.968741437207
-1.10360 11.960463329014 1.968741324761
-1.10060 11.956508279211 1.968741169819
-1.09760 11.952681993087 1.968740971354
-1.09459 11.948973146825 1.968740728543
-1.09159 11.945371718217 1.968740440732
-1.08859 11.941868808639 1.968740107419
-1.08559 11.938456493093 1.968739728233
-1.08258 11.935127693253 1.968739302917
-1.07958 11.931876069748 1.968738831323
-1.07658 11.928695930127 1.968738313395
-1.07357 11.925582150188 1.968737749164
-1.07057 11.922530106235 1.968737138742
-1.06757 11.919535616814 1.968736482316
-1.06456 11.916594892183 1.968735780142
-1.06156 11.913704490514 1.968735032542
-1.05856 11.910861279739 1.968734239901
-1.05556 11.908062404277 1.968733402662
-1.05255 11.905305255846 1.968732521325
-1.04955 11.902587447903 1.968731596442
-1.04655 11.899906793043 1.968730628617
-1.04354 11.897261283220 1.968729618503
-1.04054 11.894649072085 1.968728566800
-1.03754 11.892068459430 1.968727474251
-1.03453 11.889517877339 1.968726341643
-1.03153 11.886995877837 1.968725169802
-1.02853 11.884501121920 1.968723959593
-1.02553 11.882032369665 1.968722711917
-1.02252 11.879588471485 1.968721427710
-1.01952 11.877168360144 1.968720107940
-1.01652 11.874771043713 1.968718753605
-1.01351 11.872395599117 1.968717365732
-1.01051 11.870041166384 1.968715945371
-1.00751 11.867706943405 1.968714493601
-1.00450 11.865392181206 1.968713011518
-1.00150 11.863096179683 1.968711500240
-0.99850 11.860818283704 1.968709960902
-0.99550 11.858557879545 1.968708394652
-0.99249 11.856314391715 1.968706802652
-0.98949 11.854087279996 1.968705186076
-0.98649 11.851876036740 1.968703546104
-0.98348 11.849680184487 1.968701883920
-0.98048 11.847499273647 1.968700200715
-0.97748 11.845332880529 1.968698497677
-0.97447 11.843180605369 1.968696775995
-0.97147 11.841042070676 1.968695036852
-0.96847 11.838916919610 1.968693281425
-0.96547 11.836804814552 1.968691510881
-0.96246 11.834705435702 1.968689726377
-0.95946 11.832618479946 1.968687929055
-0.95646 11.830543659600 1.968686120039
-0.95345 11.828480701373 1.968684300437
-0.95045 11.826429345499 1.968682471333
-0.94745 11.824389344882 1.968680633787
-0.94444 11.822360463583 1.968678788835
-0.94144 11.820342477777 1.968676937482
-0.93844 11.818335172638 1.968675080704
-0.93544 11.816338343669 1.968673219441
-0.93243 11.814351795111 1.968671354599
-0.92943 11.812375339757 1.968669487048
-0.92643 11.810408798225 1.968667617614
-0.92342 11.808451998574 1.968665747085
-0.92042 11.806504775898 1.968663876201
-0.91742 11.804566971762 1.968662005659
-0.91441 11.802638433991 1.968660136108
-0.91141 11.800719016200 1.968658268143
-0.90841 11.798808577524 1.968656402313
-0.90541 11.796906982265 1.968654539109
-0.90240 11.795014099670 1.968652678969
-0.89940 11.793129803639 1.968650822275
-0.89640 11.791253972479 1.968648969349
-0.89339 11.789386488709 1.968647120456
-0.89039 11.787527238833 1.968645275799
-0.88739 11.785676113156 1.968643435519
-0.88438 11.783833005647 1.968641599695
-0.88138 11.781997813705 1.968639768342
-0.87838 11.780170438107 1.968637941410
-0.87538 11.778350782806 1.968636118784
-0.87237 11.776538754832 1.968634300283
-0.86937 11.774734264192 1.968632485658
-0.86637 11.772937223754 1.968630674597
-0.86336 11.771147549157 1.968628866717
-0.86036 11.769365158737 1.968627061569
-0.85736 11.767589973461 1.968625258637
-0.85435 11.765821916824 1.968623457339
-0.85135 11.764060914834 1.968621657022
-0.84835 11.762306895915 1.968619856972
-0.84535 11.760559790904 1.968618056404
-0.84234 11.758819532963 1.968616254470
-0.83934 11.757086057587 1.968614450256
-0.83634 11.755359302541 1.968612642786
-0.83333 11.753639207849 1.968610831019
-0.83033 11.751925715756 1.968609013852
-0.82733 11.750218770717 1.968607190123
-0.82432 11.748518319386 1.968605358611
-0.82132 11.746824310586 1.968603518036
-0.81832 11.745136695336 1.968601667061
-0.81532 11.743455426791 1.968599804296
-0.81231 11.741780460257 1.968597928300
-0.80931 11.740111753230 1.968596037579
-0.80631 11.738449265298 1.968594130590
-0.80330 11.736792958258 1.968592205747
-0.80030 11.735142796033 1.968590261417
-0.79730 11.733498744684 1.968588295927
-0.79429 11.731860772449 1.968586307564
-0.79129 11.730228849711 1.968584294579
-0.78829 11.728602949026 1.968582255191
-0.78529 11.726983045122 1.968580187584
-0.78228 11.725369114889 1.968578089919
-0.77928 11.723761137367 1.968575960328
-0.77628 11.722159093830 1.968573796923
-0.77327 11.720562967718 1.968571597797
-0.77027 11.718972744648 1.968569361027
-0.76727 11.717388412448 1.968567084677
-0.76426 11.715809961123 1.968564766803
-0.76126 11.714237382902 1.968562405456
-0.75826 11.712670672190 1.968559998682
-0.75526 11.711109825599 1.968557544532
-0.75225 11.709554841999 1.968555041058
-0.74925 11.708005722365 1.968552486323
-0.74625 11.706462469943 1.968549878399
-0.74324 11.704925090149 1.968547215377
-0.74024 11.703393590601 1.968544495364
-0.73724 11.701867981109 1.968541716490
-0.73423 11.700348273660 1.968538876913
-0.73123 11.698834482418 1.968535974817
-0.72823 11.697326623720 1.968533008423
-0.72523 11.695824716056 1.968529975987
-0.72222 11.694328780074 1.968526875804
-0.71922 11.692838838556 1.968523706214
-0.71622 11.691354916390 1.968520465605
-0.71321 11.689877040605 1.968517152414
-0.71021 11.688405240327 1.968513765131
-0.70721 11.686939546715 1.968510302305
-0.70420 11.685479993075 1.968506762543
-0.70120 11.684026614695 1.968503144517
-0.69820 11.682579448934 1.968499446963
-0.69520 11.681138535133 1.968495668687
-0.69219 11.679703914649 1.968491808567
-0.68919 11.678275630809 1.968487865556
-0.68619 11.676853728888 1.968483838681
-0.68318 11.675438256102 1.968479727052
-0.68018 11.674029261591 1.968475529859
-0.67718 11.672626796358 1.968471246374
-0.67417 11.671230913311 1.968466875958
-0.67117 11.669841667193 1.968462418058
-0.66817 11.668459114580 1.968457872209
-0.66517 11.667083313872 1.968453238040
-0.66216 11.665714325247 1.968448515268
-0.65916 11.664352210688 1.968443703708
-0.65616 11.662997033851 1.968438803265
-0.65315 11.661648860259 1.968433813943
-0.65015 11.660307757042 1.968428735839
-0.64715 11.658973793113 1.968423569147
-0.64414 11.657647039056 1.968418314159
-0.64114 11.656327567100 1.968412971261
-0.63814 11.655015451229 1.968407540937
-0.63514 11.653710767004 1.968402023766
-0.63213 11.652413591733 1.968396420423
-0.62913 11.651124004269 1.968390731677
-0.62613 11.649842085233 1.968384958391
-0.62312 11.648567916762 1.968379101520
-0.62012 11.647301582831 1.968373162109
-0.61712 11.646043168884 1.968367141292
-0.61411 11.644792762162 1.968361040291
-0.61111 11.643550451604 1.968354860412
-0.60811 11.642316327668 1.968348603043
-0.60511 11.641090482649 1.968342269654
-0.60210 11.639873010731 1.968335861788
-0.59910 11.638664007587 1.968329381065
-0.59610 11.637463570758 1.968322829174
-0.59309 11.636271799670 1.968316207871
-0.59009 11.635088795775 1.968309518976
-0.58709 11.633914661957 1.968302764366
-0.58408 11.632749503618 1.968295945975
-0.58108 11.631593427554 1.968289065786
-0.57808 11.630446543431 1.968282125827
-0.57508 11.629308962310 1.968275128169
-0.57207 11.628180797634 1.968268074917
-0.56907 11.627062165231 1.968260968206
-0.56607 11.625953183275 1.968253810197
-0.56306 11.624853972248 1.968246603069
-0.56006 11.623764655133 1.968239349014
-0.55706 11.622685357660 1.968232050232
-0.55405 11.621616208113 1.968224708924
-0.55105 11.620557337625 1.968217327284
-0.54805 11.619508880293 1.968209907494
-0.54505 11.618470973218 1.968202451718
-0.54204 11.617443756621 1.968194962092
-0.53904 11.616427374120 1.968187440720
-0.53604 11.615421972651 1.968179889667
-0.53303 11.614427702817 1.968172310947
-0.53003 11.613444718849 1.968164706522
-0.52703 11.612473178952 1.968157078289
-0.52402 11.611513245335 1.968149428075
-0.52102 11.610565084413 1.968141757629
-0.51802 11.609628867022 1.968134068615
-0.51502 11.608704768623 1.968126362599
-0.51201 11.607792969311 1.968118641048
-0.50901 11.606893654329 1.968110905319
-0.50601 11.606007013983 1.968103156648
-0.50300 11.605133244072 1.968095396146
-0.50000 11.604272545948 1.968087624788
-0.49700 11.603425126877 1.968079843408
-0.49399 11.602591200165 1.968072052686
-0.49099 11.601770985511 1.968064253144
-0.48799 11.600964709191 1.968056445136
-0.48498 11.600172604350 1.968048628840
-0.48198 11.599394911265 1.968040804249
-0.47898 11.598631877687 1.968032971165
-0.47598 11.597883758967 1.968025129187
-0.47297 11.597150818549 1.968017277710
-0.46997 11.596433328164 1.968009415908
-0.46697 11.595731568194 1.968001542734
-0.46396 11.595045827942 1.967993656907
-0.46096 11.594376406052 1.967985756909
-0.45796 11.593723610770 1.967977840971
-0.45495 11.593087760382 1.967969907074
-0.45195 11.592469183511 1.967961952933
-0.44895 11.591868219531 1.967953975996
-0.44595 11.591285218946 1.967945973436
-0.44294 11.590720543815 1.967937942141
-0.43994 11.590174568111 1.967929878710
-0.43694 11.589647678198 1.967921779446
-0.43393 11.589140273242 1.967913640352
-0.43093 11.588652765667 1.967905457117
-0.42793 11.588185581624 1.967897225121
-0.42492 11.587739161461 1.967888939420
-0.42192 11.587313960220 1.967880594744
-0.41892 11.586910448156 1.967872185494
-0.41592 11.586529111227 1.967863705733
-0.41291 11.586170451710 1.967855149180
-0.40991 11.585834988661 1.967846509211
-0.40691 11.585523258586 1.967837778849
-0.40390 11.585235816000 1.967828950760
-0.40090 11.584973234036 1.967820017253
-0.39790 11.584736105096 1.967810970270
-0.39489 11.584525041539 1.967801801387
-0.39189 11.584340676363 1.967792501808
-0.38889 11.584183663891 1.967783062360
-0.38589 11.584054680522 1.967773473495
-0.38288 11.583954425563 1.967763725279
-0.37988 11.583883621989 1.967753807396
-0.37688 11.583843017282 1.967743709141
-0.37387 11.583833384210 1.967733419419
-0.37087 11.583855521968 1.967722926739
-0.36787 11.583910256896 1.967712219218
-0.36486 11.583998443604 1.967701284571
-0.36186 11.584120965950 1.967690110113
-0.35886 11.584278738169 1.967678682753
-0.35586 11.584472705917 1.967666988995
-0.35285 11.584703847600 1.967655014936
-0.34985 11.584973175489 1.967642746256
-0.34685 11.585281737099 1.967630168225
-0.34384 11.585630616546 1.967617265692
-0.34084 11.586020936006 1.967604023088
-0.33784 11.586453857158 1.967590424417
-0.33483 11.586930582969 1.967576453258
-0.33183 11.587452359159 1.967562092756
-0.32883 11.588020476071 1.967547325622
-0.32583 11.588636270711 1.967532134124
-0.32282 11.589301128444 1.967516500085
-0.31982 11.590016484673 1.967500404877
-0.31682 11.590783828933 1.967483829413
-0.31381 11.591604704685 1.967466754141
-0.31081 11.592480713341 1.967449159035
-0.30781 11.593413517602 1.967431023587
-0.30480 11.594404840592 1.967412326799
-0.30180 11.595456474281 1.967393047168
-0.29880 11.596570278209 1.967373162680
-0.29580 11.597748184850 1.967352650789
-0.29279 11.598992202322 1.967331488411
-0.28979 11.600304419319 1.967309651899
-0.28679 11.601687007510 1.967287117034
-0.28378 11.603142226961 1.967263858998
-0.28078 11.604672430526 1.967239852356
-0.27778 11.606280068440 1.967215071030
-0.27477 11.607967693724 1.967189488276
-0.27177 11.609737967571 1.967163076652
-0.26877 11.611593665417 1.967135807986
-0.26577 11.613537683170 1.967107653343
-0.26276 11.615573044052 1.967078582986
-0.25976 11.617702905859 1.967048566335
-0.25676 11.619930568541 1.967017571920
-0.25375 11.622259483170 1.966985567330
-0.25075 11.624693259290 1.966952519160
-0.24775 11.627235677107 1.966918392951
-0.24474 11.629890695238 1.966883153125
-0.24174 11.632662463174 1.966846762911
-0.23874 11.635555332895 1.966809184269
-0.23574 11.638573871541 1.966770377805
-0.23273 11.641722875446 1.966730302677
-0.22973 11.645007384869 1.966688916494
-0.22673 11.648432700162 1.966646175205
-0.22372 11.652004399069 1.966602032977
-0.22072 11.655728355460 1.966556442066
-0.21772 11.659610759676 1.966509352670
-0.21471 11.663658140459 1.966460712772
-0.21171 11.667877388769 1.966410467969
-0.20871 11.672275783604 1.966358561283
-0.20571 11.676861019941 1.966304932954
-0.20270 11.681641239308 1.966249520218
-0.19970 11.686625063091 1.966192257056
-0.19670 11.691821628067 1.966133073931
-0.19369 11.697240626370 1.966071897483
-0.19069 11.702892348153 1.966008650210
-0.18769 11.708787728649 1.965943250110
-0.18468 11.714938399412 1.965875610288
-0.18168 11.721356744738 1.965805638523
-0.17868 11.728055963354 1.965733236795
-0.17568 11.735050136239 1.965658300758
-0.17267 11.742354301260 1.965580719162
-0.16967 11.749984535336 1.965500373211
-0.16667 11.757958045176 1.965417135857
-0.16366 11.766293267450 1.965330871008
-0.16066 11.775009979670 1.965241432657
-0.15766 11.784129423277 1.965148663914
-0.15465 11.793674440078 1.965052395916
-0.15165 11.803669624255 1.964952446625
-0.14865 11.814141491746 1.964848619469
-0.14565 11.825118669402 1.964740701834
-0.14264 11.836632106730 1.964628463358
-0.13964 11.848715313336 1.964511654020
-0.13664 11.861404625865 1.964390001976
-0.13363 11.874739508698 1.964263211121
-0.13063 11.888762893590 1.964130958318
-0.12763 11.903521564162 1.963992890256
-0.12462 11.919066592414 1.963848619859
-0.12162 11.935453835573 1.963697722193
-0.11862 11.952744503310 1.963539729765
-0.11562 11.971005807230 1.963374127119
-0.11261 11.990311706894 1.963200344597
-0.10961 12.010743769685 1.963017751116
-0.10661 12.032392165182 1.962825645768
-0.10360 12.055356819595 1.962623248015
-0.10060 12.079748760933 1.962409686196
-0.09760 12.105691693264 1.962183983996
-0.09459 12.133323846657 1.961945044437
-0.09159 12.162800161551 1.961691630849
-0.08859 12.194294880330 1.961422344117
-0.08559 12.228004638234 1.961135595343
-0.08258 12.264152170251 1.960829572769
-0.07958 12.302990782874 1.960502201531
-0.07658 12.344809783207 1.960151094313
-0.07357 12.389941114789 1.959773490417
-0.07057 12.438767527849 1.959366179911
-0.06757 12.491732718161 1.958925408371
-0.06456 12.549354016032 1.958446756126
-0.06156 12.612238413845 1.957924983591
-0.05856 12.681103014046 1.957353830934
-0.05556 12.756801404680 1.956725755414
-0.05255 12.840358089941 1.956031582234
-0.04955 12.933014035754 1.955260033507
-0.04655 13.036287805171 1.954397082075
-0.04354 13.152058968339 1.953425048391
-0.04054 13.282683997941 1.952321311532
-0.03754 13.431160649295 1.951056425169
-0.03453 13.601366624118 1.949591287744
-0.03153 13.798415503071 1.947872756173
-0.02853 14.029204311968 1.945826592315
-0.02553 14.303287133479 1.943345615505
-0.02252 14.634330569477 1.940268732887
-0.01952 15.042668899374 1.936341361125
-0.01652 15.560089240665 1.931134446212
-0.01351 16.239556948658 1.923860488992
-0.01051 17.177213009881 1.912891982925
-0.00751 18.569915856233 1.894215666248
-0.00450 20.899875408985 1.854566484356
-0.00150 25.667379017283 1.714466555716
0.00150 23.024663924753 0.521287919687
0.00450 8.760276077460 0.028889979233
0.00751 7.218649501697 0.007394535761
0.01051 6.778018674949 0.003222095039
0.01351 6.581361070390 0.001773865087
0.01652 6.472974225608 0.001115406226
0.01952 6.405284826193 0.000764660832
0.02252 6.359333848725 0.000557194080
0.02553 6.326210756509 0.000424970957
0.02853 6.301224527590 0.000335860678
0.03153 6.281691272491 0.000273145249
0.03453 6.265974362881 0.000227455647
0.03754 6.253024149277 0.000193223160
0.04054 6.242139340083 0.000166975811
0.04354 6.232835296692 0.000146461423
0.04655 6.224767498436 0.000130169547
0.04955 6.217685107904 0.000117058022
0.05255 6.211401748714 0.000106390053
0.05556 6.205776527126 0.000097633674
0.05856 6.200701367077 0.000090397777
0.06156 6.196092355295 0.000084390321
0.06456 6.191883703465 0.000079390361
0.06757 6.188023460408 0.000075228966
0.07057 6.184470420221 0.000071775937
0.07357 6.181191865124 0.000068930447
0.07658 6.178161902490 0.000066614348
0.07958 6.175360233088 0.000064767346
0.08258 6.172771239384 0.000063343523
0.08559 6.170383316675 0.000062308820
0.08859 6.168188394121 0.000061639268
0.09159 6.166181609341 0.000061319789
0.09459 6.164361113063 0.000061343454
0.09760 6.162727989824 0.000061711168
0.10060 6.161286289472 0.000062431711
0.10360 6.160043169928 0.000063522184
0.10661 6.159009164475 0.000065008865
0.10961 6.158198587520 0.000066928560
0.11261 6.157630111477 0.000069330579
0.11562 6.157327558522 0.000072279507
0.11862 6.157320969906 0.000075859053
0.12162 6.157648046334 0.000080177386
0.12462 6.158356092164 0.000085374574
0.12763 6.159504661293 0.000091633044
0.13063 6.161169194057 0.000099192504
0.13363 6.163446089261 0.000108371570
0.13664 6.166459890403 0.000119599699
0.13964 6.170373676428 0.000133465403
0.14264 6.175404381980 0.000150790835
0.14565 6.181846022982 0.000172750504
0.14865 6.190105876254 0.000201066433
0.15165 6.200762796794 0.000238341225
0.15465 6.214664959545 0.000288651897
0.15766 6.233101460865 0.000358664868
0.16066 6.258120892521 0.000459864064
0.16366 6.293164749780 0.000613357517
0.16667 6.344440493988 0.000861297944
0.16967 6.424253119541 0.001297670099
0.17267 6.560436463535 0.002167008122
0.17568 6.829846131779 0.004273736125
0.17868 7.531795948829 0.011605640720
0.18168 11.188129105563 0.076195037079
0.18468 29.216977073455 1.231383701647
0.18769 23.443030451064 1.770889923025
0.19069 20.077894850691 1.857868015853
0.19369 18.219475689944 1.890902074796
0.19670 17.026984538314 1.908340574801
0.19970 16.188760395280 1.919187587052
0.20270 15.563424512243 1.926625824899
0.20571 15.077033875593 1.932065581329
0.20871 14.686866253068 1.936229074710
0.21171 14.366369948180 1.939525437833
0.21471 14.098099252539 1.942204366436
0.21772 13.870078493824 1.944427228087
0.22072 13.673791192586 1.946303145128
0.22372 13.503001949373 1.947908675265
0.22673 13.353032785424 1.949299189352
0.22973 13.220300734997 1.950515772356
0.23273 13.102012307298 1.951589580773
0.23574 12.995955737444 1.952544689779
0.23874 12.900356160122 1.953400009191
0.24174 12.813772428112 1.954170606297
0.24474 12.735022187456 1.954868639962
0.24775 12.663126544424 1.955504033527
0.25075 12.597268585879 1.956084968228
0.25375 12.536761882993 1.956618250825
0.25676 12.481026299923 1.957109591474
0.25976 12.429569243614 1.957563816517
0.26276 12.381971024386 1.957985033388
0.26577 12.337873377876 1.958376759809
0.26877 12.296970463030 1.958742026043
0.27177 12.259001843348 1.959083456578
0.27477 12.223747102151 1.959403335977
0.27778 12.191021860792 1.959703662403
0.28078 12.160675055154 1.959986191510
0.28378 12.132587429907 1.960252472753
0.28679 12.106671290223 1.960503879730
0.28979 12.082871671710 1.960741635854
0.29279 12.061169234117 1.960966836441
0.29580 12.041585399344 1.961180468198
0.29880 12.024190575753 1.961383427084
0.30180 12.009116825585 1.961576535660
0.30480 11.996577186843 1.961760561419
0.30781 11.986895281012 1.961936238383
0.31081 11.980551455017 1.962104295803
0.31381 11.978256304840 1.962265501006
0.31682 11.981071493281 1.962420730029
0.31982 11.990615728365 1.962571094140
0.32282 12.009431997765 1.962718183587
0.32583 12.041678679019 1.962864571915
0.32883 12.094518927186 1.963014943543
0.33183 12.181153180819 1.963178855547
0.33483 12.328171740711 1.963378316896
0.33784 12.596053899558 1.963671939002
0.34084 13.148695507645 1.964249728545
0.34384 14.571649960049 1.965944572117
0.34685 20.357331681296 1.975109038390
0.34985 96.046639767063 2.166376576253
0.35285 32.590437433382 2.097582744283
0.35586 21.945478469623 2.298132683341
0.35886 21.097076400125 2.535054006750
0.36186 20.339511142456 2.651677262729
0.36486 19.732945150972 2.720992651922
0.36787 19.248937304858 2.767025857563
0.37087 18.855005797171 2.799794525221
0.37387 18.527467683216 2.824253037940
0.37688 18.249876419113 2.843146036644
0.37988 18.010708468219 2.858122450663
0.38288 17.801717288546 2.870235317587
0.38589 17.616865908670 2.880190030713
0.38889 17.451639454232 2.888477626073
0.39189 17.302595589768 2.895450907353
0.39489 17.167064216700 2.901370167097
0.39790 17.042942376590 2.906431820428
0.40090 16.928551161789 2.910786982833
0.40390 16.822533895187 2.914553894614
0.40691 16.723782348723 2.917826451449
0.40991 16.631382391943 2.920680197825
0.41291 16.544573340062 2.923176624515
0.41592 16.462717128935 2.925366306323
0.41892 16.385274690790 2.927291230519
0.42192 16.311787485906 2.928986550242
0.42492 16.241863181617 2.930481922520
0.42793 16.175164150645 2.931802541564
0.43093 16.111398375566 2.932969946011
0.43393 16.050312046344 2.934002655392
0.43694 15.991683594544 2.934916677353
0.43994 15.935318790445 2.935725914856
0.44294 15.881046712194 2.936442496040
0.44595 15.828716403496 2.937077043291
0.44895 15.778194093900 2.937638894349
0.45195 15.729360865568 2.938136285128
0.45495 15.682110693470 2.938576501852
0.45796 15.636348788031 2.938966008407
0.46096 15.591990188300 2.939310553465
0.46396 15.548958565991 2.939615261113
0.46697 15.507185198493 2.939884707889
0.46997 15.466608099633 2.940122988594
0.47297 15.427171257125 2.940333772641
0.47598 15.388823994695 2.940520352704
0.47898 15.351520410793 2.940685686733
0.48198 15.315218899728 2.940832434379
0.48498 15.279881740729 2.940962988821
0.48799 15.245474744217 2.941079504520
0.49099 15.211966951315 2.941183921572
0.49399 15.179330378107 2.941277987213
0.49700 15.147539803859 2.941363274559
0.50000 15.116572595776 2.941441199848
0.50300 15.086408573461 2.941513036268
0.50601 15.057029901168 2.941579928945
0.50901 15.028421019234 2.941642904835
0.51201 15.000568608097 2.941702884646
0.51502 14.973461587738 2.941760691861
0.51802 14.947091152019 2.941817061348
0.52102 14.921450845107 2.941872647030
0.52402 14.896536685383 2.941928028885
0.52703 14.872347336647 2.941983719498
0.53003 14.848884345746 2.942040169359
0.53303 14.826152449069 2.942097772430
0.53604 14.804159972173 2.942156870984
0.53904 14.782919331688 2.942217759823
0.54204 14.762447683046 2.942280690401
0.54505 14.742767732021 2.942345874511
0.54805 14.723908775073 2.942413487932
0.55105 14.705908014844 2.942483673662
0.55405 14.688812260203 2.942556544998
0.55706 14.672680112634 2.942632188674
0.56006 14.657584817739 2.942710667833
0.56306 14.643618007105 2.942792025099
0.56607 14.630894684328 2.942876286004
0.56907 14.619559912958 2.942963462599
0.57207 14.609797938772 2.943053557938
0.57508 14.601844814444 2.943146571830
0.57808 14.596006123732 2.943242508202
0.58108 14.592682402189 2.943341386631
0.58408 14.592406250976 2.943443258570
0.58709 14.595897865944 2.943548233553
0.59009 14.604150265648 2.943656522623
0.59309 14.618564045935 2.943768512883
0.59610 14.641167840164 2.943884901063
0.59910 14.674993541738 2.944006946074
0.60210 14.724745484312 2.944136969905
0.60511 14.798062209586 2.944279417588
0.60811 14.908062780674 2.944443274237
0.61111 15.078939009987 2.944648114572
0.61411 15.359647270725 2.944941158971
0.61712 15.862678699948 2.945453645543
0.62012 16.899009902140 2.946634286626
0.62312 19.626011914146 2.950624294212
0.62613 31.681860425755 2.976899691090
0.62913 192.770883567960 3.691978559768
0.63213 53.580231568767 3.747913621614
0.63514 40.843751492497 4.264780633582
0.63814 36.528615377654 4.472700979492
0.64114 33.950684702266 4.582161616992
0.64414 32.175661298531 4.650399601646
0.64715 30.856372584503 4.697218434289
0.65015 29.825856558227 4.731387802734
0.65315 28.991947343298 4.757423678622
0.65616 28.298947718694 4.777902090639
0.65916 27.710934081555 4.794405831908
0.66216 27.203561635539 4.807964046298
0.66517 26.759676798438 4.819276421675
0.66817 26.366805824446 4.828836150837
0.67117 26.015638778957 4.837001406412
0.67417 25.699073659382 4.844038914426
0.67718 25.411591415266 4.850151596324
0.68018 25.148834565223 4.855496706628
0.68318 24.907315515416 4.860198084791
0.68619 24.684210037910 4.864354642812
0.68919 24.477208164731 4.868046376965
0.69219 24.284404739088 4.871338710205
0.69520 24.104217963109 4.874285684225
0.69820 23.935328143382 4.876932343063
0.70120 23.776631333255 4.879316538542
0.70420 23.627204232814 4.881470315580
0.70721 23.486277869016 4.883420987884
0.71021 23.353218404807 4.885191982543
0.71321 23.227514079005 4.886803510113
0.71622 23.108767840295 4.888273101809
0.71922 22.996695809212 4.889616044748
0.72222 22.891132371998 4.890845738933
0.72523 22.792043642604 4.891973994664
0.72823 22.699552444737 4.893011286106
0.73123 22.613980308471 4.893966975835
0.73423 22.535916062601 4.894849526661
0.73724 22.466328085233 4.895666723629
0.74024 22.406751656669 4.896425944000
0.74324 22.359611962230 4.897134549169
0.74625 22.328805793928 4.897800558995
0.74925 22.320808880326 4.898433990016
0.75225 22.346936028454 4.899049859124
0.75526 22.428381916507 4.899675788179
0.75826 22.608844251739 4.900374129599
0.76126 22.991546010584 4.901319121685
0.76426 23.875973629657 4.903146427087
0.76727 26.494063842589 4.909391484318
0.77027 41.539863207612 4.968973510120
0.77327 117.691540153298 6.155392648102
0.77628 59.962886172329 6.510620039554
0.77928 49.455467744183 6.627967219274
0.78228 44.647923902252 6.684303344287
0.78529 41.717017719325 6.718528335058
0.78829 39.682664018420 6.741935278508
0.79129 38.159871751908 6.759138620936
0.79429 36.961801572669 6.772411952060
0.79730 35.985194250202 6.783018370218
0.80030 35.167670540686 6.791721310508
0.80330 34.469010930057 6.799012085740
0.80631 33.861957107109 6.805222648108
0.80931 33.327290530217 6.810586174784
0.81231 32.851018981804 6.815271758213
0.81532 32.422680359427 6.819405318998
0.81832 32.034274360300 6.823082761979
0.82132 31.679564548184 6.826378554967
0.82432 31.353607980218 6.829351496891
0.82733 31.052429583337 6.832048700377
0.83033 30.772791416867 6.834508405917
0.83333 30.512025769086 6.836762011516
0.83634 30.267912237508 6.838835563275
0.83934 30.038585687628 6.840750868070
0.84234 29.822466354021 6.842526336325
0.84535 29.618206036975 6.844177628892
0.84835 29.424646168155 6.845718159558
0.85135 29.240784869623 6.847159489768
0.85435 29.065750583455 6.848511641754
0.85736 28.898781139423 6.849783349345
0.86036 28.739206603990 6.850982260537
